0.0007668198,-6.73519e-05,-0.0011003117
0.0001034476,-0.0002621936,0.0011432724
8.33085e-05,0.000674146,0.0002894165
0.000743019,0.0005281674,-0.0004527484
-0.0005123229,0.0001861256,0.0009540692
0.0003542719,1.81586e-05,-0.0001164549
0.0007845179,0.0004634238,-0.0006645339
-0.0008339394,0.0006796431,0.001331255
0.0002450321,0.00022827,-0.0002916205
0.0010707383,-0.0005126171,-0.0001890845
-0.0008253955,0.0001177172,0.000741063
0.0004677836,0.0007969146,-0.0001054689
0.0006227942,0.0001940658,0.0004035488
-0.0005648068,-0.0002621936,0.0005475874
0.0007857384,-6.73519e-05,-0.0004472554
0.0002584583,0.0007645427,0.0002302142
-0.000694796,0.0008402806,0.0008570262
0.0010084899,0.000141538,-0.0007096986
0.0005074517,-0.0002707446,0.000719091
-0.0007393463,0.0005672579,-0.0001066896
0.0008504279,0.0006338339,4.04007e-05
0.0004982975,8.59562e-05,0.0011017698
-0.0001308991,-0.000362363,-0.0002415732
0.000694807,0.0001775745,-0.0003367851
-0.0001431047,0.000729117,0.0010535535
0.0001675268,0.0001164956,0.0001948149
0.0006899248,-3.74232e-05,-0.0009867898
5.76768e-05,0.0003192776,0.0015827122
-0.0001485972,0.000685751,-0.0004692274
0.0004146894,3.58715e-05,-0.0002214322
9.5514e-05,0.0001598616,0.0008283406
0.0003512205,0.0003925722,-8.96002e-05
0.0001132121,0.0006155102,-1.81913e-05
-0.0001553102,0.0002655281,0.0008216269
0.0004696144,-0.0002628044,-0.0005284297
3.9723e-06,0.0002459829,0.0001704016
0.0001229765,0.000494574,0.0009833652
0.0001345718,9.14533e-05,-0.0007603562
4.97432e-05,0.0001219927,0.0002900269
0.0003463383,0.0002093355,0.000675147
0.0003170449,0.000263085,-0.0002690381
2.83835e-05,0.00060757,0.0004352861
0.0004525267,0.000103669,0.0008130823
0.0001150429,6.45785e-05,-0.0007670699
0.0002718844,0.0004994603,0.0006611093
0.0003524411,0.0006991883,0.0006885743
0.0001083299,0.0002930136,-0.0004063631
0.0003414561,1.20507e-05,0.0001734533
0.0003469486,0.0001287114,0.0005622354
3.02143e-05,0.0004854122,-5.90836e-05
0.0002877516,0.0003418767,0.0004096521
0.0004525267,0.0002099463,0.0002900269
4.73021e-05,0.0002954568,-0.0002598832
0.0002511349,0.0004005125,0.0005060848
0.0003799036,-1.9975e-06,0.000665992
-2.77621e-05,0.0002172758,-0.0006327966
0.0001492185,0.0002172758,0.0004725164
0.0002706638,0.0005587068,0.0005665077
0.0002084155,1.38831e-05,-3.5433e-06
6.01179e-05,-9.05619e-05,6.42037e-05
0.0003072805,0.0003675299,0.0003437362
1.49573e-05,0.0008134059,-3.89426e-05
0.0001907174,0.000459759,0.0004914368
0.0002114669,0.0001140525,-0.0002287562
-1.12846e-05,0.0001354301,-5.11493e-05
3.75376e-05,0.0005281674,0.0003242055
0.0003701391,0.0004023449,3.12457e-05
5.27946e-05,5.72491e-05,0.0002747686
0.0002834797,5.11412e-05,0.0004053798
0.0001345718,0.0002258268,-0.0001475819
6.50001e-05,0.0001555861,0.0004731268
0.0004525267,0.0003070618,0.0003492292
0.0004317772,0.00027469,0.000116082
-0.0001754494,0.0001867363,0.0003956145
0.0004824303,0.0002068924,7.58e-05
0.0002285546,0.0002209405,-4.44356e-05
-6.98713e-05,0.0004542619,0.0004804508
0.0007326443,0.0005782521,0.0003803562
0.0001840043,0.0001146632,-3.5433e-06
-0.0002236614,-0.0001351495,0.0003272572
0.0005562739,0.0002972892,-0.0001811502
0.0002694433,0.0006784215,0.0006434097
-0.0001260169,0.000526335,0.0004273518
0.0007515629,-0.0002438699,-3.22289e-05
-0.000172398,-0.0002963978,4.2842e-05
-0.0001144216,0.000486023,0.0003467879
0.0007546143,0.0007297278,0.0001575846
-0.0002016914,0.000248426,0.0003309192
0.0001693577,-0.0001149934,7.15277e-05
0.0005318628,-0.0002511994,2.75837e-05
-0.0004848603,0.0003406552,0.0004743474
0.0004165203,0.0007132365,-1.0257e-05
0.0005593253,0.0004383814,0.0001063166
-0.0004793678,0.0005220595,0.0004011075
0.0005251497,-5.14714e-05,7.33587e-05
0.0004043147,-0.0004136692,-4.38253e-05
-0.0005684684,0.0004548727,0.0003040645
0.0008315093,0.0008860897,0.0002564586
0.0003573233,0.0002349887,0.0005042538
-0.000499507,1.32723e-05,5.5659e-05
0.0009596677,-0.0003837406,0.0001441573
4.66918e-05,-0.0001565271,0.0004377275
-0.0004110167,0.0009074674,-0.0002324182
0.0010475477,0.0005910787,0.0002912475
-8.14666e-05,-4.47527e-05,0.0004700751
-0.0001254066,-0.0001577487,-0.0005589463
0.0007918412,0.0001311545,0.0002723272
-0.0002688219,0.0007804233,0.0009278249
0.0002657816,0.000506179,-0.0004515277
0.0006636828,-6.06332e-05,0.0003718115
-0.0004128475,0.000239875,0.0003876802
0.0001962099,0.0003040078,-0.0005009647
0.0006929762,0.0003626436,0.000706274
-0.0001815522,0.0002490368,0.0004517651
0.0002163491,0.000115274,-0.0006511066
0.0001504391,0.0002435397,0.000684302
-0.0001296786,6.15246e-05,0.0005915314
0.0005794645,-0.000107664,-0.0006651443
0.0002724947,0.0003711946,0.0007056637
-0.000356702,0.0008775387,0.0003254262
0.0006185223,0.0001641372,-0.000457631
4.54712e-05,-0.000191342,0.0003968352
-0.0002499033,0.000636277,-0.0001555162
0.0006270662,0.0007920282,-4.01633e-05
-0.0001553102,0.000239875,0.0008600779
0.000209636,-0.0004234419,-0.0001488025
0.0004775481,-0.0003422069,-0.0004033114
-0.0002407491,0.000540994,0.0011249624
0.0004067558,0.0003394336,0.0001728429
0.0006795501,-4.04772e-05,-0.0002165495
-0.000231595,1.81586e-05,0.0007581523
0.0002883619,0.0008610474,-0.0003996494
0.0004165203,0.0006655949,0.0002259419
-0.0001351711,0.0003095049,0.0005060848
0.0006246251,-3.37585e-05,-0.0003019961
7.11029e-05,0.0005153408,-8.83796e-05
-0.0002035222,0.0006216181,0.0008619089
0.0005672589,0.0001574185,-0.0002409628
0.0003463383,-0.0001705752,0.0004493238
-0.0002254922,5.11412e-05,0.0002601206
0.0001608138,0.0001946766,-0.0003526538
0.0001687474,0.0001757421,0.0005890901
0.0001199252,4.99196e-05,6.6645e-05
0.000264561,0.0003510386,-0.0003026065
8.33085e-05,0.0006692597,0.0005390427
-4.97321e-05,0.0001201603,0.0002308246
0.0003085011,-6.06332e-05,-0.0004533587
0.0002370985,0.000396237,0.0006159447
9.36832e-05,0.0008616582,0.0003504498
0.0001577624,0.0004951848,-0.0001854225
0.0002523555,-0.0003837406,0.0005897004
0.0001687474,-0.0001204905,-2.85669e-05
0.0001205354,0.0005654255,-0.0001365959
0.0001040579,0.0006894157,0.0007984343
0.0003042291,-0.0001992823,0.0001819979
0.0003005674,-9.05619e-05,-0.0005247677
8.33085e-05,5.60275e-05,0.0010212058
9.12421e-05,0.0006723136,-5.78629e-05
0.0005831262,0.0001580293,-6.57973e-05
0.0001357924,0.0001122201,0.0005207328
0.0002047538,0.0004689209,0.0001557536
0.0003219272,0.000604516,-0.0002995548
4.0589e-05,-0.0002108873,0.0009687172
7.96468e-05,0.0001543645,-0.0006761303
0.0005227086,0.0005269458,0.0002979612
-0.0002633294,0.0005990189,0.0007215323
0.0002078052,-0.0001272092,-8.41072e-05
0.0006349998,-0.0004185556,-3.28393e-05
-0.0002462416,0.0001531429,0.0004633615
8.8801e-05,0.0009728218,-1.94119e-05
0.0006264559,0.0003376012,0.0004035488
-0.0002999461,-0.00048391,0.0003394639
0.0001693577,5.41951e-05,-0.0006730786
0.0005843467,0.0006613194,0.0005976347
-0.0005049995,0.0006491036,0.0004542065
0.0005123339,0.0004133391,-0.0006553789
0.0006362203,-3.31477e-05,0.0006983397
-0.0006050851,0.0003247747,0.0002906372
0.000514775,5.23628e-05,-0.0004478657
0.0003078908,-0.0001314847,0.0008985289
-0.0002560061,0.0003461523,0.0001642983
0.0007521732,0.0003394336,-0.0003227475
-0.0001125908,0.0002942352,0.0008210166
-9.4538e-06,-2.15427e-05,5.32177e-05
0.0008400532,-0.0001351495,-0.0003917151
-0.0003109311,0.0007950822,0.0008558056
0.0001071093,0.0008494424,-0.0001060792
0.0005788542,0.0001281006,-0.0003172545
-0.0001199141,-0.0001180474,0.0008045376
0.0003402355,0.0001177172,-0.0002507282
0.000334743,0.0002801871,0.0001752843
-0.0002376978,0.0004005125,0.0006226584
0.0006252353,-6.67411e-05,-5.17596e-05
2.71629e-05,0.0001000043,5.87107e-05
2.35012e-05,0.0001610832,0.0007850069
0.000202923,0.000106723,-0.0003306818
0.000213908,8.59562e-05,0.0003760838
0.0001193149,0.0005855816,0.0001203543
0.0002444219,0.000662541,3.30767e-05
9.61243e-05,0.0004676993,0.0003394639
0.0002956852,-0.0004038966,0.0001917633
6.50001e-05,1.75478e-05,-0.000541857
0.0001913277,0.0007547701,0.0005750524
0.0001852249,0.0006967452,0.0004450515
0.0002175696,-0.0001430897,-0.0003752361
0.0002804283,-0.0002652475,0.0002106836
-5.33938e-05,7.1908e-05,0.0003675392
0.0001962099,0.0003705838,-2.67359e-05
0.0003872269,-3.8298e-06,0.0003235952
-5.33938e-05,0.0004035664,-5.66423e-05
0.0005605459,0.0003559249,0.0003827975
0.0001321307,4.44225e-05,0.0002991819
-8.8435e-06,2.12125e-05,1.04944e-05
0.0005105031,0.0003540925,0.0001935943
0.0001608138,0.0005868031,0.0005756627
-9.97749e-05,0.0007217875,-0.0003251888
0.000672837,0.0001274898,0.0004224691
-5.76657e-05,-0.0001791263,0.0004444411
0.0002297752,0.0003021755,-0.0004118561
0.0002877516,0.0004939632,0.0004566478
-9.79441e-05,0.0003565357,0.0005872591
0.0004769378,0.0001598616,-0.000596787
0.0001638652,-6.73519e-05,0.0004841128
-0.0002120661,0.000329661,0.0005561321
0.0006533081,0.0002264376,-0.0004149077
-3.6306e-05,0.0001543645,0.0005414841
0.0001003963,0.0002985107,0.0002930785
0.0005892289,0.0004902985,-0.000530871
-0.0001376122,0.0002111679,0.0009400315
0.0001138224,0.0002899597,-2.49049e-05
0.0007546143,-2.39859e-05,-5.17596e-05
-0.0003365628,0.0005629824,0.0004365068
0.0001846146,0.0003308825,0.0002619516
0.0005501711,8.10698e-05,-0.0002940618
-0.0001681261,8.96209e-05,0.0007020017
0.0002407602,0.000769429,-0.0002019015
0.0006447642,0.0002667497,0.0008014859
-0.0002328155,-0.0001650781,0.0004334551
0.000279818,-4.90282e-05,-0.0007652389
0.0003054497,0.0006118455,0.0006299824
-5.33938e-05,0.0005568745,0.0009186699
0.0006087578,-0.0002994517,-0.0007200742
-0.0001254066,-0.0002066118,0.000103265
-0.0002291539,0.0007242307,0.0007160393
0.0008559204,0.0003143912,-0.0003227475
-0.0002474622,-5.20822e-05,9.411e-05
0.0002065846,0.0004896877,0.0002509656
0.0006777192,0.0005971866,-4.26046e-05
-0.0004549567,0.0005416048,0.0002985715
0.0005385759,-8.38432e-05,0.0001520916
0.0004555781,-0.0001516408,-5.96939e-05
-0.0006593999,0.0008018009,0.0003803562
0.0008601924,0.0001421487,0.0004822818
0.0002486938,-0.0002231031,-0.0002073945
-0.0002291539,0.0001604724,0.0005561321
0.0005794645,0.0004041772,3.49077e-05
-2.5321e-05,-1.36024e-05,0.0003766942
-0.0001028263,0.0002978999,-0.0003142028
0.0007875693,8.29022e-05,0.0003382432
-0.0003652459,0.0007193444,0.0003760838
0.0004000428,0.000439603,0.0002289936
0.0006136401,-0.0001601918,3.918e-05
-0.0004891323,0.0002087247,7.82413e-05
0.0005056208,0.0006350555,0.0002277729
0.0007832973,0.0001568077,0.0007068843
-0.000602644,-1.23809e-05,-7.80039e-05
0.0006636828,0.0002557555,-0.0003569261
0.0003384047,0.000161694,0.0010511121
-0.0005562629,0.0005923002,-0.0002903998
0.0009877405,-1.17701e-05,-8.59382e-05
-0.0001180833,5.05304e-05,0.0006482924
-0.0003451067,0.000569701,-0.0002366905
0.0010664663,0.0001592508,6.05417e-05
-0.0004036934,0.0002093355,0.0008002653
5.88974e-05,0.0003345473,-0.0003026065
0.0007948926,0.0001769637,-0.0001890845
-0.0005361237,0.0003143912,0.0011219108
0.0003774625,0.0003504278,-0.0005131713
0.0006710062,3.34283e-05,0.0003266469
-0.0006172907,0.000462813,0.0004633615
0.0006264559,0.0002160542,-0.0001890845
0.0003817344,0.0001665803,0.0002765996
-0.0004360381,-8.87295e-05,0.0008960876
0.0008095393,-0.0001357602,-0.0005424673
0.0001833941,0.0002704144,0.0005988554
-0.0002370875,0.0005715334,0.00066233
0.0006502567,0.0002801871,-0.0008049105
0.0003133833,0.0004225009,0.00068064
-0.0001705672,0.0003272178,0.000616555
0.0006093681,0.0001244359,-0.0007261776
0.000106499,0.0002807978,0.0004548168
-7.10919e-05,0.0005043466,0.0005140191
0.0009016913,0.0001055014,-9.99759e-05
-0.0001778905,0.0002753007,0.000141716
6.92721e-05,0.0001671911,0.0004804508
0.0005538328,2.73204e-05,-0.0002952825
0.0001339615,0.0001195496,0.0007422836
-0.00017667,0.0001226035,-3.03979e-05
0.0005965523,0.000494574,-0.0002934515
-0.0002041325,0.0003644759,0.0008033169
0.0001772913,0.0003644759,-0.0001933569
0.0004964667,0.000161694,-9.38726e-05
-0.0003780617,0.0003510386,0.0005951934
0.0003274197,7.55727e-05,0.0001484296
0.0003591541,0.0002423181,-0.0004417624
-0.0002614986,0.0004976279,0.0008710639
0.0003927194,0.0003321041,0.0001423263
0.0004262847,-0.0004045074,-5.60319e-05
-0.0003652459,-0.0003703032,0.0002717169
0.0003512205,0.0005452695,-0.0001042482
0.0004549678,0.000592911,0.0006006864
-9.42824e-05,0.0002869057,0.0001984769
0.0005550534,5.332e-06,1.187e-07
0.0002352677,0.0001561969,0.0001801669
-7.29227e-05,6.94649e-05,0.0006525647
0.0005776337,0.0002960676,-0.0002342492
0.0002627302,0.0005006819,0.0004316241
7.634e-06,0.0008164598,0.0003296985
0.0004677836,0.0003882967,-0.0001329339
0.0003261991,-0.0003794651,0.000739232
3.3876e-05,0.000138484,-0.0001872535
0.0003042291,0.0008085195,-0.0002659865
-0.0001553102,0.0009092997,0.0007148186
0.0006392717,-0.0002035578,0.0003541118
0.0001736296,-0.0004136692,-0.0007109192
-0.0004689931,0.00027469,0.0007105463
0.0005184367,0.0006723136,0.0003541118
0.0003756316,-0.0001253768,-6.27456e-05
-0.0004354278,0.0001812392,0.0003187125
0.0006960276,0.0002771331,0.0003473982
-0.0001485972,0.0002478152,2.94147e-05
0.0001516596,0.0003406552,0.0004456618
0.000672837,0.0002203297,3.42974e-05
-0.0003670767,0.0005568745,0.0002527966
0.0001943791,0.0005043466,0.0001447676
0.0006893145,-0.0002939546,0.0001331713
-0.0003847748,5.23628e-05,-1.69706e-05
0.0005873981,0.0008103519,0.0001203543
0.0003042291,0.0006460497,0.0005817661
-0.0001608027,-0.0002133305,0.0002802616
0.0007143359,-0.0004228311,-0.0005497913
0.0001614241,0.0002801871,0.000598245
-2.5321e-05,0.0007865311,0.0007013913
0.0009975049,1.44938e-05,3.61284e-05
-0.0001534794,4.1104e-06,-0.0003410574
-0.0001028263,0.0002911813,0.0004932678
0.0008785007,0.0005019035,0.0001520916
-5.46144e-05,0.0003125589,0.0001612466
-3.6306e-05,0.0003944046,-0.0001768779
0.0007192181,0.0004255548,0.0003260365
-0.00017667,0.0005232811,0.000138054
-5.1818e-06,3.95362e-05,0.0001301196
0.0006887042,-4.35311e-05,0.0003699805
-0.0003115414,0.0005141192,-4.764e-06
9.49038e-05,0.0002264376,0.0005750524
0.0005556636,-0.0002487562,0.0005091364
-0.0001186935,-0.0001937852,-0.0001146239
-5.21732e-05,0.0003241639,-0.0001109619
0.000422623,0.000662541,0.0006074
4.97432e-05,0.0003406552,0.0002204489
0.0001724091,-0.0001308739,-0.0002629348
0.0002053641,0.000106723,0.0002131249
6.80515e-05,0.0008360051,0.0001594156
0.0004616808,0.0004237225,0.0003699805
6.19487e-05,0.0002264376,-0.0001646712
0.0002639508,0.0003369904,6.90863e-05
0.0003426766,-7.16274e-05,0.0004627511
7.17132e-05,-0.0001589702,0.0001728429
0.0002816488,0.0002178866,-0.0003563158
0.0003927194,0.0005501558,0.000744725
-2.1304e-06,0.0007706506,0.0001856599
0.0005873981,-0.0003788543,0.0001789463
8.69701e-05,-0.0005926304,0.0002338762
-0.000117473,0.0002496476,0.000108758
0.0006075373,0.0010699372,0.0002283832
0.0001925482,0.0002527016,0.0009980132
-0.000124186,0.0003748594,-0.001186979
0.0005129442,0.0002453721,0.0002912475
-0.0001974194,0.0004017341,0.0010468398
0.0002694433,0.0001305438,-0.000582139
0.000220621,0.0001348193,-0.0002495075
-0.000260278,0.0004530403,0.0012055264
0.0005123339,0.0002239945,-0.0002983341
0.0003945503,-0.0005095631,0.0002546276
-0.0004464128,-0.0003776327,0.0009851962
0.0007436293,0.0003204991,-0.0005973973
1.00751e-05,0.0007303386,0.0003870698
-0.0002700425,0.0007504946,0.0005329394
0.000982248,0.0003473739,-0.0006376793
-6.4024e-06,0.0002636958,0.0003657082
-0.0002816378,0.0004909093,0.0003339709
0.0010048282,0.0004316627,-0.0004545794
-0.0002084044,0.0003131697,0.0008258993
0.0003030086,7.12972e-05,0.0005591837
0.0007686507,-1.23809e-05,-0.0005296503
-0.0003243572,0.000103669,0.0011890474
0.0002511349,-6.8838e-06,0.0002131249
0.0008522588,-0.0002640259,-0.0002879585
-0.0005123229,0.0005025143,0.0006409684
0.0003432869,0.0006185642,-4.56563e-05
0.0004409314,0.0003046186,-0.0002739208
-0.0001955886,0.0001678019,0.000697119
0.0005404067,0.0003602004,-0.0003380058
-8.32974e-05,0.0005428263,-6.94593e-05
-0.0002004708,0.000595965,0.000744725
0.0008583615,-0.0004472626,-0.0004368797
-0.0002279333,8.96209e-05,-2.36843e-05
1.5312e-06,0.00051473,0.0011713477
0.0006160812,-8.62863e-05,-0.0003611984
-0.0002529547,-0.0004637539,0.0001948149
0.0003219272,7.92375e-05,0.0005506391
0.0005831262,0.0003040078,0.000121575
-0.0005660273,0.0007309493,-6.82386e-05
0.000710064,0.0003278286,0.0005860384
0.0005391861,0.0001580293,-0.0003062685
-0.0006606204,0.0005990189,0.0002973509
0.0007234901,0.0004286088,0.0002418106
0.0003774625,-2.27643e-05,-0.0001744365
-0.0007161557,0.0006729244,-2.36843e-05
0.0010335113,0.0004017341,0.0006958983
1.73984e-05,-1.651e-07,9.2737e-06
-0.000554432,-0.0003428177,5.87107e-05
0.0011586183,-0.0003153322,0.0003168815
-0.000102216,-3.62016e-05,0.0005292774
-0.0004488539,0.0009044134,-2.91773e-05
0.0015296673,-1.54348e-05,0.0008197959
-0.000503779,4.44225e-05,-6.27456e-05
-3.08135e-05,0.0002136111,9.28893e-05
0.0010036077,0.0007016315,0.000145378
-0.0005049995,0.0007779801,0.0004963194
0.0002584583,0.0006771999,-0.0002788035
0.0013526867,-1.23809e-05,0.0007166496
-0.0012202453,0.0003455415,-0.0002427938
0.0006240148,0.0002875165,0.000119744
0.0009700424,-0.0002078334,0.0009632242
-0.0010060378,-0.0001082747,-0.0004954717
0.0004824303,0.0002093355,-0.0003447194
0.0006478156,0.0002013953,0.001325762
-0.0007637574,-0.0001705752,-0.0003380058
0.0008083187,-0.0003037272,-0.000609604
0.0001473877,0.0010137446,0.0009400315
-0.0004976762,0.0010345115,-6.64076e-05
0.000949293,-0.0002286002,-0.0003038271
0.0003597644,-0.0001632458,0.0007795139
-0.0005892179,0.0007859204,-0.0005003544
0.0007924515,0.0008628798,0.0004212485
0.0001534904,0.0003589788,0.0006556163
3.14348e-05,-0.0001412573,-0.0004423727
0.000422623,-7.65137e-05,0.0002595102
-4.30191e-05,0.0005086221,0.0008350543
0.0002163491,-0.0003470932,-0.0001921362
0.0003121627,-0.0001950068,6.17623e-05
0.0001553213,0.0006466605,0.0009449142
0.0001126018,0.000286295,-0.0001115722
0.0004220128,-0.0003788543,0.0004322345
0.0001449465,4.38117e-05,-0.0001329339
0.0001083299,0.0009202939,0.00014904
0.0002047538,0.0011676635,0.0006434097
0.0003591541,0.0002606418,-0.0002159392
-1.67771e-05,-0.0004148908,-0.0004844857
0.0002169594,0.0005086221,0.0003199332
0.0003170449,0.0006790323,0.0007892793
-2.9593e-05,0.0001830716,-0.0003026065
0.0003329122,-0.0004454303,0.0004163658
0.0001016168,0.0001775745,-0.0001695539
-0.0001058777,0.0004689209,0.0003931732
0.0003591541,0.000239875,0.0002790409
0.0002712741,-1.23809e-05,-9.63139e-05
-4.60705e-05,0.0003314933,-8.426e-06
0.0001785118,0.0004108959,0.0005518597
0.0002621199,0.0002441505,0.0001588053
0.0003091113,5.96922e-05,0.0001301196
0.0002608994,0.0002136111,0.0001612466
0.0002181799,0.0009526657,9.65513e-05
0.0001748502,0.0003595896,0.00069895
0.0004836508,-0.0004619216,0.0001881013
0.0001052785,-0.0002255462,-0.0003611984
-8.87899e-05,0.0011420103,0.000125237
0.0006240148,0.0005202271,0.001208578
0.0002303855,-9.23942e-05,-0.0005534533
7.53749e-05,-0.0003367098,0.000127068
0.0002090257,0.000384632,0.0003602152
-4.0578e-05,0.0006949128,0.0002259419
0.0002706638,-2.6082e-06,8.25137e-05
0.0004464239,-0.000182791,7.45793e-05
-8.2332e-06,0.0005507666,-0.0002281458
6.07282e-05,0.0007016315,0.0004865541
0.0004799892,-7.46813e-05,0.0002491346
3.107e-07,7.74051e-05,-0.0007902625
-2.10491e-05,0.0009483902,0.0004462721
0.0003701391,0.0005794737,0.0007258046
4.60815e-05,-0.0005816362,-0.0003685224
8.4529e-05,-0.0002554749,-0.0001976292
0.0004134689,0.0009624384,0.0007819553
-2.34902e-05,0.0005904679,0.000649513
0.0002602891,-0.0003635845,-0.0001341546
0.0004195716,-0.0004881855,2.56e-06
-0.000444582,0.0006564331,0.0002045803
0.0005904495,0.0008750955,0.0007825656
0.0005873981,6.58001e-05,-6.57973e-05
-0.0003188647,-0.0002084441,-0.0001683332
0.0004799892,0.0009001379,0.0002778202
0.0006166914,0.0005324429,0.0008521436
-0.0001919269,-0.0002078334,-9.69242e-05
0.0006246251,0.0001000043,-0.0002983341
0.0003115524,0.0007920282,0.0005549114
-0.0001333402,0.0001946766,0.0005018124
0.0005471198,-0.0004503166,-0.0002232632
0.0003335225,-0.0001003345,-4.07736e-05
-0.0005843357,0.0008280648,6.17623e-05
0.0007576657,0.0010137446,0.0004944884
0.0005343039,-0.0002163844,0.0003040645
-0.0006203421,-0.0003208293,-0.0006981022
0.0004470342,0.0006014621,0.0003943938
0.000595942,0.0007657643,0.0008320026
-0.0005757918,6.15246e-05,-0.0003349541
0.0007143359,-4.9639e-05,-0.0001817605
0.000268833,0.0003589788,0.0007813449
-0.0005092715,0.0002252161,0.0001838289
0.0007857384,-7.89569e-05,-0.0002482868
7.0237e-06,0.0002117787,0.0005671181
-0.0003322908,0.0006246721,0.0002076319
0.0010518197,-9.54482e-05,0.0003583842
-0.0002126764,-0.0002432591,0.0003101679
-0.0002798069,0.00051473,-0.0004625137
0.0009242716,0.0009031918,0.0003687598
-0.00017667,0.0005122869,0.0009967925
0.0002505246,-0.0002243247,-0.0007713422
0.0004812097,-0.0003299912,-0.0001842019
-0.0002669911,0.0007413328,0.0009388109
0.000710064,0.0007303386,-8.22762e-05
0.0005153853,-5.75793e-05,0.0003455672
-0.0005165948,2.5488e-05,0.0005457564
0.0008687363,-5.63577e-05,-0.0003270198
0.0001193149,-8.50648e-05,0.0008759466
-0.0001418841,0.0007382788,0.0003242055
0.0009755349,0.0007046854,-0.0004374901
-0.0002627192,0.0004292196,0.0006647713
5.76768e-05,0.0001561969,0.0002015286
0.0008229654,-0.0002585288,-0.000571153
-0.0005910487,0.0004041772,0.0007624246
0.0002120771,0.0009544981,0.0001258473
0.0009444107,0.0003376012,-0.0002281458
-0.000775963,-6.55195e-05,0.0005689491
0.000209636,0.0001659695,-0.0004130767
0.0007930618,-0.0001400358,0.0004218588
-0.0007076118,0.0002869057,0.0004981504
0.0003908886,0.0003632544,-0.0003856117
0.0005745823,2.42665e-05,0.0004810611
-0.0005007276,-0.0001229337,0.0005860384
0.000721049,0.0001097769,-0.0005815286
0.0003689186,0.0005574853,0.0007489973
-0.0004476334,0.0007443867,0.0002906372
0.0009810274,0.0002343779,-0.000501575
0.0001620343,0.000341266,0.0005451461
-0.0002566164,0.0007388896,1.3394e-06
0.0007918412,0.0002551447,-0.0001915259
0.000165696,5.29736e-05,0.0009443039
0.0001180943,-0.0002017255,6.42037e-05
0.0004073661,-3.25369e-05,-0.0001555162
3.14348e-05,0.0003339365,0.0008265096
0.0003402355,1.87694e-05,-0.0001097412
0.0003835652,0.0003345473,-0.0001890845
-7.84152e-05,0.0006655949,0.0007489973
0.0001193149,5.84707e-05,-0.0004673964
0.0001650857,-6.42979e-05,-0.0003398368
0.0001602035,0.0008641013,0.0005274464
0.0001315204,0.0006234505,0.0001459883
0.0001345718,5.78599e-05,-2.06326e-05
0.0002847002,-0.0004246634,0.000629372
4.54712e-05,-1.66564e-05,-0.0002110565
-1.73874e-05,0.0007639319,0.0004450515
0.0003036188,0.0006057376,0.0006580577
0.0002615096,-8.32324e-05,-0.0001304926
-3.26443e-05,0.0001690235,-0.0001573472
0.0001046682,0.00051473,0.0005726111
0.0003768522,0.0003736378,7.2138e-05
0.0002877516,4.1104e-06,0.0001386643
0.0001498288,5.05304e-05,0.0004651925
0.0001571521,0.0006338339,-0.0003074891
8.75804e-05,0.0001671911,0.0005646767
0.0004171305,-1.97103e-05,0.0002985715
0.0004372697,5.332e-06,-0.0001677229
-0.0003475478,0.0003394336,9.10583e-05
0.000389668,0.0005831384,0.0002515759
0.0007009098,-1.60456e-05,0.0002857546
-0.0002968947,0.000138484,8.25137e-05
0.0005855673,0.0005605392,6.17623e-05
4.66918e-05,0.0007449975,0.0001246266
-0.0001266272,0.0001342085,0.0004816714
0.0007881796,-0.0002860143,-0.0003727948
-0.000260278,0.0004408246,0.0002717169
-3.93574e-05,0.000659487,0.0004047695
0.0009199996,-0.0002334865,9.65513e-05
-0.0004317662,-0.0003898485,0.0002656136
0.0002370985,0.0002618634,-0.0001207272
0.0004397108,0.0004121175,0.0005555217
-0.0003652459,0.0004249441,0.0004609201
0.0006801604,-0.0002053902,-0.0003135925
-7.10919e-05,0.0004872445,-9.14312e-05
-0.0001522588,0.0009422823,0.0010389055
0.0007442395,0.0002142218,-0.0002220425
-0.000150428,-0.0003141106,-0.0003575364
-5.1563e-05,0.0005086221,0.0005378221
0.0007442395,0.0006216181,0.0007904999
-0.0001040469,-0.0002157736,0.0001612466
0.0001559316,-0.000307392,-0.000459462
0.0006667342,0.0004035664,0.000704443
-5.88863e-05,0.0007682075,0.0005518597
0.0003335225,-0.0002121089,-4.916e-07
0.0001711885,-1.9975e-06,-0.0004063631
0.0001955996,0.0006552115,0.0004804508
7.11029e-05,0.0005562637,0.0001295093
0.0004641219,0.0002013953,0.0001551433
0.0004293361,0.0001097769,-1.0257e-05
-0.0003261881,0.0004182254,0.0001264576
0.000411638,0.0006802539,0.0002430312
0.0005056208,-0.0001986715,0.0004493238
-0.0004427512,-0.0002591396,-9.87552e-05
0.0005349142,0.0002215513,2.56e-06
0.0001650857,0.0003284394,0.000592752
-0.0003335114,0.0003821888,5.50487e-05
0.0007863487,0.0002142218,2.6363e-05
-0.000183383,0.0001122201,0.0006556163
-0.0002236614,0.0001726882,-0.0001671125
0.000901081,0.0001030583,5.13867e-05
-0.0005062201,0.0006466605,0.0003779148
0.0003451177,0.0007792017,-0.0001726055
0.0009938432,-4.35311e-05,0.0005158501
-0.0006014234,-0.0003183862,0.0003376329
0.0003683083,-8.1053e-06,-0.0006620926
0.0005092825,0.000459759,0.0006360857
-0.0003036078,0.0008384482,0.0005762731
0.0008229654,0.0002520908,-0.0005504017
1.06854e-05,-0.0003586982,0.0004505445
-0.0003579225,8.90101e-05,0.00011242
0.0009273229,-8.7161e-06,0.0001356126
-1.25052e-05,0.0006753675,0.0006031277
7.96468e-05,0.0006655949,0.0001264576
0.0006057064,0.0003876859,-6.33559e-05
7.7816e-05,-0.0002560857,0.0009638345
0.0001510493,2.2781e-06,-0.000470448
0.0002810385,0.0005434371,8.00723e-05
-7.65844e-05,0.0011737714,0.0006464614
0.0005751925,0.0001946766,2.20907e-05
5.70665e-05,-0.0001388142,-0.0003453298
5.09637e-05,-0.0001430897,0.0006885743
9.91757e-05,0.0002893489,-0.0002745311
5.64562e-05,0.0005214487,0.0003791355
0.0002108566,0.0004835798,0.0003138299
0.0001669166,-0.000229211,-7.49523e-05
-2.65416e-05,-0.0001437005,0.0002772099
0.0004744967,-5.45253e-05,0.0004053798
4.97432e-05,0.0003516494,-0.0001896949
0.0001705782,0.0010925364,0.0003193229
0.0005263703,0.0003968478,0.000631203
-1.98285e-05,-0.0001577487,-0.0004338281
0.0001559316,-1.29917e-05,0.0002265522
0.0006197428,0.0006454389,0.0004566478
-0.0001577513,0.0007718722,-0.0001536852
0.00035,0.0006265044,0.0002857546
0.0007234901,-1.66564e-05,0.000638527
-0.000400642,-0.0002298218,-0.0007072572
0.0002493041,4.07578e-05,0.0003077265
0.0007655993,0.0003333257,0.0010529431
-0.0004061345,0.0004793043,-0.000512561
0.0002712741,9.57288e-05,8.8617e-05
0.000530032,-0.0001620242,0.0005402634
-0.0004165092,0.0002374318,-0.0003508228
0.0003249786,0.0003461523,0.0001350023
0.0002920235,0.0005238919,0.0006318134
-0.0001595822,0.000682697,-0.0004637344
0.0003432869,9.38964e-05,0.0002534069
0.000220621,7.31296e-05,0.0006098414
-1.37257e-05,0.0001647479,-0.0001713849
0.0004293361,0.0002618634,0.0003254262
-0.0001321197,0.0003919614,0.0006885743
0.0002023127,0.0001952874,-0.0002604935
0.0003548822,-0.000194396,0.0003101679
-0.0001406636,0.0001433703,0.0003736425
0.0001205354,0.0004921308,-0.0004081941
0.0004982975,0.000129933,0.0006922363
-0.0001992502,0.0002355995,0.0001203543
0.0003805139,7.86267e-05,-0.0003904944
0.0002804283,0.0005074006,0.0004352861
-7.53638e-05,0.00053794,0.0002784306
0.0004464239,0.0002911813,-0.0005613877
0.0005001283,7.1644e-06,0.0008783879
-0.0003078797,0.0003186668,-0.0001164549
0.000541017,0.0002362103,6.05417e-05
0.0003268094,0.0001226035,0.0005524701
-3.87471e-05,0.0001250467,0.000154533
0.0004982975,0.0003168344,5.87107e-05
0.0002102463,8.3513e-05,0.0007380113
-8.26871e-05,0.0002343779,-0.0004442037
0.000573972,0.0003803565,0.0001038753
-3.02032e-05,0.0008610474,0.0006269307
0.0002309957,0.0001891795,2.57527e-05
0.0003261991,-0.0001962284,-3.22289e-05
2.41115e-05,-6.55195e-05,0.0006373064
3.14348e-05,0.00022827,-4.07736e-05
0.0004799892,0.0003889075,0.0006464614
3.63171e-05,0.0002551447,0.0003754735
0.0001205354,-0.0001522516,-0.0002446248
5.34048e-05,0.000373027,8.4955e-05
0.0003640364,0.0003650867,0.0006379167
-0.0001302888,0.0004469325,-0.0006468343
0.0002053641,0.0003040078,0.0002485242
0.0004690042,0.0002704144,0.0003205435
-0.0001693466,-3.219e-06,-0.0003569261
0.0001467774,0.0001891795,0.0003956145
0.0008492074,1.6673e-06,0.0007142083
-0.00026455,0.0002722468,-0.0004374901
0.0001797324,0.0003583681,0.0004249105
0.0006972481,0.0001855148,0.0005433151
3.57068e-05,-6.30764e-05,-7.86143e-05
0.0001034476,0.00027469,2.69734e-05
0.000666124,0.0004982387,0.0005555217
-0.0003817234,0.0007431651,-0.0003508228
0.0005056208,0.0001317653,0.0005671181
0.0005373553,-0.0001461437,0.0003199332
-0.0002639397,7.86267e-05,-0.0002232632
0.0002169594,0.0004560943,0.0003901215
0.0005922803,0.0002679713,0.00068064
-0.0002352566,-8.7161e-06,-0.0004802134
0.0004256744,0.0002013953,0.0001691809
-2.77621e-05,0.0006655949,0.0003333605
-0.0001809419,0.0003339365,-0.0002580522
0.0006142503,-0.0003141106,0.0002564586
-0.0001089291,0.0002136111,8.00723e-05
-0.0003341217,0.0006356663,-8.83796e-05
0.000672837,2.8889e-06,0.0004847231
4.4861e-05,-2.03211e-05,0.0001874909
0.0001595932,0.0001684127,-0.0001011966
0.0002883619,0.0004316627,0.0005420944
-4.97321e-05,0.0004133391,0.0001661293
0.0004055353,-5.14714e-05,-0.0002684278
5.70665e-05,8.90101e-05,0.0003565532
9.61243e-05,0.0008372266,0.0002021389
0.0003811241,0.0003125589,0.0001960356
-3.99677e-05,5.54167e-05,0.0001673499
0.0004067558,0.0001745206,0.0001966459
0.0001931585,0.0004640345,0.0001258473
-0.0001095394,0.0003357689,0.0007013913
0.0006252353,-0.0002909007,2.88044e-05
0.0001858352,-0.00017424,-0.0001408682
-0.0002084044,0.0005642039,0.0004651925
0.0006588006,0.000682697,0.0003327502
5.5846e-05,-0.0002548641,0.0003113885
-4.79013e-05,0.0001274898,-0.0004448141
0.0004903639,0.0003656975,0.0001899323
-0.000429325,0.0008946408,0.0005329394
0.0005068414,0.0003974585,0.0001478193
0.0004165203,-0.0003257156,-0.0004734997
-0.0005098817,8.29022e-05,0.0005085261
0.0005458992,0.0006203965,0.0002058009
0.0004409314,9.5118e-05,0.0002186179
-0.0005379545,0.0001922334,0.0001624673
0.0008632438,0.0004695317,3.918e-05
8.4529e-05,5.05304e-05,0.0005280568
-0.0005519909,-0.0002878467,0.0001551433
0.0011085755,-0.0002139412,3.5518e-05
4.24198e-05,0.0005196163,0.0004011075
-0.0006716054,0.0010632186,0.0002656136
0.0013655025,0.000627726,1.3394e-06
-0.0002773658,-0.0003116675,0.0007142083
-0.0002651603,8.22914e-05,-0.000626083
0.0010536505,0.0003547033,0.0002540172
-0.0004311559,0.0007999685,0.0009217215
0.0001650857,0.0003742486,-0.0004490864
0.0010670766,-0.0001375926,-1.102e-06
-0.0007021193,0.0003437091,0.0010810184
0.0003847858,-5.20822e-05,-0.0002458455
0.0006490362,-0.0001669105,-0.0001329339
-0.0007472799,0.00027469,0.0008002653
0.0006972481,0.0007364464,-0.0004875374
0.0005245395,6.3357e-05,0.0005225638
-0.0008919158,0.0002893489,-0.0001805399
0.0011500744,4.07578e-05,0.0001520916
0.000264561,0.0003968478,0.0004682441
-0.0007246996,0.0003827996,0.0003065059
0.000999946,0.0001714666,-0.0004680067
6.6831e-05,0.0002569771,0.0007856173
-0.0004415306,0.0007309493,-0.0001695539
0.0009694321,6.21354e-05,0.0001966459
-0.0001272374,-3.43693e-05,0.0006653817
-0.0004146784,0.0001122201,-0.0005485707
0.0008797213,0.0001561969,0.0003071162
5.52357e-05,0.0005171732,0.0009803135
7.96468e-05,1.87694e-05,-0.0003862221
0.0003622055,0.0001452027,-0.0002019015
8.39187e-05,0.0002301024,0.0010321918
0.0002322163,0.00022827,-0.0005424673
0.0001626446,0.0002783547,8.1293e-05
0.0001302999,0.0007504946,0.000633034
0.0004580192,0.0001952874,-0.0001048586
9.18524e-05,4.19794e-05,0.0001173026
0.0002157388,-7.10166e-05,0.0006519544
0.0001254177,0.0002728576,-0.0005735943
0.0002267238,0.00060757,0.000748387
0.0003274197,0.000260031,0.0004023282
0.000235878,-1.36024e-05,-0.0003923254
-0.0002407491,0.0005916895,0.0002607309
0.0004372697,0.0005159516,0.0006727057
0.0001858352,-0.0002713554,-0.0002922308
-0.0001119805,8.90101e-05,-0.0001195066
0.0005031797,0.0002264376,0.0009449142
-0.0001571411,0.0004585374,-0.0003251888
0.0003023983,0.000141538,0.0005524701
0.0006295073,4.99196e-05,1.3394e-06
-0.0004836398,8.04591e-05,0.0001099786
0.0002822591,0.0003284394,0.0002167869
0.000885824,-0.0001070532,0.0003296985
-0.0006447532,0.0006423849,-0.0005925146
0.0006722267,0.0009355637,0.0008521436
0.0006533081,0.0002227729,0.0003992765
-0.0006032543,-0.0002450915,-0.0003764568
0.0007070126,-0.0002340973,0.0003870698
0.0003481691,0.0007199551,0.0002918579
-0.0004104064,0.000784088,0.0003358019
0.0010176441,0.0002239945,0.0001832186
0.0003085011,-0.0006335533,0.0006373064
-0.000793661,0.0002508692,-0.0008781505
0.0010554813,0.0002991215,0.0008796086
3.69273e-05,0.0008280648,0.0002656136
-9.5503e-05,0.0004005125,-0.0001280512
0.0007314237,-5.02498e-05,0.000145378
-0.0001785008,-0.0001186582,0.0006763677
-0.0001089291,0.0001250467,-0.0005522327
0.0007570554,0.0003791349,0.0006098414
-0.0002431903,0.0008323403,0.0005665077
0.0001772913,0.000341266,-0.0006163176
0.0005251497,-0.0003544227,0.0010193748
-0.00019864,-8.07892e-05,-5.48113e-05
-1.4336e-05,0.0003736378,-0.000607773
0.0003774625,0.0009642707,0.0009717688
1.80087e-05,0.0004866337,0.0004304035
0.0002151285,-0.0003153322,-0.0010337854
0.0001193149,-0.0001516408,0.0007276356
0.0001449465,0.0005666471,0.0004395585
0.0002114669,0.0004536511,-0.0002806345
0.0003664775,-4.1088e-05,0.0008747259
-4.91219e-05,0.0002643065,-0.0004319971
0.0004256744,0.0002704144,0.0003553325
0.000154711,0.0002380426,0.0008081996
0.0002340471,1.26615e-05,-0.0002385215
0.0002474733,0.0004053988,-9.75346e-05
0.0001785118,0.0005794737,0.0009278249
4.42507e-05,0.0003705838,-0.0005571153
0.00054773,2.30449e-05,0.0002112939
0.0001138224,0.000318056,0.0005805454
-3.56957e-05,0.0005275566,-0.0001042482
0.0004604603,8.77885e-05,0.0004883851
9.91757e-05,-0.0005791931,0.0006794193
-0.0002596678,0.0001543645,-0.0009751934
0.0004616808,0.0007217875,0.0009693275
0.0002639508,0.0004218901,0.0008979185
0.0001205354,-0.0002267678,-0.0008549578
0.0001296896,0.0001476458,0.0002027493
5.09637e-05,0.0008848682,0.0008698432
0.0002163491,0.0008005793,-0.000582139
0.0003445075,-0.0001345387,0.0006086207
0.0001864455,-0.0001882881,0.0003504498
9.91757e-05,0.000361422,-0.0004277247
8.39187e-05,0.0004579267,0.0009278249
0.0003432869,2.91528e-05,0.0002466932
0.0003292505,-7.04058e-05,-0.0006028903
-6.01069e-05,0.0004780827,0.0006836917
0.0002651713,0.0002417074,0.0005994657
0.0003316916,-0.000116215,-0.0005516223
0.000165696,0.0002178866,0.0004108728
0.0002395396,0.0008347835,0.0003644875
0.0003121627,0.0006051268,4.8335e-05
0.0002181799,-0.0003086135,0.0003547222
0.0002352677,6.3357e-05,-0.0002696485
0.0003341327,0.0007370572,0.0003461775
-3.20341e-05,0.0007156796,0.000739232
0.0004586294,-0.000373968,9.65513e-05
0.0002438116,-0.0006500446,-0.0003947667
-3.56957e-05,0.0004102851,0.0007489973
0.0003976016,0.0009465579,0.0004963194
0.0003292505,1.08291e-05,0.0001429366
-0.000102216,-0.0001424789,5.32177e-05
0.000448865,0.0003101157,9.71617e-05
-0.0002590575,0.0006497144,0.0001881013
0.0001205354,0.0005019035,0.0003284779
0.0008205243,8.53454e-05,0.000156364
-0.0003493786,0.0001555861,-0.0001970189
-0.0002541753,0.0006326123,0.0002173973
0.0009102352,4.99196e-05,0.0005524701
-0.0003335114,-0.0005120063,-0.0001896949
-7.71946e-05,0.0005751981,-0.0003660811
0.0006734473,0.0007785909,0.0010859011
-0.0002584472,-0.0002322649,0.0003626565
0.0001730193,-0.0004802452,-0.0008177275
0.0006679548,0.0001659695,0.0008869326
-0.0004494642,0.0010461165,0.0005127984
0.0005336936,0.0004957956,6.222e-06
0.0007094537,-0.0005333839,0.0005512494
-0.0004482437,0.0001476458,-0.0002171598
0.0003304711,0.0014461833,-0.0002495075
0.0006600212,0.0006924696,0.0016498488
-0.0001827727,-0.0004234419,-0.0008256618
0.0004073661,-2.76506e-05,-0.0010057101
8.69701e-05,0.0007578241,0.0017554364
-0.0001290683,0.000549545,-0.0002073945
0.0008144215,-0.0006421043,-0.0007859902
-5.70555e-05,-0.00017424,0.0010810184
-0.000187655,0.0004139499,0.0001429366
0.00054773,0.0001671911,-0.0003209165
-2.34902e-05,-0.0002640259,0.0011573101
9.67346e-05,0.000674146,-0.001064302
0.0005349142,0.001018631,0.0004786198
-0.0003139825,0.0007077394,0.0010730841
0.0004384903,-0.0006017923,-0.0010014377
-3.9613e-06,4.93088e-05,-0.0003557054
-0.0001461561,0.0013075342,0.0016144495
0.0005172161,0.0006649841,-0.0004142974
0.0002523555,-0.0007984663,0.0002741582
-0.000260278,-0.0006854703,0.000614724
0.0003872269,0.0003553141,-0.000585801
-3.50855e-05,0.0007706506,0.0008735052
0.0003512205,0.0003950154,0.000678809
0.0004738864,-0.0003025056,-0.0009434561
-8.26871e-05,7.98483e-05,0.000647682
0.0002059743,0.0005098437,0.0009943512
0.0004629014,0.0004408246,-0.0009196531
5.27946e-05,0.0003876859,0.0007459456
0.0003591541,0.0007010207,0.0003913422
0.0004781583,0.0002362103,-0.0002049532
-0.000161413,-0.000417334,0.0007605936
0.0003725802,-0.0001485868,-0.0002153288
0.0004690042,0.0007126257,-0.0001390372
-0.0001772802,0.0010974227,0.0010431778
0.0005867878,-0.0003128891,0.0003058955
0.0002785974,-0.0005480428,-0.0010282924
-0.0002047427,0.0003724162,0.0009687172
0.0004909742,0.0011200219,0.0003931732
0.0001748502,0.0005776413,-0.0001378166
-0.0001449355,-0.0002463131,0.0001881013
0.0002987366,-0.000240816,-0.0001811502
4.54712e-05,0.0005977973,0.0002009183
6.56104e-05,0.0004414354,0.000755711
0.0003115524,6.64109e-05,-0.0003611984
-3.56957e-05,0.0001592508,1.04944e-05
3.26554e-05,0.0003840212,0.0006006864
0.0001351821,-3.92556e-05,-7.98349e-05
0.0001138224,-2.82614e-05,3.30767e-05
0.0005373553,0.0002569771,0.0006074
-0.0001193038,0.0006081808,-9.87552e-05
0.0001638652,0.0004072312,0.0003455672
0.0006142503,-0.0003703032,0.0004334551
-3.69163e-05,6.58001e-05,-0.0004081941
0.0002261135,0.0010357331,0.0004291828
0.000650867,0.0005556529,0.0008759466
-8.94002e-05,5.9428e-06,-0.0005632187
0.0003670877,0.0001604724,-3.46703e-05
0.0004152997,0.0005923002,0.0009491865
-0.0001070983,0.0005116761,-0.0001750469
0.0005428478,-0.0004020643,0.0004658028
0.0001235868,-0.0002835712,0.0002686652
-1.06743e-05,0.0002978999,4.71143e-05
0.0002944647,0.0006448281,0.0004786198
0.0002731049,0.0002276592,0.0005958037
0.0001083299,0.000170245,-0.0008030795
0.0001827838,0.000381578,0.00062571
5.64562e-05,0.0007730938,0.0002985715
0.0001522699,4.62549e-05,-0.0003575364
7.04926e-05,2.79312e-05,0.000123406
0.0003853961,0.0004762503,0.000678809
6.37796e-05,0.0001623048,3.49077e-05
2.10601e-05,-0.0002701338,0.0001063166
0.0004665631,7.67943e-05,0.0002973509
-1.8608e-05,0.0006332231,0.0001588053
3.44862e-05,0.0003565357,0.0006244894
0.0006697856,-0.000139425,-0.0001597885
-0.0001205244,-0.0001186582,3.5518e-05
0.0001016168,0.0007895851,0.0002125146
0.0008144215,0.0007004099,0.0004950988
-0.0001638541,0.0003913507,-1.14776e-05
0.0003072805,0.0001189388,6.60347e-05
0.0006563595,-4.78066e-05,0.0004304035
-0.0004220017,0.0003388228,0.0001459883
0.0006905351,0.0006301692,9.2737e-06
0.0003878372,0.0001348193,0.0005579631
-0.0002230511,0.0003088941,3.24664e-05
0.000683822,-5.88008e-05,-0.0001152342
-4.79013e-05,-0.0001705752,0.0006800297
-0.0001315094,0.0002814086,-6.39663e-05
0.0008125907,0.0002960676,5.62693e-05
-0.0003097106,0.0004170038,0.0008692329
0.0001370129,0.0003363796,-0.0002977238
0.0006624623,5.332e-06,-0.0001640609
-0.0004946248,0.0003479846,0.0007843966
0.0004067558,0.0005275566,-0.0002421835
0.0004043147,0.0002307132,9.83823e-05
-0.0005855562,0.0003137805,0.0004365068
0.0005941112,2.8542e-05,2.75837e-05
0.0004879228,-0.0001192689,0.0004212485
-0.0004848603,0.0002020061,0.0006116724
0.0006740576,0.0002936244,-0.0001347649
0.0002309957,0.0002026169,0.0004371171
-0.0002187791,0.0005397724,0.0001996976
0.0005690898,0.0004689209,-0.0003178648
0.0001522699,0.0003363796,0.0004249105
-0.0001315094,0.0002753007,5.13867e-05
0.000716777,-0.0002298218,-4.916e-07
-0.0002120661,0.0004463217,0.000101434
0.0001711885,0.0004200577,0.0005488081
0.000694807,0.000193455,-0.0001640609
4.11993e-05,-0.0002621936,0.0008002653
6.37796e-05,4.68657e-05,-0.0001750469
0.0004250642,0.0002075032,0.000114251
-0.0002261025,0.0008848682,0.0004029385
0.0004867022,0.000306451,0.0002601206
0.00041591,4.13686e-05,-0.0002025118
-0.0003780617,0.0003766917,0.0003650978
0.0004201819,0.0002734684,0.0003016232
0.0002712741,0.0002386534,-0.0002110565
-4.79013e-05,0.0003571465,0.000691626
0.0003774625,0.00025148,-2.3226e-06
5.5846e-05,-7.89569e-05,0.0001411056
-0.0001376122,-9.48374e-05,0.0001728429
0.0004549678,9.81719e-05,0.0002369279
-8.32974e-05,0.0005544313,2.33114e-05
-1.37257e-05,0.000419447,0.0002924682
0.0005306422,-5.14714e-05,0.0002125146
-3.93574e-05,0.0001629156,-3.28393e-05
0.0002401499,0.0003675299,0.0003400742
0.0002749358,0.0008683769,1.9039e-05
0.0001412849,0.0004762503,0.0005256154
0.0002053641,-0.0001308739,-0.0002977238
0.000301788,-0.0002902899,0.0003486188
8.08674e-05,0.0004145606,7.4427e-06
0.0002969058,0.000451208,0.0005408737
0.0002871413,0.0001659695,0.0002485242
0.0002505246,-0.0002084441,1.3394e-06
-0.0001992502,-3.55909e-05,7.0307e-05
0.0002621199,0.0005477126,0.0004243001
0.0005184367,0.0001549753,0.0003284779
-8.0246e-05,0.0003974585,-0.0001903052
0.0003976016,0.0004756395,0.0005274464
0.0001827838,0.0002246053,0.0002302142
-1.18949e-05,-0.0002689123,0.0002424209
0.0004281155,-5.69685e-05,-8.426e-06
1.61779e-05,0.0007126257,0.0002064113
-3.99677e-05,0.0009893131,0.0001948149
0.0004751069,-0.0001986715,0.0005073054
9.61243e-05,-0.0006702006,-0.0004582414
-0.0002297641,0.0002013953,-0.0001933569
0.0003152141,0.0009832052,0.0008570262
0.0002670021,0.0003021755,0.0002393692
0.0001980407,-0.0001785155,-0.0004936407
0.0001864455,7.67943e-05,0.0004908264
2.47218e-05,0.0005422155,0.0002790409
0.000143726,0.0002930136,-0.0002763621
0.0003628158,5.60275e-05,0.0005182914
0.0001455568,0.0004786935,1.84287e-05
-8.2332e-06,0.0006081808,-0.0001494129
0.0004238436,-0.0001113287,0.0008063686
0.0002792077,-0.0002939546,-0.0001884742
-7.0127e-06,0.0004414354,-0.0002037325
0.0002480835,0.0007333925,0.0010743048
0.0003048394,0.0001445919,7.51897e-05
0.000213908,-0.0005181142,-0.0003801188
0.0001010065,4.0147e-05,0.0005280568
0.0002023127,0.0009587736,0.0003260365
0.0004024839,0.0005251134,2.087e-05
0.0001126018,-7.16274e-05,0.0003571635
0.000257848,0.0002184974,-0.0001054689
0.000224893,0.0005074006,0.0002808719
0.0001199252,0.0001354301,0.0008960876
0.000139454,-2.33751e-05,-0.0005095093
0.000356713,0.0002111679,0.0002070216
-8.63488e-05,0.0003314933,0.0008558056
0.000246863,6.64109e-05,-0.0001488025
0.0003066702,3.77038e-05,1.9497e-06
-2.7407e-06,0.0004243333,0.0005036434
0.0001913277,0.0009276234,-0.0002507282
0.0004012633,0.000540994,0.0005634561
2.59423e-05,-0.0001834018,0.0003181022
0.000220621,-7.59029e-05,-0.0007719525
0.0002670021,0.0004615914,0.0008374956
3.26554e-05,0.0005232811,0.000737401
0.0004683939,-3.98664e-05,-0.0006694166
7.04926e-05,-3.8034e-05,0.0002497449
9.61243e-05,0.0002588094,0.0007752416
0.0004940256,-2.03211e-05,-0.0002568315
-0.0001333402,0.000283241,1.96494e-05
7.04926e-05,0.0006374986,0.0003132195
0.0005611561,0.0006979667,0.000101434
0.0001577624,7.98483e-05,0.0004426101
5.95076e-05,-0.0001211013,-0.0001964085
0.0001724091,8.71777e-05,0.0001313403
0.0003286402,0.0005898571,0.0007898896
0.000339015,-1.36024e-05,0.0002802616
-0.0001058777,5.90814e-05,-0.0002226528
0.0003866166,0.0003437091,0.0006391374
0.0002847002,9.38964e-05,0.0002967405
-0.0001418841,0.0001659695,-0.0001494129
0.0003914989,0.0005025143,0.0003510602
2.35012e-05,0.0004689209,1.3546e-05
-1.06743e-05,0.0002899597,0.000125237
0.0008443251,-0.000226157,0.0004719061
-0.0001797213,-0.0001858449,-0.0001176756
-0.0002157278,0.0006820862,-0.0001286616
0.0009578368,0.0004475432,0.0009259939
-0.0001620233,-5.08606e-05,-5.35906e-05
6.4134e-06,8.65669e-05,-0.0005778666
0.0005483403,0.0004939632,0.000737401
-0.0002810275,0.0004200577,0.0002442519
0.0004781583,-6.1244e-05,-0.0004454244
0.000242591,-6.42979e-05,0.0005774937
-0.0004793678,0.0006411634,8.25137e-05
0.0007936721,0.0001421487,0.0001758946
0.0002840899,-0.0002005039,0.000715429
-0.000102216,0.0002160542,-4.32149e-05
0.000448865,0.0004096743,-0.0001512439
7.41543e-05,0.0004005125,0.0010297505
0.0003115524,0.0001055014,-0.0002385215
0.0004958564,-0.0001717968,-0.0001152342
-0.0004213914,0.0007364464,0.0004999814
0.0005611561,0.0006900265,0.0003681495
0.0005062311,-0.0002872359,0.0001447676
-0.0001900961,-0.0002628044,0.0002112939
0.0002779872,0.0007321709,-0.0003355644
0.0003921091,0.0006185642,0.0009772618
-0.0001138113,0.0001048906,6.4814e-05
0.0003713597,-3.49801e-05,-0.0007444876
0.0001949893,0.0002777439,0.0007807346
-0.0002926228,0.000448154,0.0004011075
0.0006929762,-0.0001131611,-0.0003056581
0.0002505246,-0.0001009453,0.0003425155
-0.0003023872,0.0007089609,0.0004102625
0.0008247962,0.0004218901,0.0002997922
0.0001931585,-0.0004961258,0.0003632668
-0.0004470231,-0.0001259876,-0.0002922308
0.0008785007,0.0008799819,0.0003089472
6.2559e-05,0.0008628798,0.0008204063
-0.0001827727,0.0003369904,-0.0004551897
0.000934036,0.000216665,2.94147e-05
-0.0002102352,-3.8034e-05,0.000761204
-0.0001937577,1.6673e-06,-0.0002763621
0.0008559204,0.0001995629,0.0001441573
-0.0002041325,0.0002740792,0.0008228476
-2.59313e-05,0.0001329869,-0.0003978184
0.0009401388,-5.51361e-05,0.0003815768
-0.0002877406,-0.0003189969,0.0009345385
-8.26871e-05,8.29022e-05,-0.001141204
0.0007845179,0.0006252828,0.0006501234
-0.0002682117,0.0010149662,0.00075388
0.0005330834,0.0004603698,-0.0007365532
0.00052576,-0.00010461,0.0006446304
-0.0003036078,8.65669e-05,0.0004780094
0.0005611561,0.0002221621,-0.0006413413
0.000143726,0.0006295584,0.0010089992
0.0001077196,0.0005086221,0.0005225638
0.000580685,-0.0003196077,-0.0008604508
-8.87899e-05,-2.88722e-05,0.0009656655
0.0001443363,0.0004414354,0.0002119043
0.0004500855,-1.90995e-05,-0.0003422781
-0.0003200853,0.0002447613,0.0004841128
0.0005056208,0.0004139499,6.60347e-05
0.0003451177,0.0001952874,5.50487e-05
-0.0002682117,4.50333e-05,0.0004383378
0.0006496465,0.000381578,-0.0003917151
0.0001815632,0.0005074006,0.0005781041
-0.0002773658,0.0007340033,0.0003370225
0.0008070982,-3.25369e-05,-0.0001890845
1.37368e-05,-0.0002121089,0.0002308246
8.39187e-05,0.0002001737,0.0005744421
0.0006649034,0.000702853,-0.0001237789
2.41115e-05,6.70217e-05,0.0008466506
-5.21732e-05,-5.26929e-05,-0.0002934515
0.0009132866,-0.0001149934,0.0004358965
-0.0004988967,0.0006607086,0.0002936889
0.0005416272,0.0004652561,0.0002741582
0.0006032653,0.0004567051,-0.0003129821
-0.0003768411,0.0003724162,0.0006208274
0.0002749358,0.0001543645,-0.0002080048
0.0006142503,-0.0002237139,-2.3226e-06
-0.000488522,0.0001494782,0.0005097468
0.0007253209,0.0003571465,0.0001484296
0.0002505246,0.0006582655,-3.40599e-05
-0.00030849,8.04591e-05,0.0009760412
0.0006264559,-0.0003745787,-0.0005223263
0.0001833941,-0.0002127197,4.89453e-05
-0.0006252243,0.0008115735,0.0006611093
0.000999946,0.0007370572,-3.28393e-05
-3.02032e-05,0.0004316627,-0.0001152342
-0.0003158133,0.0001842932,0.0005390427
0.0008699568,0.0001409272,-8.28866e-05
-9.91647e-05,-8.32324e-05,0.0005524701
-0.0003396142,0.0002276592,1.3394e-06
0.0012013378,0.0005733658,5.62693e-05
-0.0003463272,0.0006258936,0.0008222373
4.91329e-05,-8.4454e-05,-6.33559e-05
0.0009187791,-0.0004765805,-0.0002824655
-0.0005623657,6.64109e-05,0.0007679176
0.0001943791,0.0006124563,-0.0001384269
0.0008754493,0.0005751981,-5.29803e-05
-0.0005031687,0.0003101157,0.0008789982
0.0007198284,0.0001476458,-0.0004088044
0.0005568842,9.6075e-06,0.0001710119
-0.0005452779,0.0004951848,0.0006031277
0.0007655993,0.0005874139,-0.0003611984
0.0003261991,0.0003974585,0.0003522808
-0.0004104064,0.0002307132,0.0004761784
0.0008229654,-8.93403e-05,-0.000499744
-8.08563e-05,4.68657e-05,0.0005323291
-0.0001797213,0.0002807978,0.0006373064
0.0007961132,0.0002184974,-0.0005186643
-0.000249293,0.0001122201,0.0008765569
0.0001193149,0.0001122201,0.0003370225
0.0008504279,-0.0002621936,-0.0002342492
-0.0003988112,0.0004347167,0.0004432205
0.0004250642,0.0005642039,0.0005555217
0.0006313381,0.0004255548,-0.0002812448
-0.0003969803,0.0002667497,0.0004127038
0.0004555781,0.0002679713,-4.80976e-05
0.0004885331,0.0003040078,0.0003693702
-0.0001754494,0.0005868031,0.0003229849
0.0005446786,2.42665e-05,6.54243e-05
9.42935e-05,3.22067e-05,-1.81913e-05
0.0001589829,0.0002905705,0.0005622354
0.000367698,-0.0001968391,0.000114251
9.67346e-05,0.000170245,-3.46703e-05
0.0002962955,0.0003547033,0.0002906372
0.0001687474,0.0003400444,2.57527e-05
-1.79977e-05,0.00020506,0.0001209646
0.0004751069,0.0001329869,-0.0002153288
7.634e-06,7.1908e-05,0.0005420944
5.82871e-05,0.0006295584,-0.0001780985
0.0005666486,0.0001794069,0.0003815768
-0.0001150319,0.0001897903,0.00013073
0.0002212313,0.000329661,0.000147209
0.0005105031,0.0001995629,0.0002698859
-0.0002242716,0.0001195496,0.0003919525
0.0003493897,0.0002307132,1.65977e-05
0.0004653425,0.0001580293,0.0004438308
-0.0001266272,2.18233e-05,0.0002985715
0.0002816488,0.0004493756,-0.0003428884
0.0006227942,0.0002044492,0.0009522382
-0.00019864,0.0001024475,8.19033e-05
0.0004146894,-2.88722e-05,-2.55153e-05
0.0002432013,0.0004304412,0.0002424209
-0.0001510383,0.0003724162,0.0005225638
0.0005123339,0.0003308825,-0.0004490864
0.0004830406,9.93935e-05,0.0006324237
-0.0005025584,0.0004469325,-3.10083e-05
0.0008492074,0.0002838518,0.0001484296
0.0003066702,0.0001445919,0.0005207328
-0.0003689075,0.000193455,-3.28393e-05
0.0006899248,0.0003565357,-0.0001439199
0.0001351821,0.0004463217,0.0007953826
-0.0002584472,7.74051e-05,-5.17596e-05
0.0008138112,-0.0001241553,-0.0002940618
-0.0002218305,0.000436549,0.0008020963
-0.0001864344,0.0005422155,-0.0001762675
0.000749732,-0.0003214401,0.000108758
-0.0001998605,2.67096e-05,0.0003412949
-2.59313e-05,0.0006246721,-8.41072e-05
0.0005812953,0.0004493756,0.0005518597
-8.08563e-05,-5.45253e-05,0.0004651925
0.0001577624,4.13686e-05,-0.0008152862
0.0002407602,0.0005965758,0.0007435043
3.50965e-05,0.00056115,0.000713598
0.0004494753,-0.0001345387,-0.0007316706
0.0001058888,-6.85735e-05,0.0005396531
0.0001223663,0.0005312213,0.0004053798
0.0003805139,0.0001958982,-0.0001384269
0.0001052785,-3.19261e-05,0.0005311084
0.0004873125,-5.33037e-05,0.0003803562
-4.48499e-05,0.0003907399,-0.0004399314
2.35012e-05,0.0005874139,0.0010126612
0.0007765843,-7.759e-07,9.34997e-05
-6.43788e-05,0.0001445919,-0.0006303553
0.0001302999,0.0007553809,0.000669654
0.000584957,0.000404788,0.0004847231
-4.54602e-05,-0.0001565271,-0.0002812448
0.0002718844,0.0003253854,0.0001905426
0.0005269806,0.0003418767,0.0007874483
-0.0001095394,0.0003785241,-4.93183e-05
0.0005214881,-0.0001125503,0.0001465986
0.0001040579,-6.73519e-05,0.0002894165
-5.64452e-05,0.0006350555,-5.72526e-05
0.0005202675,0.0004939632,0.0002424209
-0.0001577513,0.0003082834,9.0448e-05
5.40151e-05,0.0003485954,-9.32622e-05
0.0006386615,-3.55909e-05,0.0003791355
-0.0004165092,-5.88008e-05,0.0004877748
0.0002847002,0.0003577573,-0.0003618088
0.0005910598,3.22067e-05,0.0009797032
-0.0004146784,0.0001971198,0.0002790409
0.0006166914,0.0001726882,-0.0004429831
0.0002901927,-3.49801e-05,0.0008680122
-0.0005843357,0.0006894157,-0.0001011966
0.0009578368,0.0004548727,-0.0003697431
-0.0001193038,0.0002691929,0.0008216269
-0.0001528691,0.0002942352,-5.9846e-06
0.0010066591,-0.0002066118,-0.0002965031
-0.0003206956,-0.0004417655,0.0011200798
0.0001742399,0.000659487,-0.0002653761
0.0008943679,0.0004823582,0.0001942046
-0.0005336826,0.0003272178,0.0008808292
0.0005404067,4.1104e-06,-0.0006407309
0.0006703959,-6.79627e-05,7.2138e-05
-0.0010585217,0.0008152382,0.0006098414
0.0008546999,0.0006112347,-0.0002617142
0.0005568842,-0.0001504192,0.0001520916
-0.000852858,0.0002551447,0.0003339709
0.0008980296,0.0002972892,-0.0001054689
0.0002969058,-0.0002628044,0.0008802189
-0.000727751,0.0001171064,-0.0002128875
0.0010634149,0.0004231117,-5.23699e-05
-0.000172398,0.0006307799,0.0010022855
-0.0003902673,0.0001360409,-0.0001658919
0.0010939288,-0.0004881855,-0.0004551897
-0.0004360381,0.0004225009,0.0008100306
-0.0001968091,0.0010546675,4.22317e-05
0.0010487683,6.39678e-05,-1.7123e-06
-0.0004390895,-0.0001241553,0.0004633615
-1.55566e-05,0.0001922334,-0.0003776774
0.0007302032,0.0002392642,0.0003150505
-0.0003969803,7.43512e-05,0.0008399369
0.0003304711,-0.0001443113,-0.0007878212
0.0006429334,0.0001024475,0.0004090418
-0.0005953207,0.00056115,0.0007526593
0.0007710918,0.0001134417,-0.0004460347
0.0004256744,-0.0001888989,0.0003620462
-0.0004213914,0.0005128977,0.0005024228
0.0006362203,0.0004011233,-0.0003520434
0.0003286402,0.0001678019,0.0007325183
-0.000271263,0.0001311545,0.0001111993
0.0009364771,0.0002875165,-0.0003868324
-2.9593e-05,0.0006442173,0.0010266988
-4.66807e-05,0.0004273872,-5.17596e-05
0.0007027406,-2.6082e-06,-0.0004533587
-0.0002859097,0.0002325455,0.0009766515
0.000139454,0.0001146632,3.24664e-05
0.0006002139,-5.14714e-05,-0.0002299768
-0.0003737898,0.0003241639,0.0009076839
0.0004366594,0.0001390948,-5.11493e-05
0.0003707494,0.00015864,-5.05389e-05
-0.0003145928,0.0003583681,0.0008991392
0.0003646466,0.0002557555,-0.0004271144
0.0003225374,0.0004505972,-2.3226e-06
-9.97749e-05,0.0003608112,0.0009638345
0.0005233189,0.000106723,-0.0004313867
0.0001492185,0.000129933,0.00014904
-4.66807e-05,0.0003400444,0.0005573527
0.0008266271,0.0002404858,-0.0001298822
5.27946e-05,0.0003479846,0.0001996976
-0.0001650747,0.0002465937,0.0003583842
0.0007875693,-2.52074e-05,-8.83796e-05
0.000110771,-0.0001717968,0.0004029385
-0.0001180833,0.0001555861,9.28893e-05
0.0006649034,0.0007431651,5.6117e-06
0.0002395396,0.0002753007,0.0010187645
3.81479e-05,9.87827e-05,-0.0006120453
0.0005880084,7.98483e-05,0.0003480085
-0.0002212203,0.0005672579,0.0005158501
0.0002731049,0.0002520908,-1.88016e-05
0.0004366594,0.0002533123,-0.0001603989
-0.0001754494,0.0001977305,0.0007276356
0.0001126018,0.0003449307,-0.0003190855
0.0002523555,-1.84888e-05,0.0003119989
-9.00105e-05,-0.0002847928,0.0005237844
0.0001418952,0.0003834104,-0.000613266
2.71629e-05,0.0008121843,0.0006189964
0.0001510493,0.0002899597,0.0004835024
0.0004323875,-0.0005639233,-0.0002665968
-0.0001681261,0.0002343779,-0.0001347649
0.000121756,0.0005483234,0.0008985289
0.0002511349,0.0003937938,-0.0003935461
0.000209636,3.46499e-05,0.0003986662
0.0001498288,9.26748e-05,7.45793e-05
-7.0127e-06,0.0005422155,-0.0003257991
0.0004348286,0.0003394336,0.0011225211
0.0002407602,-0.0002066118,-0.0001140136
0.0001180943,6.0303e-05,-0.0003801188
3.57068e-05,0.0008451669,0.0007972136
0.0005526123,0.0002856842,0.0007947723
0.0003463383,-0.0003238833,-0.0007969762
8.81907e-05,0.0001940658,0.0005481977
0.0002346574,0.0009587736,0.000678809
0.0003365738,0.000196509,-6.64076e-05
0.0001254177,-0.0005065092,0.0002186179
0.0001431157,0.0003540925,-3.28393e-05
0.0002920235,0.0006747568,0.0005189018
-0.0001199141,0.0002203297,0.0004841128
0.0006868734,-9.66698e-05,-0.0002617142
-7.53638e-05,0.0002331563,-0.0001304926
-0.000253565,0.0008115735,0.0007929413
0.0007637684,0.0001164956,2.88044e-05
-1.4336e-05,-0.0005401026,7.64103e-05
-7.41433e-05,0.0001720774,0.0003095575
0.0004635117,0.0008604366,-7.2053e-06
9.42935e-05,0.0003321041,0.0009064632
0.0002187902,-0.0002670799,-0.0001121826
0.0004506958,8.29022e-05,-0.0003929357
-0.0003158133,0.0007278954,0.0006470717
0.0003835652,0.0006613194,0.0001459883
0.0005837364,0.0001109985,-0.0002513385
-0.0003737898,0.0001561969,0.0002973509
0.0004214025,0.0002160542,5.32177e-05
0.0004976872,4.38117e-05,0.0003144402
-0.0002279333,-0.0001339279,0.0006525647
0.0005294217,0.0002184974,-0.0002434042
0.0003432869,0.0004646453,0.0004865541
-0.0001638541,0.0003754701,0.0006452407
0.0005642075,-0.0001846234,-0.0003233578
0.0001272485,0.0001030583,-5.3743e-06
-0.0002303744,0.0008647121,0.0005066951
0.0006557492,0.0008628798,8.4955e-05
0.0001248074,1.75478e-05,0.0001850496
-0.0001412738,-0.0002530317,0.0001038753
0.0005599356,0.0001580293,-5.11493e-05
-9.099e-07,0.0004206685,0.0008796086
6.86618e-05,0.0003247747,7.9462e-05
0.0005861775,-6.73519e-05,-0.0003734051
-0.0002523444,0.0001989521,0.0006434097
9.42935e-05,0.0004188362,0.0001319506
0.0004629014,1.81586e-05,-0.0001799295
-0.0003890467,0.0003485954,0.0002167869
0.000378683,0.0005587068,0.0001856599
0.0003738008,0.0004457109,7.82413e-05
-0.000345717,0.0001171064,0.0004737371
0.0005105031,-0.0002224923,-0.0001237789
0.000389668,0.0001916227,0.0001752843
-0.000378672,0.0006448281,0.0006836917
0.000584957,0.0003052294,-5.66423e-05
0.0003640364,-1.97103e-05,-4.68769e-05
-0.0002547855,-0.0001406466,0.0006360857
0.0006325587,0.0002838518,-4.50459e-05
0.0001486082,0.0003137805,0.0001899323
-0.000187655,0.0004414354,0.0005884797
0.0009651602,0.0002539231,-5.05389e-05
3.75376e-05,0.0001995629,0.0002235006
-0.0003286292,0.0003400444,0.0003870698
0.000841884,8.90101e-05,9.71617e-05
-7.23124e-05,0.0002392642,-5.72526e-05
-8.75694e-05,0.0002777439,0.0005561321
0.0006142503,0.0006350555,-0.0004051424
-9.36721e-05,4.56441e-05,0.000596414
0.0001022271,-0.0001931744,-7.55626e-05
0.0005678692,-8.4454e-05,0.0001697913
-0.0003029975,0.0005440479,0.0003992765
9.61243e-05,0.0004286088,-9.63139e-05
0.0006978584,-5.51361e-05,0.0002363176
-0.0001125908,0.0001171064,0.0003235952
0.0002261135,0.0001598616,3.06354e-05
3.50965e-05,0.000616121,-0.0003160338
5.88974e-05,0.0006839186,0.0007819553
0.0004665631,0.0003321041,-0.0004301661
3.69273e-05,-3.8298e-06,0.0002625619
2.7518e-06,0.0003882967,0.0002375382
0.0006490362,-0.0002585288,0.0004413895
-4.36294e-05,0.0001482566,-8.89899e-05
0.0001913277,0.0005904679,0.0003425155
0.0005709206,0.0002380426,0.0006116724
-0.0002798069,-0.0003208293,-9.44829e-05
0.0004989078,-0.0003171646,9.0448e-05
0.0001833941,0.0003889075,0.0002344866
-4.91219e-05,0.0009367852,0.0004560375
0.0005861775,0.0004542619,-6.595e-06
0.0003042291,-0.0002475346,0.0003681495
-0.0002749247,0.0001390948,-0.0002672071
0.0003780727,0.0005281674,0.0002265522
0.0001534904,0.0004237225,0.0008277303
0.0002059743,1.75478e-05,-0.0002305872
0.0002596788,-4.1088e-05,-0.0001457509
-0.0001870447,0.0003626436,0.0005811557
0.0002987366,0.0001048906,7.70207e-05
0.0002413705,-6.24656e-05,-0.0001323236
-2.10491e-05,0.0003821888,0.0005756627
0.0002444219,0.0002429289,3.06354e-05
0.0001711885,-0.0001730184,0.0002820926
2.04498e-05,4.457e-07,0.0001606363
0.0004183511,0.0004530403,-5.05389e-05
0.0001772913,0.0006906373,0.0004523755
6.01179e-05,0.0004518188,0.0001807773
0.0004037044,-0.000240816,-0.0002275355
-5.8276e-05,0.0002759115,-3.83323e-05
9.67346e-05,0.0007859204,0.0004578685
0.000422623,0.0003040078,-6.595e-06
0.000143726,-0.0002163844,0.0004029385
5.8032e-06,-0.0002707446,0.0001551433
0.0004372697,1.14399e-05,0.0003223745
-3.32546e-05,0.0003748594,0.0002497449
0.0002169594,0.0005971866,0.0001954253
0.0004513061,0.0001348193,0.0001917633
-0.0001186935,-5.88008e-05,-3.10083e-05
0.000198651,-9.36158e-05,0.000163688
0.0003561027,0.0005910787,-0.0001634505
-0.0001620233,0.0006955236,0.0005921417
0.0005873981,0.0005440479,6.6645e-05
0.00050379,-0.0003409854,0.0004975401
-0.0005953207,-9.72805e-05,-0.0001494129
0.0005666486,0.000271636,0.0002607309
0.0003292505,0.0006491036,0.0003730322
-0.0003957598,0.0005483234,0.0003187125
0.0007582759,-0.0001101071,-0.0001628402
-0.0001119805,-0.0002750201,0.0001227956
-0.0003219161,0.0002563663,0.0002656136
0.0009993357,0.0004976279,9.65513e-05
-0.0002810275,0.0005104545,0.0004078212
-0.0001376122,0.0001329869,3.30767e-05
0.0009346463,-0.0003312127,0.0001185233
-0.0003548711,-0.0001620242,0.0004633615
0.0001046682,0.0008787603,-0.0002299768
0.0007894001,0.0006515468,0.0005872591
-0.0006166804,0.0003553141,0.0002942992
0.0005648178,-0.0002774633,-0.0004069734
0.0003451177,-0.0001186582,0.0002149559
-0.0003817234,0.0006643733,0.0006763677
0.0007735329,0.0005330537,-0.0002788035
0.000323758,0.0001207711,0.0005720007
-0.0004696034,-0.0001217121,0.0003321399
0.0007546143,-0.0001516408,-0.0004411521
7.0237e-06,3.09851e-05,0.000622048
-0.0002553958,0.00091724,-0.0001005862
0.0009096249,0.0002991215,0.0002399796
-0.0001961989,-9.9377e-06,-3.28393e-05
-0.0001101497,-0.0001766831,-7.73936e-05
0.0006057064,0.0002093355,0.0001630776
2.89937e-05,0.0003156128,0.0008820499
-9.24516e-05,0.0005080114,-0.0006681959
0.0005306422,0.000381578,0.0004969298
-0.0001485972,0.0001714666,0.0005012021
-7.23124e-05,4.457e-07,-0.0007133606
0.0004549678,0.0002643065,0.0004151451
-2.9593e-05,0.0007242307,0.0004975401
5.03535e-05,9.26748e-05,-0.0001658919
0.0003548822,-0.0005346055,0.0005323291
0.0001235868,-0.0002548641,0.0004468825
0.0001235868,0.0003308825,-0.0003129821
0.0001528802,0.0007730938,0.0009583415
0.0006423231,0.0001910119,0.0005005918
-0.0001400533,-0.000214552,-0.0007591355
0.0001699679,0.0005770305,0.0005726111
0.0003902783,0.0007908067,0.0001691809
0.0001339615,0.0003131697,-0.0001158446
0.0001614241,0.0003131697,0.0003071162
0.0006954173,0.0001873471,0.0004352861
-0.0003560917,5.29736e-05,-0.0001890845
0.0004799892,-0.0001308739,0.0008527539
0.0005086722,8.16806e-05,-0.0001286616
-0.0002132866,0.0003101157,0.0001282886
0.0002462527,0.0003235531,0.0005732214
0.0004189614,-0.0003415961,-7.98349e-05
-0.0003481581,0.0001048906,-0.0003654708
0.0004220128,0.0007596564,0.0006708747
0.0003622055,0.0008665445,0.0001911529
-0.0002486828,0.0001146632,-0.0001335442
0.0004189614,-0.0001302631,0.0003199332
0.0003591541,0.0001378732,0.0004603098
-0.0002932331,0.0003901291,3.85697e-05
0.0003725802,0.0002801871,0.0002827029
0.0003036188,0.0003314933,0.0002674446
-0.0001815522,0.0003082834,-0.0001713849
0.00043788,-0.0001437005,0.0004188071
0.0001644754,0.000173299,2.57527e-05
-4.97321e-05,0.0001684127,0.0002228903
0.0004915845,0.0001769637,0.0002491346
0.0002914133,0.0002404858,0.0002790409
0.0001058888,0.0002465937,0.0001313403
0.0004641219,0.0001372624,0.0003138299
0.0001119915,0.0003785241,0.0001893219
0.0001077196,0.0004609806,3.85697e-05
0.0004567986,0.0004353275,0.0002857546
-0.0001626336,0.0003913507,-1.102e-06
0.0004220128,0.0002325455,0.0002131249
0.0004067558,-1.05485e-05,0.0003144402
-0.0001547,0.0001830716,0.0002473036
0.0004989078,5.90814e-05,0.0002473036
0.0001754604,-0.00015103,0.0002625619
-9.30619e-05,0.0002557555,6.6645e-05
0.000562987,0.0003485954,0.0002607309
2.35012e-05,0.0003913507,0.0002454726
-0.0001888755,0.0002795763,-0.0001951879
0.0007161668,0.0001537537,0.0002167869
-0.0002102352,0.0003797457,7.27483e-05
-9.97749e-05,0.0004652561,0.0001099786
0.0008016057,0.000129933,0.0005042538
-9.85544e-05,4.457e-07,0.0001282886
-7.0127e-06,0.0002441505,-4.13839e-05
0.0005672589,0.0003882967,0.0005756627
-1.12846e-05,0.0001177172,0.0003193229
0.0001595932,0.0001232143,-0.000549181
0.0004812097,0.0002197189,0.0007166496
-0.0001186935,0.0004689209,-7.19006e-05
0.0003475588,0.0001378732,-5.60319e-05
0.0002401499,0.0002783547,0.0004505445
0.0002682227,0.0003766917,0.0003535015
0.0001443363,-0.0001730184,-7.31213e-05
0.0001998716,0.0002215513,0.0005054744
0.0003158244,-4.16987e-05,0.0004236898
-2.1304e-06,0.0004774719,-0.0002812448
0.0003164347,0.0003437091,0.0008081996
0.0001833941,0.0003999017,-0.0004588517
8.4529e-05,6.27462e-05,2.75837e-05
0.0001003963,0.0005257242,9.34997e-05
0.0004037044,0.0003345473,0.0003089472
-1.55566e-05,5.41951e-05,-0.0001439199
0.000290803,0.0001091661,0.0004584788
0.0003048394,0.0001879579,0.0002180076
-0.0001077085,1.38831e-05,0.000128899
0.0003243683,0.0002581987,0.0003248159
0.000297516,0.0002899597,0.0001350023
-0.0002004708,0.0001958982,0.0002515759
0.0002920235,0.0002502584,-9.87552e-05
0.0002541863,0.0003467631,0.0002558482
-1.55566e-05,0.000636277,1.59874e-05
0.000400653,0.0002465937,0.0003040645
0.0002273341,0.0001372624,0.000136223
-2.9593e-05,-5.26929e-05,0.0001191336
0.0004964667,-0.00010461,0.0004090418
3.75376e-05,0.0004591482,-3.10083e-05
0.0001681371,0.0003131697,0.0004230795
0.0004091969,0.0002001737,9.16687e-05
7.3544e-05,7.55727e-05,3.97904e-05
7.53749e-05,0.0001042798,0.000125237
0.0004641219,0.0001281006,0.0002796512
5.88974e-05,0.0006906373,-8.89899e-05
0.0001943791,0.0005855816,0.0004603098
0.0004824303,5.9428e-06,0.0003571635
8.69701e-05,-6.91842e-05,-0.0001024172
8.20879e-05,0.0001219927,0.0003199332
0.000246863,0.0004475432,0.0002326556
0.00035,0.000393183,0.0001240163
-0.0001113702,0.0002429289,-4.26046e-05
0.0003353533,0.000369973,0.0002961302
0.0002523555,1.93802e-05,0.0001569743
-0.0001315094,-0.0001461437,0.0002204489
0.000231606,0.0002771331,3.79594e-05
0.0002480835,0.0004756395,0.0003730322
-0.0002108455,0.0004560943,0.0002637826
0.000558715,6.0303e-05,8.6786e-05
0.0001522699,-0.0002133305,0.0002558482
-0.000345717,0.0004426569,2.51424e-05
0.0006264559,0.0006411634,0.0001624673
3.32657e-05,-0.0001253768,0.0003956145
-8.32974e-05,0.0001409272,-0.0002653761
0.0009071838,0.0003333257,0.0003596048
-0.0003945392,0.0001079446,0.0006281514
0.0004098072,-4.23095e-05,0.0001166923
0.0007454601,-5.94116e-05,-0.0002116668
-0.0005452779,0.0004518188,0.0007288563
0.0004140791,0.0005690903,-5.17596e-05
0.0008174729,7.61835e-05,5.749e-05
-0.0005715198,9.38964e-05,0.0002949095
0.000541017,0.000393183,-0.0001451405
0.0006362203,0.0003272178,0.0003705908
-0.000650856,0.0002423181,0.0002570689
0.0008174729,0.000161694,-9.32622e-05
0.0004946358,0.0001207711,0.0005835971
-0.0007210379,0.0003620328,5.749e-05
0.0007808562,-4.9639e-05,-6.51869e-05
0.000213908,-4.9639e-05,0.0003266469
-0.0005483293,0.0003602004,4.71143e-05
0.0007112845,0.0005006819,-0.0002903998
6.01179e-05,0.0003748594,0.0009107355
-0.0002261025,-4.29203e-05,5.26073e-05
0.0008400532,-0.0003012841,-0.0002946721
-0.0003805028,0.0005049574,0.0006928467
-7.96358e-05,0.0008060764,0.0001862703
0.0010200852,-8.99511e-05,0.0001136406
-0.0004470231,4.0147e-05,0.0001557536
0.0001260279,0.0003534817,0.0001020443
0.0006758884,0.0004622022,2.69734e-05
-0.0005349031,0.0001024475,0.0005585734
0.0005965523,0.0001128309,-0.0005223263
0.0005581048,2.5488e-05,0.0005304981
-0.0005672479,0.0004848014,0.0005317187
0.0008815521,-0.0002255462,4.6504e-05
0.000389668,-0.0001333171,0.0001960356
-0.0005141537,0.0007889743,9.47203e-05
0.000808929,0.0008170706,9.53307e-05
5.34048e-05,-7.04058e-05,0.0007795139
1.12957e-05,-0.0001980607,-0.000450307
0.0007308134,0.0001452027,1.59874e-05
-0.0005196462,0.0010137446,0.0010151025
0.0005617664,0.0003608112,0.0001350023
0.0005605459,-0.0006085109,-0.0003471608
-0.0005178154,0.0003571465,0.0005713904
0.0003121627,0.0007193444,1.3546e-05
0.0003323019,2.48773e-05,0.0004450515
-0.0002511239,-5.63577e-05,2.087e-05
0.0005312525,9.45072e-05,-0.0002812448
-0.0002224408,0.0005074006,0.0007862276
8.57496e-05,0.000161694,0.000150871
0.0005892289,-0.000449095,-0.0001872535
-0.0001449355,0.0005037358,0.0005616251
0.0001187046,0.0008103519,0.0002497449
0.0002663919,0.0004738072,-0.0002952825
2.1415e-06,-7.4946e-06,0.0005262258
0.0005428478,9.75611e-05,-0.0002910101
0.0001010065,0.0004499864,0.0002058009
-7.623e-06,0.0004689209,0.0005292774
0.0006429334,-0.0003544227,8.4955e-05
8.26982e-05,-0.0002084441,-5.35906e-05
1.25162e-05,0.0005483234,0.0005549114
0.0005458992,0.0004646453,0.0003895112
0.0001028374,-1.97103e-05,0.0001642983
0.0002999572,-3.74232e-05,0.0002399796
0.0004366594,0.0002801871,0.0001923736
-0.000363415,0.0009282342,0.0002094629
0.0002194005,0.0006619302,0.0002369279
0.0007875693,-0.0003012841,5.0166e-05
-0.0004628903,5.60275e-05,-7.67833e-05
0.0001357924,0.0006167318,0.0004511548
0.0005336936,0.0001720774,0.0002839236
-0.0004342073,8.9967e-06,-0.0002891791
0.0007857384,0.0001958982,0.0004035488
0.0001894968,0.0001409272,0.0005018124
-0.0007088324,0.000150089,-0.0001579575
0.0010743999,-0.0001308739,-5.9846e-06
0.000165696,0.0002594202,0.0005201224
-0.0006954063,0.001093758,-3.28393e-05
0.0012556525,0.0003424875,0.0003980558
-0.000106488,-0.0004435979,0.0004133141
-0.0002407491,4.457e-07,-0.000551012
0.0010689074,0.0007095717,0.0005060848
-0.0003011667,0.0009196831,0.0010590465
9.30729e-05,1.87694e-05,-0.0008287135
0.001059143,-0.000382519,7.9462e-05
-0.0004934042,4.38117e-05,0.0008960876
7.7816e-05,0.0005892463,-0.0006590409
0.0009315949,0.0002362103,0.0006379167
-0.0003231367,0.0001171064,0.0004493238
0.0002956852,-1.651e-07,-0.0006352379
0.0006258456,0.0001580293,0.0010633188
-0.00039637,0.0001598616,0.0004700751
0.000378683,0.0002783547,-0.0009898414
0.0006630726,0.0006698704,0.0012012541
-0.0004482437,0.0002936244,0.0006214377
0.0003121627,-0.0001705752,-0.0013474966
0.0005184367,-2.27643e-05,0.0009174492
-0.0003774514,0.0005220595,0.0005561321
0.0006606315,0.000595965,-0.0006999332
0.0001772913,0.0001910119,0.0008118616
-0.0003036078,-2.6429e-05,0.0004554271
0.0007576657,-4.04772e-05,-0.0008262722
-2.9593e-05,0.0003424875,0.0008649606
-0.0002138969,0.0005550421,0.0005506391
0.000738747,0.0003143912,-0.0009062258
-0.0002108455,-7.4946e-06,0.0008130823
-0.0001406636,0.0001910119,-0.0001323236
0.0008772801,0.0001000043,-0.0001274409
-0.0003206956,0.0001940658,0.0008045376
2.28909e-05,0.0001592508,-0.0001707745
0.0007704815,0.0003339365,-0.0002482868
-0.00033046,0.0002789655,0.0010114405
0.0003152141,4.7212e-06,-0.0002903998
0.0007527834,1.51046e-05,-0.0001359856
-0.0001699569,0.0004664777,0.0010346331
-6.19377e-05,0.0007114041,-0.0006572099
0.0007417984,0.0001574185,0.0005506391
-0.0001907064,0.000126879,0.0005860384
0.0002407602,0.0001910119,-0.0004136871
0.0003097216,0.0003107265,0.0003113885
8.8801e-05,0.0001897903,0.0009528485
0.0002706638,0.0001653587,-0.0006083833
0.0002706638,0.000106723,0.0004804508
-0.0001327299,0.0002191082,0.0006135034
0.0002834797,5.41951e-05,-0.0006620926
0.0002108566,5.72491e-05,0.0004078212
4.66918e-05,0.0004811366,0.0004096521
0.0002279444,0.0005880247,-0.0003788981
0.0002767666,0.0001360409,0.0005488081
4.5826e-06,-9.17834e-05,0.0001044856
0.0001791221,0.0003711946,-0.0003398368
0.0003689186,0.0005397724,0.0008966979
-2.04388e-05,0.0002954568,4.95557e-05
0.0001968202,0.0002136111,-0.0003935461
0.0005660384,-0.0001430897,0.0011213004
-0.0003182545,-6.30764e-05,-0.0002623245
0.0003268094,0.0002777439,-0.0001915259
0.0004140791,0.0003076726,0.0010120508
-0.0001247963,0.0001977305,-0.0001243892
0.0005282011,0.000115274,-0.0001756572
0.0002224519,0.0002252161,0.0009613932
-0.0002950639,0.0005361077,-0.0002995548
0.0006349998,0.0004145606,-8.77692e-05
0.0002712741,9.26748e-05,0.0009662758
-0.0002523444,0.0002264376,-0.0005339227
0.0005312525,8.53454e-05,0.0001276783
0.0001864455,1.75478e-05,0.0009717688
0.000110771,0.0001513106,-0.000523547
0.00045985,0.0002661389,0.0003736425
-1.18949e-05,0.0001690235,0.0009632242
0.0001052785,4.0147e-05,-0.0009239255
0.0002737152,0.0003095049,0.0001496503
-8.8435e-06,0.0006637626,0.0007654763
0.0001034476,0.0006765891,-0.0007634079
0.0002590685,9.93935e-05,0.0003589945
8.81907e-05,-0.0001565271,0.0004499341
6.2559e-05,8.65669e-05,-0.000580308
0.0002261135,0.0005153408,0.0007935516
0.000334743,0.0001678019,0.0008747259
0.0001425054,-0.0001375926,-0.0006450033
0.0001345718,-0.0001229337,0.000686133
-1.55566e-05,0.0002349887,0.0004987608
0.0003628158,0.0004316627,-0.0002983341
0.0002682227,0.0004426569,0.0003547222
0.0001589829,0.0003974585,0.0003895112
0.000268833,0.0002148326,-0.0003514331
0.0002126874,0.0001916227,0.0005829867
0.0003884475,-1.54348e-05,0.0005195121
0.0001156532,0.0003253854,-0.0006047213
0.0001779016,0.00051473,0.0008637399
0.0003335225,0.000161694,0.0003101679
0.0002749358,-7.2849e-05,-0.0004875374
0.0001058888,1.0565e-06,0.0006153344
0.0001443363,0.0007303386,-3.95529e-05
0.0002663919,0.0004090635,6.90863e-05
5.46254e-05,0.0001390948,0.0003705908
0.0003042291,6.5536e-06,7.70207e-05
6.01179e-05,0.0001720774,-0.0001103516
0.0002126874,0.0001958982,0.0010865114
0.0002432013,0.0001293222,-0.0002415732
0.0001772913,0.0002527016,-6.595e-06
-4.30191e-05,0.0004835798,0.0004755681
0.0002303855,0.000581306,-0.0002763621
0.0001687474,-0.0001491976,0.0004365068
2.16704e-05,5.72491e-05,-1.0257e-05
0.000176681,0.00027469,0.0002143456
-1.31155e-05,0.0004933524,0.0003052852
0.000426895,-3.92556e-05,0.0007343493
0.0002572377,-2.33751e-05,-0.0003917151
9.85654e-05,-1.66564e-05,0.0007825656
0.000224893,0.0002856842,0.0001374436
0.0002718844,9.02317e-05,3.1704e-06
1.37368e-05,0.0003852428,0.0002015286
0.000486092,0.0004988495,7.45793e-05
0.0002779872,0.0004133391,7.7631e-05
-0.0001791111,0.0003492062,9.411e-05
0.0006887042,-4.53635e-05,0.0003620462
8.8801e-05,0.0002905705,-0.0001048586
-8.14666e-05,0.0005183948,0.0004944884
0.0006740576,0.0001855148,0.0002216696
1.19059e-05,-0.0001986715,0.0001856599
-7.04816e-05,0.0001506998,1.7208e-05
0.0004891433,0.000286295,0.0003785252
-0.0001205244,0.0003583681,0.0001673499
8.51393e-05,0.0002551447,5.87107e-05
0.0005697,1.26615e-05,0.0002350969
-0.0002529547,0.000173299,0.000143547
0.0002370985,0.0004689209,4.71143e-05
0.0003994325,0.0003510386,0.0003992765
-0.0002718733,0.0001531429,6.23727e-05
0.0004079764,0.0002453721,-0.0001957982
0.0001089401,0.0001879579,0.0005152398
-0.0002450211,0.0002307132,0.0001002133
0.0006545287,-0.0001382034,-8.16659e-05
0.0002194005,0.0002013953,0.0006690437
-0.0001852138,0.000306451,0.0003705908
0.0008077085,0.0001439811,-3.77219e-05
-3.50855e-05,4.50333e-05,0.0006507337
0.0002010921,0.0005574853,0.0001990873
0.0007918412,0.0003504278,9.10583e-05
-0.0003768411,0.0005012927,0.0003278675
0.0004207922,0.0003718054,-0.0001134032
0.0007192181,-9.05619e-05,-1.08673e-05
-0.0005178154,0.000451208,0.0004163658
0.000617912,0.0005269458,-0.0001408682
0.0004836508,-0.0001620242,0.0004914368
-0.0004390895,8.90101e-05,0.0002045803
0.0006795501,-3.00938e-05,-0.0001457509
3.50965e-05,8.90101e-05,0.0005878694
-0.000514764,0.0005868031,-5.48113e-05
0.0010780616,0.0001531429,9.71617e-05
-0.0001412738,3.22067e-05,0.0004767888
-0.0003878261,0.0003400444,-8.41072e-05
0.0007369162,0.0004475432,-1.51396e-05
-4.42396e-05,0.0002624742,0.0009205009
-7.65844e-05,0.0002404858,-0.0003825601
0.0008730082,-1.84888e-05,0.0004328448
-0.0004439717,0.0001439811,0.0006470717
0.0001803427,0.0003571465,-0.0004496967
0.0009590574,0.0003534817,0.0004694648
-0.0006069159,0.0004371598,0.0005195121
0.0003933297,0.0001891795,-0.0006083833
0.0005282011,-0.0004240527,0.0007178703
-0.0004720445,5.96922e-05,0.0003821872
0.0006539184,0.0003626436,-0.0008476338
0.0002694433,0.0008415022,0.0010883424
-3.99677e-05,0.0004200577,0.0006885743
0.0008675157,-0.0004930718,-0.0013438346
-0.0002322053,-3.92556e-05,0.0009217215
4.73021e-05,0.0009459471,0.0003986662
0.0010750102,0.0001635264,-0.0003575364
-0.0005788432,0.0001146632,0.0002845339
0.0003530513,0.0002899597,0.0001911529
0.0006044859,-2.58182e-05,-0.0002165495
-0.0005532115,0.000173299,0.0008808292
0.0007552245,0.000126879,5.6117e-06
0.0001894968,0.000503125,-0.0002208218
-0.0005818945,0.0006863617,0.0009461349
0.0008614129,-0.0002169952,-5.78629e-05
0.0002840899,-0.0004552029,6.54243e-05
-0.0005641965,0.0003131697,0.0003528912
0.0006691754,0.0007114041,8.25137e-05
-4.85116e-05,0.000486023,0.0002418106
-0.0001168627,-5.88008e-05,0.0003345812
0.0008125907,-0.0003654169,-0.0001323236
-0.000411627,0.000349817,-8.47176e-05
0.0001260279,0.0004170038,0.000669654
0.0007265415,8.10698e-05,-0.0002653761
-0.0001467663,0.0002753007,0.0002259419
-2.22696e-05,0.000503125,7.4427e-06
0.0008138112,0.0001146632,0.0003113885
-0.0001913166,7.86267e-05,7.9462e-05
0.0002779872,2.5488e-05,0.0001368333
0.0005245395,0.0006466605,5.87107e-05
-0.0001388327,0.0004957956,0.0005543011
0.0004384903,-0.000257918,8.73963e-05
0.0005343039,-0.0003929024,-1.33086e-05
-0.0004000317,0.0005190056,0.0005073054
0.000389668,0.0006796431,0.0002222799
0.0004580192,9.5118e-05,9.28893e-05
-0.0002566164,-0.0002701338,9.34997e-05
0.0004403211,0.000236821,0.0001350023
0.0002255032,0.0004695317,0.0004749578
-0.0003103208,0.0002985107,-1.3919e-05
0.0007112845,0.0003980693,-0.0001719952
-9.61133e-05,0.0005165624,0.0006074
-6.68199e-05,0.0002056708,9.47203e-05
0.0006978584,-0.0004655863,9.28893e-05
-0.0003585328,-6.8838e-06,0.000161857
0.0001675268,0.0005562637,8.98377e-05
0.0005727514,0.0005874139,0.0004078212
-0.0003560917,0.0002563663,0.000121575
0.0004757172,-0.0003611414,-0.0003227475
0.0002218416,-9.9377e-06,9.9603e-05
-0.0001693466,0.0007987469,0.0006562267
0.0006142503,0.0005348861,-0.0003184751
8.8801e-05,5.96922e-05,0.0003937835
0.0001119915,-8.1053e-06,0.0003657082
0.0005239292,-0.0001406466,-4.44356e-05
-3.87471e-05,8.90101e-05,0.0005030331
0.0001187046,0.0004884661,0.0002161766
0.0006557492,0.0006100131,2.94147e-05
-0.0002926228,0.0003400444,0.0003266469
0.0004439828,0.0001024475,0.0001209646
0.0001272485,5.9428e-06,-0.0001481922
-2.16593e-05,0.0002465937,0.0006226584
0.0002602891,0.0004225009,-0.0001970189
0.0003261991,0.0004493756,0.0003632668
-6.01069e-05,0.0001226035,0.0003516705
0.0002529658,-0.0005168926,-8.83796e-05
0.0002132977,6.45785e-05,0.0002637826
4.97432e-05,0.0005458803,0.0002418106
5.1929e-06,0.0002508692,0.000161857
0.0003268094,0.0002313239,-2.12429e-05
0.0003426766,0.0002020061,0.0001905426
-0.0001223552,0.0004451001,1.9497e-06
0.000209636,0.0007963038,0.0001227956
0.0003914989,0.0002325455,0.0001594156
-7.84152e-05,-0.0001070532,0.0002253316
0.0002059743,0.0001476458,7.4427e-06
0.0003188758,0.0001409272,0.0004688545
-0.0001156422,-1.60456e-05,0.000136223
0.0004329978,0.0003492062,0.000103265
0.0003914989,0.0001329869,0.0007959929
-0.0003408347,-0.0001638565,-0.0002318078
0.0004079764,-4.35311e-05,-6.33559e-05
0.0004012633,0.0003736378,0.0007904999
-0.0001388327,0.0008176814,-0.0001597885
0.0003823447,0.0006148994,-9.26519e-05
0.0003579336,0.0001427595,0.0009235525
-0.0001235758,-9.91129e-05,-0.000521716
0.0004586294,-9.17834e-05,0.000134392
-1.31155e-05,0.0004970172,0.0008045376
0.0002370985,0.0004976279,-0.0001829812
0.0003652569,-0.0002249354,0.0002448622
-7.10919e-05,0.0001195496,0.0004615305
0.0003200963,0.0001476458,-0.0002550005
5.5846e-05,0.0002441505,0.0002790409
2.41115e-05,0.0005019035,0.0005457564
0.0005062311,0.0001989521,-0.0002488972
-0.0001272374,0.0001574185,0.0001478193
9.67346e-05,0.000369973,0.0004395585
0.0006191326,0.0001720774,-3.77219e-05
-0.000161413,0.0002056708,0.0001020443
0.0001577624,0.0004707532,0.0002180076
0.0003152141,0.0004567051,-0.0001317132
-8.26871e-05,0.0001549753,0.0005127984
0.0003951605,2.36557e-05,8.6634e-06
0.0003524411,2.42665e-05,6.96967e-05
-0.0002389183,0.0004139499,0.0003083369
0.0003518308,1.0565e-06,0.0003937835
0.0003139936,-5.75793e-05,-6.82386e-05
-6.68199e-05,0.0001042798,0.0003419052
0.0002480835,0.0003467631,0.0001832186
0.0003170449,0.0004780827,0.0002552379
0.0001425054,0.0002123895,0.0002906372
0.0002309957,0.0001171064,-3.03979e-05
0.0001626446,0.000827454,9.47203e-05
0.0002078052,0.00056115,0.0004084315
0.0003085011,-0.0001546947,0.0003602152
0.0002499144,1.20507e-05,-0.0001573472
8.02571e-05,8.9967e-06,0.0005860384
3.20451e-05,0.0004530403,-6.82386e-05
0.0003524411,0.0001519214,0.0004615305
0.0003310813,-0.0001669105,0.0001789463
-1.49463e-05,-0.0001253768,0.0001136406
-2.77621e-05,0.0005947434,-0.0001896949
0.0003310813,0.0002606418,0.0006690437
-5.76657e-05,0.0003345473,-0.0006083833
0.0003200963,0.0006234505,0.0002039699
0.0002480835,0.0004231117,0.0005823764
-0.0002059633,-7.65137e-05,-0.0003038271
0.0003591541,-2.45967e-05,-8.89899e-05
0.0003597644,0.0002655281,0.0008332233
-0.0003023872,0.0005342753,0.0001154716
0.0006673445,-6.36871e-05,5.87107e-05
0.0001931585,-0.0006250022,0.0005195121
-0.0002499033,0.0003705838,-0.0002635451
0.0006478156,0.0007712614,0.0004249105
0.0001022271,0.0004554835,0.0005073054
-0.0001992502,-1.17701e-05,-0.0003746258
0.000896809,2.48773e-05,4.89453e-05
-0.000422612,0.0003003431,0.0007715796
0.0002651713,0.000702853,-0.0001329339
0.0009828582,-8.26216e-05,0.0005433151
-0.0003420553,2.36557e-05,0.0003272572
0.0001626446,0.0004182254,-0.0004680067
0.0007417984,0.0003540925,0.0005909211
-0.0003036078,0.0001482566,0.0005213431
0.0004958564,6.21354e-05,-0.0007963659
0.0003963811,0.0003339365,0.0004664131
-0.0004787576,0.0004933524,0.0006031277
0.0006307278,-0.0001791263,-0.0006407309
0.000378683,-0.000194396,0.0005280568
-0.0003420553,0.0006295584,0.0001801669
0.0005074517,0.000650936,-0.0001231686
0.0001974305,-3.43693e-05,0.0006141137
-9.5503e-05,-0.0001858449,-1.575e-05
0.0006581903,0.0002380426,-0.0002934515
-0.0001046572,0.0008799819,0.0009681068
0.0001364027,0.000448154,7.3969e-05
0.0004653425,-0.0002188276,-0.0001982395
0.0001925482,-6.61303e-05,0.0008313923
-0.0002828583,0.0005642039,-0.0004338281
0.0003426766,0.0002985107,0.0003663185
0.000378683,0.0002410966,0.0005213431
8.57496e-05,-7.89569e-05,-0.0003520434
-0.0001534794,0.0005800845,-0.0001134032
0.0004757172,0.0001641372,0.0011640237
0.0001400643,-0.0003409854,-0.0006913886
7.3544e-05,4.93088e-05,2.88044e-05
0.0004476444,0.0009331205,0.0009467452
1.73984e-05,0.0005037358,-0.0001182859
0.0002395396,-0.0001815694,3.1856e-05
0.0004690042,-0.0002566965,0.0004175865
-5.64452e-05,0.0003540925,-0.0001463612
0.0001504391,0.0006967452,0.0002344866
0.0004574089,0.0001928442,0.0005207328
0.0001528802,-9.42266e-05,-0.000514392
6.80515e-05,0.0003968478,0.0001264576
0.0002499144,0.0002520908,0.0011371691
-1.92182e-05,2.60988e-05,-0.0008018589
0.000128469,4.25901e-05,2.20907e-05
0.0001913277,0.0006503252,0.0009180595
0.0002529658,0.0004652561,0.0001020443
0.0001717988,-0.0004790237,-4.1536e-06
5.46254e-05,-6.9795e-05,0.000116082
0.0001034476,0.0006894157,0.0001130303
0.0001760707,0.0005153408,0.0004127038
0.0003689186,-0.0001577487,0.0002576792
-5.21732e-05,-0.0001644673,-0.0005833596
8.81907e-05,0.0001348193,0.0007404526
0.0002505246,0.0004970172,8.4955e-05
0.0002456424,0.0004249441,3.918e-05
-8.8435e-06,0.0002111679,0.0003290882
0.0003976016,1.26615e-05,0.0001539226
9.24626e-05,-0.0003580874,0.0001191336
0.0001132121,0.0004145606,9.2279e-05
0.0003615952,0.0007755369,0.0003571635
0.0001351821,0.000737668,0.0001166923
0.0004586294,-0.0001876773,0.0006025174
0.0001699679,-0.0004106153,-0.0002965031
-0.0001662952,5.29736e-05,0.0002601206
0.0004299464,0.0007963038,0.0002985715
0.0004244539,0.0003760809,0.0005268361
-4.24088e-05,7.55727e-05,-0.0004014804
0.0001553213,-0.0002127197,0.000114251
9.61243e-05,-3.25369e-05,0.0003657082
0.0001974305,0.000315002,3.12457e-05
0.0001498288,0.0006442173,0.0001331713
6.01179e-05,0.0009160184,0.0002723272
0.0002804283,-0.000139425,0.000684302
0.0001669166,-0.0004851316,-0.0002373008
0.0001614241,-0.0001125503,0.0003040645
2.35012e-05,0.0008830358,0.0003278675
0.0002566274,0.0006894157,0.0005054744
0.0004287258,-0.0001485868,-0.0001024172
-1.98285e-05,-0.0003153322,0.0002112939
8.02571e-05,0.0003143912,-2.18533e-05
0.0003823447,0.0005556529,0.0003235952
7.72057e-05,0.0001018367,0.0004181968
0.0002767666,6.3357e-05,-0.0001109619
0.0003408458,-2.52074e-05,0.00014904
-0.0002395286,0.0002020061,0.0001649086
0.000677109,0.000236821,0.0004401688
0.0003646466,0.0004072312,-6.15249e-05
-0.0002334258,1.38831e-05,0.0003681495
0.0003506102,0.000459759,-0.0004081941
0.0004354389,7.43512e-05,0.0005335497
-0.0002962844,0.000263085,-4.19943e-05
0.0005355245,0.0006381094,-7.92246e-05
0.0002273341,0.0004670885,0.0005726111
-0.0004549567,-0.0002371512,0.0001429366
0.0005794645,-0.0004185556,-0.0003129821
0.0002169594,-4.4406e-06,0.000722753
-0.0005208667,0.000694302,7.9462e-05
0.0009273229,0.0003076726,0.0002808719
0.0001187046,-0.000394124,0.0006556163
-0.000492794,-9.3269e-06,-0.0006736889
0.000738747,0.0006631518,0.0002784306
0.0001248074,0.0008695984,0.0011426621
-9.73338e-05,0.0002539231,-0.0007151916
0.000677109,-0.0001241553,-0.0002434042
-0.0001223552,0.0003650867,0.001360551
0.0001479979,0.00027469,-0.0004045321
0.0007021304,-0.000295787,0.000141716
-0.0001760597,-1.66564e-05,0.0009113459
0.0003927194,0.0003284394,-0.0004161284
0.0004506958,5.60275e-05,0.0002936889
-0.0002407491,3.09851e-05,0.000711767
0.000584957,0.0003718054,-0.0006761303
0.0004281155,0.0005849708,0.0005707801
-0.0003701281,0.0005397724,0.0006910157
0.0007857384,0.0003565357,-0.0008390892
0.0002456424,-4.1088e-05,0.000693457
-0.000367687,0.0005489342,0.0004517651
0.0009694321,0.0001775745,-0.0003868324
-0.0001473766,-0.0003037272,0.0006482924
-0.0003158133,-7.77353e-05,0.0001136406
0.0009578368,0.0001830716,-0.0002708691
-0.0002010811,0.0003156128,0.0011670754
-0.0001162524,0.0003204991,-0.0003019961
0.0006630726,-7.46813e-05,-0.0003618088
-0.0004580081,0.0002966784,0.0010962768
0.0003561027,0.0003449307,-0.0002440145
0.0005770234,0.0002130003,-0.0002580522
-0.0004488539,0.000639331,0.0008875429
0.0006063167,0.0003742486,-0.0001225582
0.0004824303,-6.67411e-05,-1.7123e-06
-0.0005635862,3.52607e-05,0.0006904053
0.0007778048,-0.0001235445,-0.0002684278
0.0003005674,8.53454e-05,0.0004609201
-0.0002297641,0.0003748594,0.0006818607
0.0008534793,0.0001904011,-0.000466786
-3.69163e-05,0.000161694,0.0004584788
-0.0001186935,0.0006008513,0.0002674446
0.0011207811,-0.0001021669,-5.29803e-05
-0.0003768411,0.0001800177,0.0001185233
9.30729e-05,0.0004286088,0.0003168815
0.000960278,0.0002685821,7.33587e-05
-0.0005190359,0.0004041772,0.0002381486
0.0003683083,0.0004841906,0.0001154716
0.0006899248,4.99196e-05,0.0001240163
-0.0006990679,-4.65851e-05,0.0004438308
0.0004793789,0.0002533123,-0.0003654708
0.000497077,0.0002270484,0.0004853334
-0.000712494,0.0003247747,0.0002698859
0.0009084043,-0.0002554749,3.918e-05
-1.67771e-05,-0.0002963978,0.0002015286
-0.0004848603,0.0004689209,0.0002161766
0.0009773657,0.0006026837,5.32177e-05
-0.0001034366,0.0005092329,0.0006434097
-5.70555e-05,5.29736e-05,0.0001026547
0.0005282011,0.0001055014,-0.0006218106
-0.0002151175,0.0003705838,0.0009186699
0.0001302999,1.08291e-05,-4.50459e-05
0.0007594965,0.0002038384,-0.0002879585
-0.0002334258,0.0004957956,0.0008399369
0.0002346574,0.0002239945,-0.0001353752
0.0007009098,-0.0002444807,0.000128899
-0.00028652,0.0001757421,0.0002527966
0.0003695289,0.0006008513,6.35933e-05
0.00045985,0.0004212793,0.0002375382
0.0001168738,-0.0001785155,0.0008417679
0.0004433725,-9.97237e-05,-0.0007286189
0.0002059743,0.0008402806,0.0005115778
1.55676e-05,0.0009282342,0.0011316761
0.0005922803,-0.0003489256,-0.0004606827
-0.0001278477,-0.0003208293,-0.0001249996
-0.0001046572,0.0006582655,0.0006189964
0.0005086722,0.0004304412,0.0002991819
-6.2548e-05,0.0003907399,-0.0003044375
0.000264561,-5.08606e-05,0.0006812503
0.000106499,0.0004347167,-0.0003233578
-2.71518e-05,-0.0001156042,0.0006507337
0.0001779016,-0.0001815694,-7.92246e-05
0.0003011777,0.0003321041,-6.03043e-05
6.37796e-05,0.0008683769,0.000669654
0.000235878,8.3513e-05,0.0004316241
0.0002334369,-0.0006378288,-0.0004460347
2.41115e-05,8.71777e-05,0.0003034542
0.0004055353,0.0006582655,0.0007959929
5.27946e-05,0.0007511054,-0.0004100251
0.0004067558,4.07578e-05,0.0006269307
0.000180953,8.29022e-05,-0.0003923254
5.1574e-05,0.000482969,-5.84733e-05
0.0001235868,0.0004463217,0.000147209
0.0003512205,0.0001207711,0.0004267415
4.91329e-05,0.0002172758,-0.0004057527
0.0004415417,-0.0002169952,0.000695288
-3.08135e-05,-0.0001070532,0.0002393692
0.0002010921,0.000552599,-0.0003581468
0.0003725802,0.00020506,0.0008374956
-0.0003969803,0.0004133391,-0.0002659865
0.0006234045,-9.6059e-05,0.0001569743
-7.47535e-05,-2.03211e-05,8.73963e-05
-0.0003200853,0.000419447,0.0002820926
0.0009401388,0.000659487,-4.44356e-05
-9.24516e-05,5.05304e-05,0.00068064
-0.000429325,0.0002789655,-0.0002147185
0.0010524299,-0.0001351495,0.0003113885
-0.0003530403,-0.0001901205,0.0005597941
-0.0001772802,0.0009154076,-0.0007475392
0.0009767555,0.0008873113,0.0007105463
-0.0004781473,0.0001311545,0.0008149133
0.0002145182,-0.0007740348,-0.0009660384
0.0005953317,-0.0003464825,0.0002357072
-0.0004323764,0.0006985775,0.0012903627
0.0005196572,0.0005074006,-0.0007060366
0.0005684795,-2.21535e-05,0.0005921417
-0.0001565308,8.386e-06,0.000633034
0.0002743255,0.0003217207,-0.0008396995
0.0004183511,0.0002930136,0.0008808292
-6.31582e-05,0.0004011233,8.61757e-05
0.0005843467,0.000636277,-0.0007225156
6.62207e-05,0.0008066872,0.0010346331
-0.0001467663,0.000170245,0.0001093683
0.000808929,-0.0005639233,-0.0004802134
-3.38649e-05,-6.06332e-05,0.0010883424
-0.0002230511,0.0004970172,0.0003870698
0.0006575801,-0.0002182168,-0.0003300714
-9.00105e-05,-9.48374e-05,0.0009101252
0.0001376232,0.0005660363,-0.0001890845
0.0006264559,0.0003308825,0.0002064113
-0.0005269695,0.0005880247,0.0004444411
0.0004934153,0.0002441505,-0.000459462
9.61243e-05,0.0002184974,-4.87079e-05
-0.0001968091,0.0005703118,0.0007001707
0.0007680404,3.09851e-05,-0.0002922308
-0.0003048283,4.38117e-05,9.16687e-05
7.53749e-05,0.00025148,0.0007544903
0.0008632438,-0.0001571379,-3.52806e-05
-0.0007582649,7.98483e-05,0.000141716
0.0004128586,0.00025148,0.0004737371
0.0006807706,0.0002130003,-0.0001890845
-0.0005550423,0.0003113373,0.0004066005
0.0007466807,0.0001555861,0.0002936889
0.0003231477,0.0002875165,-0.0002354698
-0.0006874726,0.0007950822,0.0003028439
0.0014051706,0.0002099463,0.0006397477
-5.76657e-05,-0.0001705752,-0.0002757518
-0.0005855562,0.0007126257,0.0001411056
0.00131607,0.0001012259,0.0009137872
-0.0002761453,-0.0003330451,-0.0001817605
-0.0001675158,0.0001366516,-0.0002086152
0.0009645499,0.0004579267,0.0006214377
-0.0005861665,0.0006790323,0.0005189018
0.0004537472,4.07578e-05,-0.0001988499
0.0008534793,-0.0004399332,0.0003254262
-0.000999935,0.0007364464,6.8324e-06
0.0006911454,0.000769429,0.0001539226
0.0007491218,-0.0003861837,0.0008802189
-0.0007466696,5.23628e-05,-0.0006565996
0.0006252353,0.0004603698,8.19033e-05
0.0001443363,0.0007132365,0.0010266988
-2.1304e-06,-0.0003538119,0.0003144402
0.0007613273,-0.0004124477,-0.0011454763
-0.0004561773,0.0010027504,0.0009974028
2.28909e-05,0.0011157464,0.0004487135
0.0012513806,-0.000761819,-0.0001195066
-0.0003707384,-0.0006231699,0.0002222799
-0.0003115414,0.0010907041,-0.0002403525
0.0009035221,0.0011493398,0.0004078212
-0.0001583616,5.23628e-05,0.000603738
0.0004439828,-0.0007325011,-0.0004918097
0.0004439828,-2.33751e-05,0.00013073
-0.0006703849,0.0006564331,0.0008643502
0.0005922803,1.0565e-06,-0.0002232632
0.0006862631,-7.16274e-05,6.17623e-05
-0.0005001173,0.0009282342,0.0006409684
0.0003658672,0.0002007845,0.0002894165
0.0005544431,-0.0005083415,9.2737e-06
-0.0003866056,-0.0003470932,-1.7123e-06
0.0002297752,0.0012079756,-8.65486e-05
0.0006600212,0.00127333,0.0010669808
-0.0002920125,-0.0004283282,5.81003e-05
0.0003438972,-0.0008876415,-0.0006291346
0.0004177408,0.0003388228,0.0005750524
-0.0005617554,0.0011749929,0.0008472609
0.0006563595,0.0004243333,-0.0002519488
0.0004836508,-0.0007636513,5.99313e-05
-0.0007961021,-6.49087e-05,-0.0001652815
0.0006246251,0.0005745874,0.000160026
0.0004677836,0.0002539231,0.0009522382
-0.0003737898,0.0001861256,-0.0004966924
0.0006526978,0.0003040078,-0.0002665968
7.90365e-05,0.0004591482,0.0012146814
-0.000128458,8.71777e-05,-9.38726e-05
0.0007350854,7.06864e-05,-0.000538195
-5.40041e-05,0.0006515468,0.0009534589
-0.0001058777,0.0009728218,-0.0001750469
0.0006240148,-0.0001180474,0.0002289936
-0.0001443252,-0.0007954124,0.0006617197
3.26554e-05,-3.219e-06,-0.0006852853
0.0005434581,0.0009196831,0.0005597941
6.31693e-05,0.0004756395,0.0016614451
0.0002340471,-0.0005022336,-0.0010215787
0.0004836508,-0.0008332813,0.0001942046
-0.0004067448,0.0008195137,0.0005707801
0.0004415417,0.0012458445,-0.0001256099
0.0005416272,0.0004420461,0.0003486188
-0.0001748391,-0.0003208293,0.0003394639
0.0002273341,0.0001305438,-0.0008500752
0.0002017024,0.000352871,0.0009058529
-0.0003585328,0.000416393,0.0003150505
0.000966991,5.1752e-05,-0.0004142974
-6.2548e-05,-3.8298e-06,0.0008045376
-0.0003713486,0.0002551447,0.0003303089
0.0006197428,-0.0003373206,-0.0003306818
-1.67771e-05,-0.0001186582,0.0004072108
5.8032e-06,0.0008250108,0.0003779148
0.000666124,0.0008048548,-0.0001378166
-0.0004470231,-0.0001400358,0.0006873537
0.0001522699,-0.0003782435,-0.0006852853
0.000808929,0.0003253854,0.0002961302
-0.000455567,0.0011554477,0.0011713477
0.0002584583,0.0004579267,-0.000450307
0.0008070982,-0.0007740348,0.0002558482
-0.0006087468,-0.0001565271,0.0005707801
0.0005733617,0.0006814754,-8.83796e-05
0.0001797324,0.0005348861,0.0002857546
-0.0001583616,-7.2849e-05,0.0006281514
0.0006105887,-0.0002646367,-0.0011308283
-0.0001669055,0.0001946766,0.0008472609
-4.48499e-05,0.0005648147,0.000675147
0.000896809,-4.23095e-05,-0.0006974919
-0.0001900961,0.0002826302,0.0004816714
7.53749e-05,0.0006399418,0.0005066951
0.0008400532,0.0001910119,-0.0001469715
-0.0004152887,-0.0002860143,0.0005408737
0.0004189614,7.4962e-05,-0.0001079102
0.0006081476,0.0007529377,-6.595e-06
-0.0005458881,0.0009361744,0.0008417679
0.0004732761,-0.0003116675,-0.0001774882
0.0005745823,-0.0004649755,-0.000475941
-0.0004659417,0.00051473,0.0008039273
0.0003097216,0.000818903,6.8324e-06
0.0006197428,-0.0001998931,0.0003510602
-0.0002529547,-0.000515671,0.0002216696
0.0003353533,8.65669e-05,-0.0001158446
0.000253576,0.0008305079,0.0002546276
-6.13274e-05,0.0002099463,0.0007056637
0.0004824303,8.59562e-05,-0.0005937353
0.0003554925,0.0002594202,0.0003669288
-0.0005123229,0.000526335,0.0003052852
0.0005947214,0.0003779133,-8.83796e-05
0.0005233189,-0.0001937852,0.0004029385
-0.0003731795,9.93935e-05,5.5659e-05
0.0004079764,0.0006930804,-0.0001304926
0.0004256744,4.99196e-05,0.0008637399
-0.0005013379,-0.0006219483,-0.0002159392
0.0008669054,0.0002013953,-0.000466786
2.83835e-05,0.0006094023,0.0013703163
-0.0004604492,0.0004872445,-0.0002842965
0.0009773657,-0.0003794651,-0.0005192747
-2.04388e-05,7.7752e-06,0.0011206901
-0.0003066592,0.0006552115,-7.31213e-05
0.0009004707,0.0004206685,-0.0002348595
-0.0003103208,-0.0001284308,0.0010175438
0.0001205354,6.39678e-05,-0.0006358483
0.0006447642,0.0004719748,-8.41072e-05
-0.0004177298,0.0003186668,0.0015216789
0.0003292505,-0.0001137718,-0.0010264614
0.0006545287,-0.0002169952,-0.0001036379
-0.0007259202,0.0006356663,0.0010779668
0.000743019,0.0006436065,-0.0004588517
0.0003426766,-0.0003189969,0.0003467879
-0.0005165948,-0.0001638565,0.0004529858
0.0007625479,0.0003400444,-0.0006877266
7.72057e-05,0.0004707532,0.0010950561
-0.0003505992,0.0003553141,0.0003626565
0.0009309846,-6.79627e-05,-0.001089936
-1.06743e-05,0.0001604724,0.0012165124
-0.0002785864,0.0003327149,0.0004596995
0.0008894857,0.0001739098,-0.0008470235
-0.0001290683,0.0001580293,0.0011365588
4.97432e-05,0.0006124563,2.087e-05
0.0008034365,0.0002142218,-0.0003892737
-0.0005428368,-2.6429e-05,0.0008393266
0.0002804283,-2.9483e-05,-0.0001884742
0.0006740576,0.0003076726,-0.0003203061
-0.0004287148,0.0003681407,0.0013245413
0.0005092825,8.47346e-05,-0.0005388053
0.0003622055,5.90814e-05,-0.0002745311
-0.000363415,0.0003595896,0.001287311
0.0007790254,0.0001977305,-0.000596787
2.41115e-05,0.0002404858,-6.595e-06
-0.0004689931,0.0005471019,0.0008722846
0.0009810274,7.1644e-06,-0.0003758464
7.634e-06,-8.26216e-05,0.0002296039
-0.0003206956,0.0003595896,0.0006562267
0.0009651602,0.0001506998,-0.0002208218
-0.0002682117,0.0001574185,0.0003370225
0.0001962099,-8.87295e-05,0.0007892793
0.0005837364,0.0002221621,-0.0009452871
-0.0003823336,0.000682697,0.0007599833
0.0002944647,0.0005660363,0.0003419052
0.0008388326,-0.0003464825,-0.0001842019
-0.0006783185,4.32009e-05,0.0002900269
0.0004360492,0.0004866337,0.0003260365
0.0005318628,0.0002777439,-2.55153e-05
-0.0001797213,6.15246e-05,0.0008197959
0.0007479012,-0.0001235445,-2.36843e-05
8.94113e-05,8.41238e-05,8.92273e-05
-0.0004396998,0.0004334951,0.0004279621
0.0009242716,0.000271636,-0.0001402579
0.0001119915,0.0003107265,0.0001130303
-0.0003847748,0.0006185642,0.0001557536
0.000857141,-3.68124e-05,0.000119744
-0.000209625,-0.0001980607,0.0001240163
-9.18413e-05,0.000106723,0.0002082423
0.0007125051,0.0007712614,-6.94593e-05
-0.000238308,0.0005428263,0.0008643502
0.0001504391,-0.0003000625,-0.0001555162
0.0007948926,-0.0006543201,-7.00696e-05
-0.0006758774,0.0002814086,0.0004072108
0.0003365738,0.0008396698,0.0002003079
0.0007601068,0.000184904,0.0001691809
-0.0005818945,-1.11593e-05,0.0002949095
0.0005709206,-0.0001003345,-0.0002257045
0.0003207066,0.0002111679,0.0001771153
-0.0004494642,0.0002722468,0.0009497969
0.0008052673,0.0002386534,-0.0007902625
0.0001858352,0.0002783547,0.0005091364
-0.000617901,0.0006094023,0.0004554271
0.0012825047,-1.3867e-06,-0.0001701642
-0.000249293,-0.00012782,0.0001642983
-0.0002169483,0.0004243333,0.0003736425
0.0010451066,0.0003168344,-3.52806e-05
-0.0005635862,0.0003223315,0.0004719061
0.0002303855,-0.0003666385,0.0002125146
0.000863854,-1.7878e-05,-0.0003605881
-0.000459839,0.0006472712,0.0010266988
0.0003341327,0.0003937938,8.053e-06
0.0008009954,-0.0003031164,-5.35906e-05
-0.0006758774,9.32856e-05,0.0003425155
0.0006002139,0.000552599,7.70207e-05
0.0004848714,0.0004933524,0.0002485242
-0.0006258346,0.0004151714,0.0002906372
0.0010084899,-0.0001180474,7.82413e-05
-1.49463e-05,-4.29203e-05,2.2701e-05
-0.0006563485,0.0006387202,0.0003852388
0.0009511238,0.0002062816,-7.98349e-05
1.19059e-05,-0.0002096657,0.0004041592
-0.0002663808,0.0001452027,6.2983e-05
0.0007857384,-8.7161e-06,6.2983e-05
-0.0002822481,-4.71958e-05,0.0005591837
7.29337e-05,0.0001281006,-0.0003251888
0.0009096249,0.0001940658,0.0003455672
-0.0005837254,0.0007077394,0.0004059902
0.000264561,8.47346e-05,-1.7581e-05
0.0008168626,-0.0001840126,-0.0001536852
-0.0006569587,0.0004322735,0.0002570689
0.0005532225,0.0009221263,0.0002491346
0.0006606315,0.0002410966,0.0005622354
-0.0005593143,-0.0003996211,-6.09146e-05
0.0005599356,-0.0002121089,-0.0002391318
0.00037197,0.0004738072,0.0009497969
-0.0005648068,0.0005855816,0.0001258473
0.000857141,-0.0001681321,-0.0002562212
-5.64452e-05,-7.59029e-05,0.0003730322
-0.0004201709,0.0003876859,0.0001917633
0.000841884,4.0147e-05,-0.0002116668
-7.47535e-05,-6.1244e-05,0.0005890901
-0.0001205244,0.0005593176,-0.0002794138
0.0007680404,0.0003027863,0.0002918579
-0.0003255778,0.0002569771,0.0007020017
0.0003652569,-0.0002255462,-0.0001030276
0.000378683,3.77038e-05,-0.0001933569
-0.0004421409,0.0010100799,0.0007404526
0.0006063167,0.00053794,3.97904e-05
0.00037197,-0.0001485868,-0.0001829812
-0.0003402245,-2.09319e-05,0.0003162712
0.0004519164,0.0002355995,-7.19006e-05
0.0001907174,0.0002032276,0.000697119
-5.52246e-05,-5.88008e-05,5.9321e-05
0.0004805994,-9.48374e-05,-0.0001591782
0.0001193149,0.0006148994,0.0008222373
0.0001205354,0.0002734684,0.0002119043
0.0004214025,-0.0002487562,-0.0001390372
0.0001010065,0.000294846,0.0004810611
0.0003914989,0.0005684795,0.0003309192
0.0001229765,0.0001482566,-9.0363e-06
0.0002297752,0.0002575879,0.0003382432
0.0003585438,6.76325e-05,-9.6466e-06
-2.16593e-05,0.0003974585,0.0003565532
0.0003353533,0.0002924028,0.0004297931
0.000242591,-0.0001009453,-0.0002849068
-0.0001522588,0.000129933,0.0001612466
0.0004311669,0.0005605392,0.0002204489
0.0003487794,7.25188e-05,0.0003010129
-0.0002810275,2.42665e-05,-0.0001799295
0.000433608,0.0002917921,-1.7123e-06
0.0001864455,0.0003137805,0.0005469771
-0.0002102352,0.0002533123,0.0001368333
0.0004525267,3.28175e-05,-0.0001048586
0.0001461671,-9.48374e-05,0.0004938781
-0.0002059633,0.0002820194,0.0001459883
0.0007460704,0.000283241,0.0001209646
-8.4518e-05,0.0002178866,0.0004505445
-9.97749e-05,0.0002276592,4.22317e-05
0.0007601068,0.0001287114,-1.2088e-05
-0.0003426656,0.0003999017,0.0001533123
-0.0001150319,0.0005800845,0.0001484296
0.0011396997,5.54167e-05,0.0003602152
-0.0004506848,-9.72805e-05,0.0002094629
4.91329e-05,0.0001238251,-0.0002550005
0.000993233,0.0001720774,0.000746556
-0.0005611451,0.0001250467,0.0004365068
0.0005336936,-5.6622e-06,-0.0001573472
0.0006496465,0.0002246053,0.0001295093
-0.0007594854,0.0006765891,0.0005756627
0.0008510382,-6.18548e-05,-0.0001060792
0.0004934153,-0.0002102765,-3.71116e-05
-0.0007155454,0.0006087915,0.0003638772
0.000846156,0.0007541593,-3.22289e-05
0.0003146038,-0.0001137718,0.0006415787
-0.0004769267,-6.36871e-05,-0.0002250942
0.0009950638,0.0001684127,0.0002326556
-0.0002956742,0.0006436065,0.0005158501
-0.0001632438,8.22914e-05,0.000145378
0.0009968946,-0.0003104459,-0.0001567369
-0.0004134578,0.0004701424,0.0004999814
-0.0001778905,0.0005831384,-6.82386e-05
0.0009047427,-8.50648e-05,0.0002021389
-0.0002138969,-0.000382519,0.0004737371
-5.52246e-05,0.0003748594,-0.000446645
0.0007314237,0.0003705838,0.0008472609
-0.0002468519,0.0001103877,0.0003321399
0.0004201819,-0.0001815694,-0.0005705426
0.0004244539,0.0005116761,0.0002015286
-0.0002242716,0.000752327,0.0010785771
0.0004726658,-6.06332e-05,-0.0006761303
0.000360985,-0.0003354883,6.23727e-05
-0.0003219161,0.0004982387,0.0004493238
0.0006819912,0.0007315601,0.0001569743
0.0003353533,-0.000284182,0.0006525647
-2.71518e-05,-0.0002328757,-0.0003880531
0.0005294217,0.0003540925,-9.63139e-05
-4.54602e-05,0.0009459471,0.0008844912
0.0004232333,-8.20108e-05,0.0002503552
0.0003030086,-0.0003031164,-0.0009611558
-0.0002065736,0.00053794,0.0009443039
0.0002804283,0.0005116761,0.0002106836
0.0004104175,-0.0002689123,9.71617e-05
0.0001406746,-0.0001461437,0.0003724218
0.0001040579,0.0005532097,-0.0001597885
-6.19377e-05,0.0008616582,0.0002198386
0.0003085011,0.0001714666,0.000634865
0.0002291649,-0.0004185556,-0.0003770671
-0.0002822481,0.0004035664,-0.0002574418
0.0003518308,0.0006460497,0.0009528485
0.000268833,1.99909e-05,-8.83796e-05
4.73021e-05,-0.0003220509,0.000121575
0.0004098072,0.0001952874,0.0003492292
-7.90255e-05,0.0003656975,0.0003138299
0.0001724091,-1.66564e-05,0.0003815768
0.0006276764,-0.0003037272,0.0001246266
-0.0001449355,0.0004536511,-0.0002684278
0.000180953,0.0011365132,0.0004627511
0.0007546143,0.0001684127,0.0004426101
-0.0001882652,-9.48374e-05,-0.0005668807
0.000301788,9.26748e-05,0.0004493238
0.00052576,0.0006356663,0.0006196067
-0.0001907064,0.0004096743,-4.62666e-05
0.0006087578,-8.32324e-05,0.0002747686
0.0004799892,-0.0002731878,0.0003278675
-0.0005001173,0.0006497144,-0.0003380058
0.0005910598,0.0002795763,0.0008680122
0.0002853105,-0.0001888989,-4.93183e-05
-0.0003036078,0.0002575879,-0.0008055209
0.0003420663,0.0007370572,0.0007251943
0.0001833941,0.000404788,0.000655006
-2.28799e-05,-0.0004594784,-0.0007335016
0.0002926338,-0.0003037272,0.000117913
2.35012e-05,0.0006057376,0.0009168389
5.70665e-05,0.0007627104,-0.0003587571
0.0004220128,-0.0002854036,0.000722753
9.61243e-05,-0.0002139412,2.57527e-05
-1.98285e-05,0.0003430983,-0.0003996494
0.0002749358,0.0005544313,0.0010291401
0.0001583727,4.74765e-05,0.0003650978
0.0003103319,-0.0001241553,-0.0009141601
0.0001418952,0.0005990189,0.0008197959
8.8801e-05,0.0006692597,0.0009522382
0.0004751069,-0.0001455329,-0.0006718579
0.0001699679,-0.0006109541,0.0005359911
-0.0001424944,0.0007578241,-9.75346e-05
0.0006130298,0.0007877527,0.0002643929
0.0001388438,3.89254e-05,0.0004676338
0.0002969058,-0.0004796345,-0.0002525592
0.000492805,9.87827e-05,-4.44356e-05
-0.0002834686,0.0006460497,0.0009125665
0.0003225374,0.0002673605,-0.0001933569
0.0005044003,-0.0001180474,-0.0001591782
-0.0001669055,0.0002740792,0.0008667916
0.0003085011,0.0004994603,-0.0002501178
0.0003066702,-1.36024e-05,0.0002173973
-0.0001278477,-9.36158e-05,0.0002491346
0.0005294217,0.0002410966,-0.0001152342
-5.88863e-05,0.0007114041,0.000158195
-9.85544e-05,0.0002691929,0.0008362749
0.0006411026,-0.000405729,-0.000589463
-0.0001266272,-0.0003446501,0.0003901215
-5.7921e-06,0.0008182922,0.0005439254
0.0004207922,0.0005128977,9.2737e-06
-0.000113201,-6.30764e-05,0.0001624673
0.0002450321,-0.0003428177,0.0001850496
0.0005031797,0.0001726882,2.88044e-05
-0.0002676014,0.0004939632,0.000689795
0.0002743255,0.000193455,-5.54216e-05
0.0007466807,-6.1244e-05,-8.16659e-05
-0.0002499033,0.0002453721,0.0005280568
0.0003359636,0.0008598258,3.3687e-05
0.0004128586,0.0002221621,-2.36843e-05
-3.81369e-05,7.67943e-05,0.0002357072
0.0004824303,0.0003516494,6.4814e-05
0.0002297752,0.0004066204,0.000127068
-0.0004043037,-0.0001565271,0.0005170708
0.0008101496,-0.0002664691,-0.0003312921
0.0002926338,7.55727e-05,0.0006409684
-0.0003945392,0.0007346141,0.0004902161
0.0006435437,0.0001812392,-2.36843e-05
0.0002828694,-0.0004356576,0.0002515759
-0.0003792823,-9.97237e-05,0.0002924682
0.0007399676,0.0008750955,-0.0002952825
-1.12846e-05,0.0005550421,0.0010169335
-0.0001424944,0.0002160542,-0.0001201169
0.0009816377,-0.0001113287,-0.0002611038
-0.0004360381,0.0003424875,0.0006244894
-0.0002852994,0.0005208379,3.06354e-05
0.0010835541,-1.9975e-06,-0.0001860329
-0.0003725692,-1.29917e-05,0.000708105
-5.94966e-05,0.0004353275,-0.0003758464
0.0006575801,0.0003082834,0.000121575
-0.0003042181,-0.0001406466,0.0009528485
0.0003762419,-0.0004637539,-0.0007640182
0.0005715309,0.0001708558,0.0005579631
-0.0005098817,0.000592911,0.000691626
0.0005050106,0.0002936244,-0.0007115296
0.0006826015,1.51046e-05,0.0007239736
-0.000117473,0.0001354301,0.000614724
0.0002828694,0.0002221621,-0.0008403098
0.0001754604,0.0006051268,0.0008936462
0.0003097216,0.0003376012,0.000598245
0.0003731905,0.0001201603,-0.0009678694
-8.69591e-05,0.0005183948,0.0010749151
0.0002486938,0.0002032276,0.0003095575
0.0001864455,-0.0003733572,-0.0008952398
-5.8276e-05,0.0003101157,0.0007990446
0.0004128586,0.0005874139,0.0004328448
-1.37257e-05,0.0001836824,-0.0005223263
3.99787e-05,-0.0002053902,0.0006336444
0.0006642931,-0.000628667,0.0004633615
-0.0002376978,0.0001250467,-0.0006602616
-1.79977e-05,0.0008561611,0.0010297505
0.0006234045,0.0004915201,0.0003840182
2.83835e-05,-0.0002243247,-0.0005357537
-7.17021e-05,0.0001568077,0.0003266469
0.0004348286,0.000619175,0.0005616251
2.1415e-06,0.0005245027,-0.0004014804
5.46254e-05,0.0003553141,0.0002436416
0.0006136401,0.0003278286,0.0003089472
-9.67235e-05,0.0002624742,-4.13839e-05
8.02571e-05,-0.0004619216,0.0009345385
0.0007039612,-0.0006659251,-0.0001103516
-0.00026455,0.0001024475,-8.77692e-05
7.59851e-05,0.0009282342,0.0007886689
0.0007485115,0.0003443199,0.0001978666
-0.0001418841,-0.0004442087,-0.0004124664
0.0002212313,9.26748e-05,0.0001173026
0.0004683939,0.0008867005,0.0002521862
-0.0004458026,0.0009019703,-0.0002153288
0.0007118948,-9.78913e-05,0.0005524701
0.000422623,-0.0001143826,-0.0001262202
-0.0002938433,0.0001238251,0.0005134088
0.0005678692,0.0002215513,0.000161857
0.0002419808,4.93088e-05,0.0004932678
-0.000297505,0.0002520908,-7.92246e-05
0.000433608,0.0002184974,0.0003150505
1.43471e-05,0.000263085,0.0002350969
0.0001022271,-0.0001821802,0.0001923736
0.0003646466,0.0002026169,6.60347e-05
5.09637e-05,0.0005996297,0.0005933624
0.0001553213,0.0001977305,0.0002808719
0.0001962099,-0.0001400358,-0.0001982395
4.91329e-05,0.0003369904,-2.97876e-05
0.0003152141,0.0004121175,0.0007032223
0.0001467774,0.000662541,-0.0001329339
0.0004537472,-4.53635e-05,0.0002314349
-0.0002822481,-0.0002041686,-0.0001616195
0.0004189614,0.0001745206,0.0004944884
0.0004098072,0.0002539231,0.0003168815
-7.41433e-05,-4.47527e-05,0.0005567424
0.0002737152,0.0001678019,-0.0002861275
0.0004384903,5.1752e-05,0.00077219
-0.0002871303,-0.0001113287,0.0004444411
0.0007564451,0.0002539231,-0.00054735
-3.6306e-05,0.0006539899,0.0002900269
-0.0002907919,0.0011530045,0.0003815768
0.0011226119,0.0002734684,-0.0001390372
-0.000205353,-0.0003409854,0.0002076319
-0.0005062201,0.000318056,-0.0001317132
0.0009505135,0.0003901291,0.0002045803
-0.0002199997,-7.65137e-05,0.0009235525
0.0001479979,-0.0001998931,-0.0001909155
0.0006362203,-0.0001168258,9.9603e-05
-0.0005123229,0.0001952874,0.0008722846
0.0003744111,-0.0001388142,-0.0001469715
0.000602655,1.81586e-05,-0.0001457509
-0.0006514662,0.0007272846,0.0004584788
0.0004555781,0.0008091303,-0.0001426992
0.0007216593,7.31296e-05,0.0005152398
-0.0004244428,0.0001409272,-5.78629e-05
0.000508062,0.0005825276,-0.0002287562
0.0002364882,0.000726063,0.0008612986
-0.0001351711,4.32009e-05,0.0003516705
0.0004714453,-0.0004814668,-0.0008622818
8.8546e-06,0.0003437091,0.0007288563
2.9604e-05,0.0003736378,0.0009559002
0.000677109,-0.0005700312,-0.000591294
-7.623e-06,-0.0003324343,0.0005561321
-0.0001089291,0.0007859204,8.73963e-05
0.0006941967,0.0004805259,0.0003559428
2.47218e-05,-1.05485e-05,0.0005091364
0.0002969058,-0.0002108873,-0.0001286616
0.0001132121,0.0005202271,-0.0003752361
-0.0001345608,0.0011994245,0.0007807346
0.0007704815,0.0003046186,0.0003113885
6.86618e-05,-0.0002347081,-0.0006083833
-0.0003353422,0.0003650867,0.0004261311
0.0005129442,0.00022827,0.0004291828
0.0001095504,-0.0001070532,8.61757e-05
7.634e-06,-0.0001601918,6.78657e-05
0.0003792933,0.0003253854,0.0001258473
-6.9261e-05,0.0003773025,0.0005176811
0.0002230621,-0.0003916808,0.0001740636
0.0005428478,-0.00081679,9.2279e-05
-0.0004415306,0.0006289476,-0.0002482868
0.0004397108,0.0010797099,0.0008106409
0.0004635117,0.00022827,0.0001594156
-4.42396e-05,-0.0002334865,-9.44829e-05
0.0004305567,0.0003620328,-8.59382e-05
0.0003213169,0.0005916895,0.0008301716
-0.0003066592,0.0007682075,-0.0001823709
0.0009639396,0.0001476458,-2.85669e-05
-8.69591e-05,9.08425e-05,0.0003510602
-5.27835e-05,0.0005202271,8.98377e-05
0.0010414449,-0.0002676907,0.0005121881
-0.0003902673,-0.00048391,0.000139885
-0.0001046572,0.0003644759,-0.000514392
0.0008553101,0.0006063484,0.0008527539
-0.0003994214,-1.7878e-05,0.0007825656
0.0004293361,-0.0006311101,-0.0008580095
0.000595942,9.87827e-05,0.0002595102
-0.000650856,0.0012073648,0.0010138818
0.0007332545,0.0006985775,-0.0003465504
0.0004830406,-0.0003440393,0.0001923736
-0.0007887788,0.0001800177,-0.0001677229
0.0007973337,0.0006466605,-3.34496e-05
0.0003799036,0.0004622022,0.0010199851
-0.0003713486,-0.000194396,6.4814e-05
0.0006649034,-7.34598e-05,-0.0009153808
-0.0001089291,0.0004145606,0.0014203636
-0.0001632438,9.5118e-05,0.0004938781
0.0010036077,-0.0007190637,-0.0006157073
-0.0002309847,8.77885e-05,0.0006031277
-0.0002462416,0.0009728218,0.0005134088
0.0008723979,0.0003748594,-0.0002147185
-0.0001547,-0.000324494,0.0004066005
-1.25052e-05,4.25901e-05,-0.0002952825
0.0008113701,0.0010259604,-9.6466e-06
-0.0003286292,0.0009123537,0.0008503126
0.0005617664,-0.000327548,-9.44829e-05
0.0006050962,-0.0003446501,-0.000543688
-0.0004158989,0.0004133391,0.0009638345
0.0002322163,0.000283241,8.43447e-05
0.0007332545,-0.0001430897,-0.0001317132
-0.0004043037,0.0001958982,0.0003943938
0.0002901927,0.0004090635,4.04007e-05
0.0003603747,0.0002679713,0.0002973509
-0.0001156422,-0.0001779047,0.0003834078
0.0001223663,-7.52921e-05,-0.0008018589
0.0003536616,0.0008066872,0.0005915314
-5.64452e-05,0.0007969146,0.0010620981
0.0001620343,-0.0003061704,-0.0007023746
0.0002187902,-0.0004264958,-0.0001341546
4.18096e-05,0.0004066204,0.0008667916
6.62207e-05,0.0007889743,-2.06326e-05
0.0003335225,4.07578e-05,0.0002357072
0.0001955996,-0.0004368792,4.1011e-05
4.0589e-05,0.0001623048,-2.55153e-05
0.0002767666,0.0006136779,0.0005634561
0.0002370985,-8.26216e-05,0.0004700751
-3.9613e-06,0.0003229423,-0.0007029849
0.000514775,0.000619175,0.000676978
2.7518e-06,0.0004707532,0.0003797458
0.0001626446,0.0001256574,-0.0002031222
0.0004982975,-0.0001094963,-2.91773e-05
-7.10919e-05,9.02317e-05,0.0005543011
4.42507e-05,0.0006546007,-2.97876e-05
0.0007814665,6.64109e-05,0.0005848177
-0.0004085756,-0.0005553723,0.0002448622
0.0003091113,8.10698e-05,-0.0002922308
0.0006935865,0.0005977973,0.0006592783
-0.000565417,0.0007004099,0.0003071162
0.0003188758,0.0002734684,-0.000541857
0.0007588862,-1.9975e-06,0.0002930785
-0.0006807596,0.0002423181,0.0005189018
0.0004653425,0.0003101157,-0.0003349541
0.0006417128,-0.000124766,0.0008057583
-0.0005428368,0.0003247747,9.2279e-05
0.0005843467,0.0005049574,-8.71589e-05
0.0004329978,0.0001708558,0.0008240683
-0.0006166804,-0.0002365404,-0.0003941564
0.0006697856,-4.47527e-05,-0.0003068788
0.0003286402,0.0007211767,0.0008820499
-0.0004720445,0.0006301692,-0.0001024172
0.0006581903,-7.71245e-05,-0.0003868324
0.0003219272,-0.0003556443,0.0009467452
-0.0002596678,0.0001164956,-0.0003209165
0.0005758028,0.00025148,0.0003364122
5.64562e-05,0.0005391616,0.0004053798
-7.623e-06,0.000459759,-0.0002794138
0.0006380512,0.0002930136,0.0002387589
0.0001071093,0.0002502584,0.000665992
-1.12846e-05,-0.000162635,-0.0004167387
0.0004134689,0.0001641372,0.000119744
0.0003182655,0.0005196163,0.0008881532
2.7518e-06,0.0001305438,-0.0001195066
0.0003506102,-0.0002231031,0.0001679603
5.70665e-05,-6.273e-06,0.0003351915
3.26554e-05,0.0003534817,7.33587e-05
0.0002523555,0.0005373292,0.0002735479
0.0001333513,0.0003974585,0.0002210593
0.0002181799,-0.0001705752,6.222e-06
-5.7921e-06,5.29736e-05,1.3546e-05
0.0002059743,0.0005067898,0.0004712958
0.0001992613,0.0003779133,9.10583e-05
0.0001492185,9.63396e-05,0.0003510602
0.0002743255,0.0001250467,-2.3226e-06
-7.623e-06,0.0001348193,0.00011242
9.00215e-05,0.0002343779,0.0003980558
0.0004000428,0.0003278286,-0.0001665022
0.0001187046,0.0002294916,0.0004181968
1.55676e-05,-2.33751e-05,0.0003473982
0.0005263703,-0.0002670799,9.28893e-05
-0.0001125908,4.19794e-05,9.65513e-05
0.0002761563,0.0004750288,0.0006360857
0.0006606315,0.0008775387,4.58937e-05
-0.0002352566,0.0002227729,0.0002308246
0.0001699679,-5.51361e-05,0.0001118096
0.0006783295,0.0002075032,-0.0001463612
-0.0002999461,0.0004518188,0.0005543011
0.0001467774,0.0004402138,0.000143547
0.0007393573,-3.219e-06,-9.6466e-06
-0.0005172051,-0.0001962284,0.0004859438
0.0002602891,-6.00224e-05,0.000139885
0.0005434581,0.0001213819,-4.44356e-05
-0.0004610595,0.0003314933,0.0005878694
0.0002914133,0.0005074006,-0.0002617142
0.0005892289,0.00022827,0.000125237
-0.0006459737,1.75478e-05,0.0003309192
0.0004574089,0.0003974585,-0.0004167387
0.0002853105,0.0004634238,0.0003693702
-0.0004110167,0.0002056708,0.000766697
0.0005239292,-0.0002652475,-0.000468617
9.85654e-05,-2.88722e-05,0.0002930785
-0.0004378689,0.0002673605,0.0008246786
0.0008400532,0.0004414354,-0.000569322
1.98396e-05,0.0003113373,0.0005829867
-0.0004207812,0.0003522602,0.0002314349
0.0006929762,-6.61303e-05,-0.0004063631
-0.00026455,0.0002685821,0.0003901215
-0.0001583616,0.0002917921,0.0002875855
0.0007820768,0.0002820194,-0.0001860329
-0.000385385,0.0001134417,0.0006232687
-7.23124e-05,-0.0002457023,0.0001899323
0.0005245395,-1.17701e-05,-0.0005284297
-0.0004451923,0.0003376012,0.0009571208
8.20879e-05,0.0007792017,-0.0001988499
0.0005758028,-0.000182791,0.0002161766
-0.0004781473,0.0001293222,5.5659e-05
0.0001955996,0.0001604724,4.16214e-05
0.0001827838,0.000494574,3.06354e-05
-0.0001955886,0.0004170038,0.000726415
0.0001473877,0.0002881273,-0.0006822336
-0.0001998605,0.0002362103,0.0002192283
-0.0002956742,0.0002386534,0.0003010129
0.0002078052,-8.56756e-05,-0.0004094147
-0.0003225264,0.0003082834,9.10583e-05
-0.0003585328,0.0003461523,0.000152702
8.75804e-05,-0.0001614134,4.95557e-05
-0.0003292395,-0.0001333171,-0.0001512439
-0.0002199997,4.50333e-05,0.0003724218
-0.0001290683,0.000448154,-0.0001616195
-0.0002669911,0.000208114,0.0004047695
-0.000187655,8.9967e-06,-0.0002586625
-0.0003798925,0.0001458135,-6.33559e-05
-7.17021e-05,0.0004957956,0.0003412949
-0.0002877406,0.00018185,-0.0001469715
-0.0002547855,0.0002380426,-0.0001701642
-0.0002529547,0.000529389,0.0002784306
-0.0003182545,0.0002673605,0.000103265
-0.0005818945,0.0002026169,-0.000499744
4.30301e-05,3.4996e-06,0.0005182914
-0.0006880829,0.0003107265,-0.0004448141
-0.0006063057,0.0003406552,-2.73463e-05
-0.0001553102,0.000126879,0.0001465986
-0.0006783185,-0.0001033884,-0.0002153288
-0.0006124084,0.0003809672,-0.0005082887
-0.0002950639,-1.4824e-05,0.0004188071
-0.0008388216,0.0003027863,-0.0004271144
-0.0004000317,0.0002093355,-0.0002177702
-0.0004842501,8.83993e-05,-7.2053e-06
-0.0010005453,0.0004683101,-0.0003880531
-7.84152e-05,0.0004353275,5.32177e-05
-0.0005934898,-0.0003226617,0.0002918579
-0.0010780506,0.000118328,-0.0008323755
9.209e-07,0.000529389,6.23727e-05
-0.0008711663,0.0003449307,0.0004926574
-0.0008052563,0.0001513106,-0.0007267879
0.0001833941,-0.0005535399,0.0001136406
-0.0010743889,-0.0001840126,0.0001826083
-0.0007845068,0.0005110653,-0.0009422354
0.000235878,0.0004255548,0.0006189964
-0.0006758774,-6.79627e-05,0.0004072108
-0.0004903528,9.81719e-05,-0.0015525684
-0.0001559205,3.09851e-05,0.0008039273
-0.0013044637,0.0003760809,0.0003510602
-0.000187655,1.14399e-05,-0.0010801707
-0.0004378689,0.0001897903,0.0008936462
-0.0008589608,0.0001580293,0.0006196067
-0.0003011667,-3.8298e-06,-0.0017509267
-0.0003219161,-5.20822e-05,0.0012079677
-0.0008186824,0.0007828664,-0.0001872535
1.67882e-05,0.0003602004,-0.0008104035
-0.0008571299,0.0003473739,0.0006727057
-0.0006453635,-0.000761819,0.0004694648
-0.0004171195,-0.0004820776,-0.001725903
-0.0010914767,0.0008671553,0.0008875429
-0.0008784897,0.0013576189,0.0002698859
-0.0001736186,-0.0001485868,-0.0008500752
-0.0011940034,-0.0007557111,9.65513e-05
-0.0011055131,2.5488e-05,-0.0001201169
-0.0006880829,0.0009086889,-0.0005870216
-0.0008461449,0.000905635,0.0004798404
-0.0007301921,-7.71245e-05,-0.0003673018
-0.0008119694,-0.0004185556,-0.0008549578
-0.0012184145,2.24341e-05,0.0001679603
-0.0009541641,0.0001958982,-0.0003923254
-0.0006203421,0.0005110653,-0.0006419516
-0.0007466696,0.0005562637,0.0001008237
-0.0011897314,0.0004951848,-0.0007292292
-0.0010139714,-0.0001204905,-0.0003080995
-0.0007051707,-0.0004735266,0.0001203543
-0.0009462305,0.0001006151,-0.0007994175
-0.0013697634,0.001070548,-0.0003270198
-0.0007784041,0.0003192776,0.0006189964
-0.0010151919,-0.0006842488,-0.0015092348
-0.0010969692,-0.0004545921,-0.0003496021
-0.0011476223,0.0007639319,0.0002412002
-0.0011421298,0.0009105213,-0.0006663649
-0.001223907,-0.0002310433,-0.000543688
-0.0011506736,-0.000680584,-0.0003105408
-0.001228179,-0.0001345387,-0.0009751934
-0.0017145705,0.0007792017,-0.0005449087
-0.001006648,0.0005587068,0.0001368333
-0.0012409948,-0.0001553055,-0.0013078249
-0.0018756839,-1.97103e-05,-0.0009532214
-0.0014539818,0.0003968478,-0.0003837808
-0.001338029,0.0002924028,-0.0007969762
-0.001425909,0.000118328,-0.0010514851
-0.0013368084,0.0004108959,-0.0005925146
-0.0018140458,0.0005110653,-0.0004411521
-0.0014277399,-0.0001357602,-0.0012370263
-0.0013410804,-0.000272577,-0.0006645339
-0.001632183,0.0006985775,-0.0006694166
-0.0013001918,0.0008842574,-0.000490589
-0.0015638319,5.29736e-05,-0.0003813394
-0.0014533715,-0.0005547615,-0.0009770244
-0.0013734251,-0.0001058316,-0.0008238308
-0.0017963478,0.0009642707,-0.0001176756
-0.0012178042,0.0006136779,-0.0002525592
-0.0016596455,-3.74232e-05,-0.0012742566
-0.0017072472,-3.13153e-05,-1.0257e-05
-0.0014393351,0.0005208379,-0.0006865059
-0.0018152664,0.0003858536,-0.0006694166
-0.0018030608,0.0005122869,-0.000558336
-0.0014985321,5.23628e-05,-0.000519885
-0.0021204054,0.0004011233,-0.0012547259
-0.0017762086,0.0002325455,7.4427e-06
-0.0017188425,0.0001311545,-0.0009806864
-0.0021039279,0.0001238251,-0.0010063204
-0.0019525789,0.0004560943,-0.0003111511
-0.0019489173,-7.46813e-05,-0.0006877266
-0.0024249341,0.0001073338,-0.0015830851
-0.0019165725,0.0002618634,-0.0001085206
-0.0020526645,0.0001690235,-0.0005192747
-0.0023974716,9.45072e-05,-0.0013163696
-0.0023114224,0.000329661,-0.0003837808
-0.0021673968,0.0001824608,-0.0003007755
-0.002150309,-0.0001039992,-0.0011643967
-0.0022760263,0.0001879579,-0.0004765514
-0.0023797735,0.0004683101,-0.0003477711
-0.0022186601,0.0002233837,-0.0012968389
-0.0022894524,0.0001910119,-0.0003502124
-0.0021661762,0.000173299,-0.0002257045
-0.0025384458,0.0002557555,-0.0015849161
-0.0024212724,0.0002636958,-0.0003343438
-0.002176551,-0.0002542533,-0.0002373008
-0.0023687885,-0.0005327731,-0.0012998906
-0.0026635528,0.0004402138,-0.0010594194
-0.002172279,0.0004731964,0.0002247213
-0.002466433,8.96209e-05,-0.0015275448
-0.0021014868,-0.0003538119,-0.0008519062
-0.0027404478,0.000639331,-0.0009568834
-0.0025268505,0.0011151356,-0.0009574938
-0.0020850093,0.0002887381,-0.0007231259
-0.0025909297,-0.0003348775,-0.001113739
-0.0028319895,0.0004573159,-0.0015537891
-0.0025158655,0.0008091303,-0.0001481922
-0.0026775892,0.0001024475,-0.0007280086
-0.0025488205,-0.0001400358,-0.0018345423
-0.002819784,0.0002917921,-0.0001140136
-0.003102953,0.000448154,-0.0009776348
-0.0026763686,-0.0001009453,-0.0015281551
-0.0028216148,-0.0002035578,-0.0003752361
-0.0029534349,0.0002478152,-0.0012937873
-0.0028716576,0.000752327,-0.001713086
-0.0029815076,0.0006240613,-9.02106e-05
-0.0024279855,-0.0003611414,-0.0012620499
-0.0031511649,0.0001128309,-0.0021683944
-0.0030925782,0.0009758757,-2.85669e-05
-0.0027843879,0.0006167318,-0.0013285762
-0.0028521287,-0.0002169952,-0.0017216307
-0.0032866466,0.0002594202,-0.0010514851
-0.0027575356,0.0004585374,-0.0008628922
-0.0035148906,0.0004005125,-0.001782664
-0.0026470753,-0.0004423763,-0.0003062685
-0.0028441951,1.02183e-05,-0.0015952918
-0.0037425243,0.0006863617,-0.0014292812
-0.002841754,0.0006900265,-0.0003758464
-0.0025866578,-0.0004038966,-0.0011088564
-0.0037229954,5.35843e-05,-0.0020994268
-0.0030608438,0.0008671553,-0.0003929357
-0.003080983,0.0005886355,-0.0009715314
-0.0035783595,0.0002270484,-0.0020664688
-0.0028832529,0.0003290502,-0.000613266
-0.0035350298,0.0005892463,-0.0009806864
-0.003528927,0.0004640345,-0.0017545887
-0.0028258868,-0.0002432591,-0.000554674
-0.0036461004,6.15246e-05,-0.0013401726
-0.003463017,0.0007303386,-0.0017027104
-0.0031310258,0.0004304412,-0.0003093201
-0.0036937021,-0.0005480428,-0.0012834116
-0.0032329422,-0.0004209987,-0.0021873148
-0.0037425243,0.0006558223,-0.0003703534
-0.0039756505,0.0009825944,-0.001071626
-0.0030248374,0.0001800177,-0.001724072
-0.0034569142,-0.0004698618,-0.0006327966
-0.0039463572,0.0003253854,-0.0015806438
-0.0033910042,0.0010027504,-0.0014201262
-0.0035594409,0.0007627104,-0.0005009647
-0.0033977172,-3.31477e-05,-0.0017008794
-0.003680276,0.0003534817,-0.0019187682
-0.0037992802,0.0008482208,-0.0006388999
-0.0033690342,0.0001684127,-0.0016026158
-0.0032945803,-3.86448e-05,-0.0015251035
-0.0034471498,0.0005458803,-0.0009355218
-0.0037162824,0.0006839186,-0.0014164642
-0.0035014645,6.27462e-05,-0.0012474019
-0.0031633705,-0.0002780741,-0.0011802653
-0.0036107043,0.0001537537,-0.0013487172
-0.0038810574,0.0010253496,-0.0015177795
-0.0032518608,0.0005299998,-0.0007078676
-0.0037705971,-0.0002762417,-0.0014317225
-0.0035283167,-0.0002884575,-0.0017539783
-0.0039030274,0.0008976947,-0.0012394676
-0.0038926527,0.0009233479,-0.0004136871
-0.0033458436,-0.0003428177,-0.0018656693
-0.0038529846,-0.0001345387,-0.001804636
-0.0042466139,0.0010045828,-0.0006681959
-0.0036894301,0.0006069592,-0.0013981542
-0.0040128775,-0.0005223897,-0.0014140229
-0.0040507147,-0.0002444807,-0.0012791393
-0.0037852438,0.0003363796,-0.0014903145
-0.0042911642,0.0005886355,-0.001179655
-0.003463017,-3.86448e-05,-0.0008787608
-0.0034752225,-0.0003550335,-0.0016508321
-0.004025083,0.0004255548,-0.0013639755
-0.0036564751,0.001050392,-0.0011991856
-0.0029760151,9.45072e-05,-0.0006718579
-0.0038828883,-2.27643e-05,-0.0018717726
-0.0034935309,0.0006717028,-0.0013352899
-0.0037876849,0.0008976947,-0.000561998
-0.0036357257,-0.0001174366,-0.0011912513
-0.003474002,-0.0004649755,-0.0016752454
-0.004029355,0.0002319347,-0.0004142974
-0.0041196761,0.0009917562,-0.0015568408
-0.0033318072,-0.0002108873,-0.0008915778
-0.0041019781,-0.0002731878,-0.0014439292
-0.0035698156,0.0004353275,-0.001713086
-0.0039841944,0.0010693264,-0.0012925666
-0.0044644832,0.0004090635,-0.0011643967
-0.0032750514,-0.0002395944,-0.0020347315
-0.0042167103,-0.0002249354,-0.0011076357
-0.0048721489,0.0005953542,-0.0012797496
-0.0033134989,6.94649e-05,-0.0013932715
-0.0043277809,-0.0004356576,-0.0010423301
-0.0044229843,0.0001940658,-0.0015220518
-0.0035869034,0.0007297278,-0.0013206419
-0.0044809607,0.0002753007,-0.0007542529
-0.0038072138,-0.0006011815,-0.0015092348
-0.0035826315,-0.0002438699,-0.0018241666
-0.0047336158,0.0008524964,-0.0006901679
-0.003774869,0.0003101157,-0.001071626
-0.0035643231,-0.0002182168,-0.0018638383
-0.0044174918,-0.0002597504,-0.0011259457
-0.0039048583,0.0008543287,-0.0016355737
-0.0039323208,0.000726063,-0.0010685744
-0.0041886375,0.0001977305,-0.0017179687
-0.0037040768,7.67943e-05,-0.0020945441
-0.0043009287,0.0008372266,-0.0016422874
-0.0041111322,0.0005361077,-0.0009330805
-0.0037364215,-0.0007954124,-0.0021635118
-0.0043363248,-0.000602403,-0.0018662796
-0.0042887231,0.0006582655,-0.0011912513
-0.0042582092,0.0004273872,-0.0011680587
-0.0042545476,-0.0008705394,-0.0011717207
-0.004209387,-0.000825341,-0.0018723829
-0.0044937765,0.0003485954,-0.0013609239
-0.0045725024,0.0009031918,-0.0012895149
-0.0035417428,0.0001293222,-0.0012992803
-0.0042014534,3.83146e-05,-0.0019126649
-0.0046811319,0.0002337671,-0.0012699843
-0.0040086055,0.000161694,-0.0015067935
-0.0044321385,-0.0002744094,-0.0015153381
-0.0043033698,0.000126879,-0.0016667007
-0.0037327599,0.0005336645,-0.0012211576
-0.0046121705,0.0006778107,-0.0017619127
-0.0041331022,-0.0001430897,-0.0014048679
-0.0039365927,-0.000781975,-0.0017558093
-0.0049813887,0.0002575879,-0.0020902718
-0.0041727703,0.0009630492,-0.0011747723
-0.0041093014,1.0565e-06,-0.0014146332
-0.0047153074,-0.0004185556,-0.0025028569
-0.0040336269,0.0001922334,-0.0014652908
-0.0044254254,0.0006839186,-0.0013597032
-0.0044052862,0.0006552115,-0.0025278806
-0.0032842055,0.0005397724,-0.0014256192
-0.0040018925,0.0005855816,-0.0013151489
-0.004165447,0.0005196163,-0.002292292
-0.0039433058,0.0003284394,-0.0015116761
-0.0047391083,-0.0001669105,-0.0009074465
-0.0041373742,-7.10166e-05,-0.0022056248
-0.004477299,0.0002270484,-0.0012406883
-0.0049417206,0.0002441505,-0.0007817179
-0.0038566463,-0.0005126171,-0.0021897561
-0.0043039801,-0.0002511994,-0.0018864206
-0.0050375342,0.0010638293,-0.0011442557
-0.0037699868,0.0008298972,-0.0014250088
-0.0042209823,-0.0008662639,-0.0014030369
-0.0050180053,-0.0005327731,-0.0023264707
-0.0040226419,0.0006515468,-0.0015177795
-0.0048117314,0.0003559249,-0.0004600724
-0.0043820957,-0.0002414267,-0.0023099917
-0.0039890766,-0.0001534731,-0.0018858103
-0.0051632515,0.0006069592,-0.0008476338
-0.0042032842,0.0005226703,-0.0021567981
-0.0038169782,0.0001116093,-0.0016697524
-0.0050033587,0.0005165624,-0.0010008274
-0.0042392906,0.0007413328,-0.0022019628
-0.0045450399,8.65669e-05,-0.0011820963
-0.0051943757,-0.0001498084,-0.0014274502
-0.0039188947,-0.0002023362,-0.0020847788
-0.0050228876,0.000671092,-0.0013651962
-0.00474277,0.0008018009,-0.0017216307
-0.0042209823,0.0005428263,-0.0025455802
-0.0048495686,0.000216665,-0.0009135498
-0.0047433802,0.0002239945,-0.001742382
-0.0047446008,6.82433e-05,-0.0021921974
-0.00568687,0.0003620328,-0.0013383416
-0.0045554146,0.000115274,-0.0014494222
-0.0053261957,0.0003027863,-0.0019608812
-0.0057839042,-0.0001516408,-0.0011436453
-0.0052615063,-1.84888e-05,-0.002389335
-0.0055941078,6.39678e-05,-0.0015159485
-0.0054610672,0.0008152382,-0.001731396
-0.0046231555,0.0004267764,-0.0017893776
-0.0051943757,0.0008750955,-0.0021757184
-0.0046915066,0.0003577573,-0.0012864633
-0.0049826092,0.0001995629,-0.0022129488
-0.0050149539,8.77885e-05,-0.0016660904
-0.0048404144,0.0007132365,-0.0021604601
-0.0051852215,0.000685751,-0.0016538837
-0.0052303821,0.000271636,-0.001786326
-0.0047372775,-0.0005785823,-0.0018833689
-0.0057668164,0.0004218901,-0.0024705093
-0.0050112923,0.0006387202,-0.0009294185
-0.0045487016,0.0005800845,-0.001703931
-0.0047787764,-0.0002322649,-0.001744213
-0.0048684872,8.3513e-05,-0.0016154327
-0.0047653502,6.27462e-05,-0.0012919563
-0.0049136478,0.0002026169,-0.0021598498
-0.0041739909,2.79312e-05,-0.0014799388
-0.0049014422,0.0007743154,-0.0019645432
-0.0047738941,0.0007169012,-0.0013059939
-0.0047470419,0.0001134417,-0.0017674057
-0.004889847,-8.68971e-05,-0.0016270291
-0.0048031875,0.0010778775,-0.001725903
-0.0044699757,0.0010161878,-0.0007347222
-0.0047098149,-0.00010461,-0.0012919563
-0.0044058965,-0.0009420017,-0.0018479696
-0.0051040545,1.26615e-05,-0.0014622392
-0.0047860997,0.0008341727,-0.0008958501
-0.0037950082,0.0004005125,-0.001196134
-0.0037217749,-0.0005663665,-0.0012791393
-0.0043802648,-0.0001229337,-0.0019456229
-0.0038413893,0.0009465579,-0.0011058047
-0.0039420852,0.0011908735,-0.0009800761
-0.0039268283,0.0006918588,-0.0015940711
-0.0040726847,0.0006148994,-0.0014378258
-0.0044614318,0.0004670885,-0.0009465078
-0.0040647511,0.000196509,-0.0018162323
-0.0037626635,0.0003394336,-0.001122894
-0.0036729526,0.0010601646,-0.0010978704
-0.0038944835,0.0007419435,-0.0010551471
-0.0039610038,-0.0002713554,-0.0009135498
-0.0036009398,-0.0012144136,-0.0005790873
-0.0038529846,-0.0008351137,-0.0010581987
-0.0044132198,0.0007511054,-0.0007060366
-0.0033604903,0.000647882,-0.0002019015
-0.0036216893,-0.0004075614,-0.0010429404
-0.0039384236,-0.0003635845,-0.0016276394
-0.0038462716,0.0012543955,-0.000613266
-0.0037498476,0.0010229065,0.0001063166
-0.0037510682,-0.0001834018,-0.0015470754
-0.0038145371,-0.0002902899,-0.0006511066
-0.0039835841,0.0004964064,8.053e-06
-0.0035002439,4.19794e-05,-0.0007792765
-0.0032585739,0.0001604724,-0.0009166015
-0.003304955,0.0002960676,-0.0005571153
-0.003441047,0.0004353275,-0.0011003117
-0.0037675457,4.7212e-06,-0.000538195
-0.0029619788,-0.0008589344,-0.0002421835
-0.0035612717,-0.0010391172,-0.0011619553
-0.004069023,0.0006894157,-0.0009874001
-0.0027990345,0.001050392,0.0005201224
-0.0030193449,3.64822e-05,-0.0010331751
-0.0034825459,-0.0003122783,-0.0013774029
-0.0030346018,0.0009050242,-0.0003965977
-0.0034532525,0.0011200219,-0.0001341546
-0.0029924927,2.91528e-05,-0.0008360375
-0.0025842167,-0.0003458717,-0.0003984287
-0.0033794089,0.0006350555,-0.0006468343
-0.0029168182,0.0011499506,-0.0007383842
-0.002499388,-0.0001956176,0.0005341601
-0.0035283167,-0.0006280562,-0.0011973546
-0.0032927494,-0.0001064424,-0.0004374901
-0.0035130598,0.0009343421,-8.59382e-05
-0.0032207366,-0.0002780741,0.0003339709
-0.0032561327,-0.0004307713,-0.0017417717
-0.0037968391,0.0001055014,2.087e-05
-0.0040385091,0.0010400086,-0.0007017642
-0.0029412293,0.0001958982,-0.0009318598
-0.0034575245,0.0001720774,-0.0009013431
-0.003566154,0.0010571107,-0.0006395103
-0.0030449766,0.0007468299,-0.0004381004
-0.003735201,-0.0003428177,-0.0005534533
-0.0035734773,-0.0007233393,-0.0008763195
-0.0035527279,0.0005825276,-0.0008940191
-0.0037394729,0.0008787603,0.000693457
-0.0033464539,0.0003773025,-0.0013249142
-0.003583852,-0.0004753589,-0.0007316706
-0.0040958753,0.0006484928,-0.0004698377
-0.0035191626,0.0007981361,-7.25109e-05
-0.0038584771,0.0001647479,-0.0004564104
-0.0039103508,-0.0004136692,-0.0005778666
-0.0035966679,0.0006997991,-0.0011674483
-0.0038017213,0.0018633521,-0.0003013858
-0.0030901371,0.0008066872,-0.0004606827
-0.0033141092,3.09851e-05,-0.0017234617
-0.003572867,0.000115274,-0.0003239681
-0.0040287447,0.0008298972,-0.0006462239
-0.0034325031,-0.0002750201,-0.0001903052
-0.0038041624,7.06864e-05,-0.0016642594
-0.0038389482,0.0003968478,5.0166e-05
-0.00415019,0.0012672221,-0.0009434561
-0.0032512505,-0.0008009095,-8.96002e-05
-0.004345479,-0.0001485868,-0.0020188629
-0.0033330278,0.0009697678,-0.0001060792
-0.0035411326,0.0018285372,-0.000538195
-0.0036332846,-0.00041428,-0.0003673018
-0.0033611006,-0.0002737986,-0.0021006475
-0.0035954473,0.0001305438,0.0001063166
-0.0040043336,0.0013502894,-0.0009092775
-0.0024646022,0.0004719748,-0.001139373
-0.0034440984,0.0006228397,-0.0010832224
-0.002962589,0.0001769637,-0.0002690381
-0.0023803838,0.0002374318,-0.0014793285
-0.0029125462,-0.0003929024,0.0002405899
-0.0031066146,0.0005758089,-0.0014256192
-0.001893382,0.0003522602,-6.15249e-05
-0.0037718177,0.0009190724,-0.0005137817
-0.0020679215,-0.0003544227,-0.0002842965
-0.0019281678,0.0001696343,-0.0013987645
-0.0022125574,0.00053794,0.0005884797
-0.002194249,0.0013502894,-0.0009300288
-0.0013044637,-0.0003648061,0.0005030331
-0.0026330389,-0.0003214401,-0.0008116242
-0.0013502346,0.0002178866,-0.0001426992
-0.0016285213,0.0007187336,0.0008582469
-0.0014515407,-0.0004814668,0.0003809665
-0.0014973115,-0.0003226617,-0.0010704054
-0.0022778571,0.0001458135,0.0010303608
-0.0022137779,0.0002313239,0.0003937835
-0.0012196351,-0.0005217789,-0.0002458455
-0.0018701914,-0.0002322649,0.0010022855
-0.0015778682,9.69504e-05,0.0002930785
-0.0012556415,0.0003644759,-0.0003068788
-0.0018250308,-0.000284182,0.0012879213
-0.0015058554,-0.000359309,-4.1536e-06
-0.0011293139,-9.9377e-06,7.70207e-05
-0.0016456091,6.58001e-05,0.0014722419
-0.0005989823,-0.0008509942,0.0006324237
-0.0012220762,-0.0008271734,-0.000572984
-0.0020355767,8.47346e-05,0.001276325
-0.0013374187,0.0007853096,0.0001923736
-0.0009144961,0.0001757421,0.0004017178
-0.0011372475,3.64822e-05,0.0009205009
-0.0004879117,0.0002985107,0.0003034542
-0.001103072,0.0004548727,0.0003327502
-0.0010115303,-0.0001137718,0.0008564159
-0.0007076118,-0.0002273786,-5.66423e-05
-0.001562001,0.0003834104,0.0006556163
-0.0011116159,9.2064e-05,0.0014356219
-0.0009950528,-0.0008302273,-0.0002366905
-0.0018018403,-0.0008876415,0.0003266469
-0.0016474399,0.0001598616,0.0006757573
-0.0013239926,0.0004567051,0.0002857546
-0.0020868401,0.0004805259,0.0001978666
-0.0013111768,-0.0006359964,0.0012384844
-0.0018573756,-0.0005492644,-0.0003044375
-0.0020435104,0.0001164956,0.0003376329
-0.0017865833,0.0009190724,0.0006543957
-0.0015211124,0.0002899597,0.0002515759
-0.0024316472,0.0002264376,-0.0006529376
-0.0025286814,0.0004725856,0.0007020017
-0.0025311225,0.0001458135,0.0004981504
-0.002260159,-0.0006811948,-0.0003782878
-0.0021118615,0.0002264376,-0.0003959874
-0.0023938099,0.0015414663,0.0004896058
-0.0014454379,0.0008176814,0.0004358965
-0.0019281678,-0.0008473294,-0.0005809183
-0.001992247,-0.0004313821,-0.0003227475
-0.0018573756,0.0015982697,-0.0003227475
-0.001403939,0.0017106549,0.0007380113
-0.0014716799,0.001058943,-0.0005613877
-0.0014619154,-0.00017424,5.749e-05
-0.0025878783,0.0005330537,-0.0003642501
-0.0021258979,0.0009673247,0.0005341601
-0.0014686285,0.0012782163,9.0448e-05
-0.001267847,0.0004683101,0.0003650978
-0.0013276543,0.0009074674,-0.0006108246
-0.0010841533,0.0007981361,0.0008252889
-0.0010011555,-9.11727e-05,0.0001392746
-0.0011323653,-0.0004643647,-0.0003727948
-0.0011964445,0.0013557865,0.0002064113
-0.0004873015,0.0011450643,0.0013599406
-0.0009877294,0.0001281006,-0.0004210111
-0.0008125796,-0.0004454303,0.0001667396
-0.0010627936,7.31296e-05,0.001236043
-0.00101092,0.0004444893,0.0003547222
-0.0004921837,0.0009728218,0.0003016232
0.0001833941,0.0008934192,0.0014008329
-0.0003432759,0.0006020729,0.0002595102
3.107e-07,9.32856e-05,0.0005219534
-0.0001968091,0.0002154434,0.0010804081
0.0005446786,0.0003394336,0.0005329394
0.0005422375,0.0013551757,0.0003724218
0.0007796357,0.001096812,0.0019556256
0.0001022271,0.0004292196,0.0002985715
0.0006734473,-0.0003696924,0.0010083888
0.0006966379,0.0003369904,0.0015412095
0.0008925371,0.000862269,0.0014484389
0.0007894001,0.0007529377,0.0014612559
0.0009163379,2.36557e-05,0.0018817753
0.0006417128,2.2781e-06,0.0007056637
0.0006697856,0.0002930136,0.0016315388
0.0011329866,0.0009709894,0.0019318227
0.0015931362,0.0005880247,0.0017273611
0.0012782328,-0.000171186,0.0019501326
0.0006960276,-0.0002847928,0.0012952453
0.0008742288,0.0005312213,0.0010096095
0.0014485004,0.0014125899,0.0021466599
0.0014881684,0.0007333925,0.0023462388
0.0013624512,-0.0006622604,0.0014661386
0.0004098072,-0.0010097993,0.001930602
0.0004946358,-0.0004417655,0.0024322957
0.0005599356,0.0005654255,0.0015460922
0.0004329978,0.0006564331,0.0022974121
0.0001132121,0.000341266,0.0020252036
0.0005214881,-0.000637218,0.0011798924
-0.0001907064,-0.0006653143,0.0011103144
1.37368e-05,0.0003821888,0.0015485335
0.0007125051,0.0015518498,0.0013141657
6.01179e-05,0.0008018009,0.0017767981
0.0004043147,-0.0008864199,0.0015985808
7.41543e-05,-0.0010207935,0.0003650978
-0.0004720445,0.0004695317,0.0012915833
3.63171e-05,0.0017057686,0.0013214897
0.0002621199,0.001163388,0.00068064
-0.0010554703,0.0004518188,0.000631203
-7.53638e-05,-7.83461e-05,0.0008222373
-7.41433e-05,0.0004383814,0.0003516705
4.5826e-06,0.0009111321,0.0013953399
0.0002010921,0.0008427237,0.0009333179
0.0001504391,0.0003803565,0.0008045376
0.000220621,-0.0002524209,0.0011054318
-0.0003780617,-0.0004991797,0.0006153344
-0.0001382224,0.0009801513,0.0001319506
-7.29227e-05,0.001336852,0.0015503645
-6.07171e-05,0.0008439453,0.0004432205
-0.0004622801,-0.0002945654,8.61757e-05
-0.0005458881,-0.0003080027,0.0009455245
-0.000312762,0.0005489342,0.0015058102
0.0004555781,0.0011664419,0.0002930785
0.0003634261,0.000552599,0.001846376
0.0001376232,8.47346e-05,0.0005756627
0.0009846891,-0.0005168926,0.0009681068
0.0003085011,0.0002362103,0.0005127984
0.0011287147,0.0007785909,0.0012915833
0.0010737897,0.0009233479,0.0009125665
0.0004140791,0.0001403164,0.0012897523
0.0009810274,-0.0006414935,0.0005671181
0.0010292394,0.0002221621,0.0008167443
0.0009895713,0.0010253496,0.0017822911
0.0014246995,0.0010717696,0.0013465133
0.0017206843,-0.0002683015,0.0021484909
0.0012214769,-0.0006335533,0.0010620981
0.0020648811,-0.0002463131,0.001289142
0.0017914766,0.0016904989,0.0016663278
0.0023047204,0.0014681717,0.0026245506
0.0019025472,0.000150089,0.001243367
0.0013978473,-0.0008864199,0.001976377
0.0020715942,0.0003870751,0.0016663278
0.0025390671,0.0011059738,0.0024994323
0.0021124828,0.0012495092,0.0028003265
0.0030175251,0.0003046186,0.0024353474
0.0019983608,-0.0002334865,0.0021405565
0.0018476222,0.0001525322,0.0027545515
0.0028722789,0.0008494424,0.0026868046
0.0024865832,0.0009019703,0.0030572767
0.0018311447,0.0008494424,0.002423751
0.0025799558,0.0002075032,0.0025799963
0.0024682749,-4.71958e-05,0.0027637065
0.0025994847,0.0003644759,0.002454878
0.0028521398,0.0014241949,0.0026825322
0.0028582425,0.0011780469,0.0032251183
0.0024701057,0.0002838518,0.0019592876
0.0022827504,-0.0002909007,0.0025989166
0.0020538961,0.0003314933,0.003068873
0.0017536394,0.0005892463,0.0025140803
0.0016218193,0.0007804233,0.0022943605
0.0021674078,-6.30764e-05,0.0030792487
0.0016590463,0.000459759,0.0015869845
0.0019940889,0.0012134727,0.0026562879
0.0025891099,0.0014742796,0.0028094815
0.0023358446,0.000569701,0.0023297598
0.0019513694,0.0001055014,0.0024396197
0.0020770867,-5.20822e-05,0.0028473222
0.0015339393,0.0004896877,0.0017743567
0.0014369051,0.0010113015,0.0024188684
0.0012086611,0.0008860897,0.0028277915
0.0014430079,0.0002087247,0.0015979705
0.0012410058,1.99909e-05,0.0015143549
0.0011006419,0.0009667139,0.0021045469
0.00127213,0.0014480156,0.0017523847
0.001746316,0.0011016983,0.0018915407
0.0012135433,0.0007364464,0.0020929506
0.0015504168,0.0004701424,0.0015222892
0.0013301064,0.0006747568,0.0015442612
0.0014747423,0.0011646095,0.0018213524
0.0018659305,0.0015463527,0.0011115351
0.0014735218,0.0012794379,0.0015113032
0.0016614874,0.0007975253,0.0011780614
0.0020154486,0.0008079088,0.000737401
0.0019818833,0.0012660005,0.0017975494
0.0018006308,0.0011310161,0.0014649179
0.0023443885,0.0008103519,0.0008509229
0.0017890355,0.0002032276,0.0018524794
0.0020435214,0.0002319347,0.0015894258
0.0022845812,0.0003003431,0.0012537427
0.0012184256,0.0007535485,0.0018366107
0.0020856306,0.000393183,0.0021802282
0.0020331467,0.0001830716,0.0009089045
0.0015967979,0.0004695317,0.0026630016
0.002007515,0.0012751623,0.0021460495
0.0026196238,0.000115274,0.0026874149
0.0015192926,-0.0003012841,0.0021777869
0.0026141313,-0.0005608694,0.0028650218
0.0028326109,0.0002209405,0.0022028105
0.0024389816,0.0001427595,0.0030267601
0.0025939922,0.0005116761,0.001893982
0.0025933819,-8.14e-05,0.0029046935
0.0023993135,0.0004102851,0.0018970337
0.0030761118,0.0005275566,0.0023199944
0.0030382745,0.0009667139,0.0029010315
0.0030053195,0.0002624742,0.0027868992
0.0030144737,0.0009557197,0.0019238883
0.0033684349,0.0010784883,0.0034961061
0.0035118503,0.0009691571,0.002429244
0.0038670321,0.0002893489,0.0027374622
0.0033061866,0.000815849,0.0025232353
0.0031060154,0.0010919256,0.0024542677
0.0038029529,0.0017699014,0.0020642649
0.0039121926,0.0011988137,0.0029272758
0.0032146449,0.0008549395,0.0023218254
0.0036332956,0.0003168344,0.0025091977
0.0034697411,0.0002643065,0.0027838475
0.0029247628,0.0005446587,0.0023431871
0.0032494307,0.0013264686,0.0026520156
0.0031432424,0.0007761477,0.0035315054
0.0022278254,1.57154e-05,0.0016309285
0.002716658,-0.0003257156,0.0017865634
0.0020270439,0.0012226345,0.0027032836
0.0027581569,0.0018920592,0.0025177423
0.0032176963,0.0013209715,0.0020142176
0.0024743777,2.5488e-05,0.0025641276
0.002437761,0.0003852428,0.0012293294
0.0028667864,0.0010265712,0.0022937501
0.0020911231,0.0017582964,0.0023859104
0.0025347952,0.0012226345,0.0017255301
0.0020935642,0.0006546007,0.0017932771
0.0018402988,-0.0001033884,0.0024835637
0.0022595598,0.0002252161,0.0010505018
0.0022082965,0.0011004767,0.00181708
0.0018219905,0.0021510338,0.0020746406
0.0030663473,0.0014156438,0.0015723365
0.0024615618,0.0001904011,0.001980039
0.0025305232,-0.0003080027,0.0015961395
0.0024548488,0.0008610474,0.0008167443
0.0024231143,0.0020154386,0.0020148279
0.0026238958,0.0017143196,0.0017926667
0.0023822257,0.0003455415,0.0008631296
0.0015376009,-0.0001021669,0.0013684853
0.0025531035,8.29022e-05,0.00137703
0.0021021081,0.0013820504,0.0009217215
0.001691391,0.0016275876,0.0020648752
0.002191819,0.0006863617,0.0016144495
0.0019055986,-0.0012076949,0.0017822911
0.0012593142,-0.00112646,0.0017554364
0.001937333,-0.001048279,0.0025561933
0.0007686507,-0.0001956176,0.0018146387
0.0014576545,-2.03211e-05,0.0021588665
0.0017627935,0.000636277,0.0011670754
0.0017402132,2.06017e-05,0.0026459123
0.0019599133,0.0002807978,0.0013764196
0.0027306944,-0.0002933438,0.0025201837
0.0019019369,0.0002691929,0.001839052
0.0032335635,0.0002337671,0.0021857212
0.0033208333,0.0006350555,0.0018707894
0.0029845701,0.0002533123,0.0025769446
0.0028973003,0.0003913507,0.0012885317
0.0033165613,2.42665e-05,0.0026745979
0.0033946769,0.0007602672,0.0012519117
0.0037254476,0.0010962012,0.0020898989
0.0037468073,0.0013997633,0.002579386
0.0042441839,-0.0001534731,0.0024353474
0.0031676535,-0.0001791263,0.0010999388
0.0038285846,0.0003095049,0.0031488267
0.0040244838,0.0005971866,0.0025256767
0.0035753192,0.0001525322,0.001910461
0.0035545697,-2.03211e-05,0.002509808
0.003478285,-0.0004295498,0.0024817327
0.0034746233,0.0005831384,0.0012586254
0.0036467217,0.0008604366,0.0030212671
0.0032915399,0.0009190724,0.0028406085
0.0035936275,-0.0003220509,0.001932433
0.0029394095,-0.0007954124,0.0027130489
0.0027288636,-0.0005865225,0.0031048827
0.0028069792,-2.39859e-05,0.0021808385
0.0026525788,-1.42132e-05,0.0032654003
0.0025219794,7.12972e-05,0.0021429979
0.0032262402,-0.0005107847,0.0025824376
0.0025500521,6.76325e-05,0.0023120601
0.0031920646,0.0002624742,0.0024597607
0.0032408868,0.0012580602,0.0017859531
0.0030895379,0.0007223983,0.0033258232
0.0029204909,6.09138e-05,0.001859193
0.0028564117,-0.0002750201,0.001815249
0.0024322685,0.0002978999,0.0024560987
0.0023993135,0.0006222289,0.0018469864
0.0023559837,0.0009893131,0.0011066524
0.0024383713,0.0013618944,0.0017249198
0.0024072471,0.0015591792,0.0010578258
0.0020148383,0.0012232453,0.0009290455
0.0020532859,0.0010418409,0.0015680642
0.0020905128,0.0011969813,0.0009205009
0.0021191959,0.0008946408,0.0016486281
0.0021222473,0.0006063484,0.0013648233
0.001746316,0.0001708558,0.0009699378
0.0015913054,0.0008011901,0.0005054744
0.001544314,0.0012763839,0.0015570782
0.0015083076,0.0011756037,0.0007752416
0.0013899137,0.0006869725,0.0006666023
0.0015357701,0.0005208379,0.0011109248
0.0011897425,0.0007340033,0.0011780614
0.0013593998,0.0004762503,0.0012390947
0.0013648923,0.0001836824,0.0011823337
0.0015406523,0.0001378732,0.0009870272
0.0017774402,0.000326607,0.0011713477
0.0013282756,0.0001122201,0.0013922883
0.001327055,-0.0001003345,0.0009394212
0.0019489283,7.25188e-05,0.0010883424
0.0019074294,0.0006197857,0.0015454819
0.0021393351,0.0006814754,0.0011615824
0.0024243349,0.0004670885,0.000715429
0.0022711551,0.0002038384,0.0015198479
0.0022742065,0.0006686489,0.0005811557
0.0033122894,0.0008921976,0.0009375902
0.0028930284,0.0010125231,0.0013117243
0.0032628569,0.0006448281,0.0009919098
0.0026141313,0.000451208,0.000609231
0.0026232855,0.0007107933,0.0014826176
0.0030974715,0.0013350197,0.0009931305
0.0033293772,0.0011352917,0.0018927613
0.0031530068,0.0003095049,0.0022369892
0.0030785529,-3.07045e-05,0.0010804081
0.0026495275,0.00094045,0.0019220573
0.0030126429,0.0014889385,0.0025806066
0.0035264969,0.0006607086,0.0020532789
0.0029534459,-0.0005113955,0.0024390094
0.0025445596,-0.0005291084,0.0021478805
0.0028210156,0.0003736378,0.0014533216
0.0029607692,0.0017540209,0.0021832798
0.0028741098,0.0018523579,0.0026526259
0.0032457691,0.000427998,0.001815249
0.0026824825,-0.0009071868,0.0017841221
0.0023724612,-0.0007239501,0.0018988647
0.0023724612,0.0007156796,0.001327593
0.0022882429,0.0014254164,0.0022137965
0.0021851059,0.0007364464,0.0022113552
0.0024389816,-0.0009536067,0.0011878267
0.0017206843,-0.0011307355,0.0016565625
0.0019190247,0.0004689209,0.001842714
0.0029003517,0.0015090945,0.0017621501
0.0023004484,0.0015292506,0.0018872683
0.002470716,0.0003278286,0.0017572674
0.0018915622,-0.0002249354,0.0010352435
0.0015296673,0.0004188362,0.0018018217
0.0018531147,0.0012061432,0.0014752936
0.001625481,0.0013069234,0.0012110194
0.0015028151,0.0014113683,0.0011084834
0.0018940033,0.0006057376,0.0011267934
0.0013368195,0.0005416048,0.0007422836
0.0012190358,0.0010332899,0.0009949615
0.0014881684,0.0014052604,0.0012439774
0.0013911342,0.0007052962,0.0010492811
0.001320342,-1.90995e-05,0.0009150079
0.0009798069,-0.0005132279,0.0008509229
0.0004781583,0.0006423849,3.24664e-05
0.001179978,0.0013460139,0.00068064
0.0006856529,0.0011548369,0.0010352435
0.0010164235,2.36557e-05,0.0003058955
0.0010689074,-0.0003018949,0.0004346758
0.0009547855,0.000407842,0.0011072628
0.0008809418,0.0012666113,0.0005384324
0.0013471942,0.00127333,0.0005958037
0.0011006419,0.0007627104,0.0009046322
0.001370995,0.0002899597,6.42037e-05
0.0016077829,-9.42266e-05,0.0006739263
0.000732034,0.0002007845,0.0008905946
0.0013935753,0.0008964732,0.0005597941
0.0021515406,0.0007627104,0.0011078731
0.0012818945,0.0003809672,0.0015674538
0.0020819689,0.0001189388,0.0003547222
0.0017457057,-8.68971e-05,0.0011536481
0.0011836397,0.0006771999,0.0014936036
0.0024701057,0.0011792685,0.0002790409
0.0022912943,0.0010088583,0.0010437881
0.0017042068,0.0011749929,0.0012714423
0.0027996558,8.71777e-05,0.0004865541
0.0014552134,-0.0002194383,0.000724584
0.0015107487,0.0009563305,0.0010114405
0.0029284245,0.0018883945,0.0015326649
0.0018439605,0.0007932498,0.0021735145
0.0016029007,-0.0003684709,0.0010425675
0.0021143137,-0.0005614802,0.0014240256
0.0015308879,0.0004560943,0.0026086819
0.0020538961,0.0008989163,0.0016193322
0.0028252875,0.0010888717,0.001868348
0.0022546776,0.0003095049,0.0029510788
0.0018244316,0.000260031,0.0008820499
0.0027111655,0.0007767585,0.0017023374
0.0022839709,0.0020294868,0.0019147333
0.0023803949,0.0020649125,0.0015357165
0.0027087244,0.0012812702,0.0014105983
0.0021112623,-0.0003415961,0.0022516371
0.0020014122,-8.32324e-05,0.0005555217
0.002209517,0.0007620996,0.0015644022
0.0015101384,0.0014834414,0.0019275503
0.0020105664,0.0010332899,0.0010480605
0.0019055986,0.0003015647,0.0014295186
0.0012025583,-0.0002255462,0.0023627177
0.0015675046,0.0003681407,0.0007636453
0.0021637462,0.0008720416,0.0021851108
0.0010652458,0.0015604008,0.0019867526
0.0018262624,0.0008586042,0.0011463241
0.001129325,0.0006991883,0.0011274038
0.0008174729,0.0007114041,0.0015125239
0.0006404923,0.0017234815,0.0001551433
0.0006624623,0.0015854432,0.001837221
0.0007308134,0.0009019703,0.0011853854
0.0007027406,-0.0004209987,0.0004926574
0.0001315204,3.28175e-05,0.0010559948
0.0003536616,0.0005715334,0.0013593303
0.0005141647,0.0012977615,7.64103e-05
0.0005684795,0.0015292506,0.0010187645
0.0010011666,0.0011236867,0.0006757573
0.0003280299,0.000925791,-0.0002452352
0.000650867,0.0006735352,0.0008655709
0.0007131154,0.0008268432,0.0001386643
0.0004299464,0.001281881,-0.0001817605
0.0006154709,0.0020911764,0.0006830813
0.0013276653,0.0014376322,0.0005298878
0.000808929,0.0010522244,-0.0009526111
0.0005349142,0.0011468967,0.0004938781
0.0010914877,0.0019616892,0.0001020443
0.0010322908,0.0011713282,0.0001386643
0.0008376121,0.0009899239,0.0002308246
0.0010872158,-0.0009102407,0.0012921937
-0.0003982009,-0.0006133972,-0.0006852853
0.0001266382,-0.0001198797,0.0013953399
0.0004482547,0.0010375654,0.000731908
0.0007173873,0.0001146632,0.0007435043
0.000110771,0.0006515468,-0.000486927
0.0009505135,5.332e-06,0.0021045469
0.0001669166,-0.0002475346,-0.0001573472
0.0010145927,-0.0004900179,0.0005005918
0.0008608026,0.000815849,0.0007996549
0.0011134577,0.0004786935,0.0013892366
0.000749732,-0.000350758,-0.0002690381
0.0005782439,-0.0007929692,0.0008063686
0.0009816377,0.0006527684,0.0001990873
0.00127213,0.0014779443,0.0007770726
0.0014979329,0.0009764865,0.0017304128
0.0018787463,-0.0011392866,0.0007215323
0.000835171,-0.0008558805,-8.22762e-05
0.0011824191,0.000995421,0.0017182061
0.0019696778,0.0016208689,0.0014301289
0.00190865,0.0001158848,0.0012000334
0.001621209,-0.0009255104,0.0011707374
0.0015302776,-0.0003990103,0.0003351915
0.0016456202,0.0013209715,0.0004719061
0.0019794422,0.002503459,0.0014301289
0.0019092602,0.001551239,0.0008649606
0.0017389927,-0.0001320955,0.0006269307
0.0010420552,-0.0006940214,0.0009497969
0.0008058776,-0.0005914088,0.0008997495
0.000541017,0.0003547033,0.0003168815
0.0007533937,0.0008329511,0.0010877321
0.0005654281,0.0007358357,0.0005317187
0.001010931,-0.0003745787,0.0003144402
0.0001150429,-0.0006378288,0.0004120935
0.0008864343,0.0001195496,0.000687964
0.0009480724,0.0013570081,0.0003083369
0.000738747,0.0011853764,0.0014746832
0.0010145927,3.28175e-05,0.0005048641
0.0004531369,-0.0006421043,2.6363e-05
0.0001211457,0.0001348193,0.0008619089
0.0001321307,0.001125519,0.0003937835
0.0005166059,0.001073602,0.0002302142
0.0002255032,0.0010259604,1.11047e-05
0.0005123339,0.0004072312,0.000642189
8.75804e-05,0.0004255548,5.07763e-05
9.5514e-05,0.0006338339,0.0004810611
0.0003036188,0.0013967094,-0.0003526538
0.0008534793,0.0008915868,0.0008124719
0.0006569698,0.0005550421,-7.06799e-05
0.0003268094,-9.05619e-05,-0.00051073
0.0006319484,0.00096366,-0.001064302
0.0007808562,0.0013808288,0.000158195
0.0003475588,0.002158974,-0.0010203581
0.0011171194,0.0008671553,0.000125237
0.0005294217,0.000318056,-0.0010856637
0.0005556636,0.0001171064,-0.0001225582
1.06854e-05,0.0012757731,-0.0008683852
0.0005977728,0.0007382788,0.0006556163
0.0002157388,0.0009703786,-0.0010453817
0.0005733617,-0.0001308739,0.0005738317
-0.0006484149,-0.0001546947,-0.0003257991
-5.8276e-05,-0.0006750869,0.0004304035
6.19487e-05,0.0005183948,-0.0003788981
3.44862e-05,0.000804244,0.0009455245
0.0001113813,0.0010760451,-0.0003941564
0.0007082331,-0.0004979581,0.00126717
-0.000106488,-0.0008888631,4.89453e-05
0.0006008242,-0.0003550335,-0.0001420889
0.0013233934,0.0013380736,0.0005646767
0.0012806739,0.0012519524,0.0013837436
0.0011744855,0.0003925722,-0.0009007328
0.0008211346,-0.0006250022,0.000655006
0.0005800748,0.0001348193,0.0003950042
0.0014546031,0.0006607086,0.0003168815
0.0010402244,0.0013002047,0.0009748205
0.0014112734,0.0004530403,0.0015863742
0.0014405667,-0.0002426483,6.35933e-05
0.0008809418,0.0002160542,0.0009967925
0.0015534682,0.0013576189,0.0011805027
0.0022211123,0.0013142528,0.0012134607
0.0018518941,0.0009068566,0.0008338336
0.0015229543,0.0003516494,0.0006250997
0.0014723012,0.0006735352,0.0003846285
0.0017359413,0.0016526299,0.0008521436
0.0014649779,0.0016355279,0.0011658547
0.0014637573,0.0008121843,0.000719091
0.0012934897,-0.0001064424,0.0010419571
0.0007302032,0.0002380426,0.0007380113
0.0007192181,0.0007370572,0.0009382005
0.0007491218,0.0006997991,0.0015741675
0.0005166059,0.0001342085,0.0008503126
0.000606927,0.0001348193,0.0003736425
0.0001717988,0.0006338339,0.001203085
0.0009535649,0.0011927058,0.0010553845
0.0015144104,0.000381578,0.0012024747
0.000923051,0.0007535485,0.0009028012
0.0015955774,0.0004848014,0.0018836063
0.0012007275,0.0005556529,0.0005298878
0.0010158133,0.0004567051,0.0010242575
0.0006423231,0.0018774003,0.0005292774
0.0009920124,0.0017430267,0.0012659493
0.0004763275,0.0011969813,0.000136223
0.0007326443,7.43512e-05,0.0008863222
0.0003335225,0.0010009181,-0.0001481922
0.0003683083,0.0015976589,0.0009925202
0.0010444963,0.0021101109,0.0006299824
0.0010255777,0.0009709894,0.0004828921
0.0010176441,0.0002978999,0.0005201224
0.0007125051,0.0009899239,6.96967e-05
0.0011525155,0.0018089919,0.0003821872
0.0008125907,0.0020362054,8.61757e-05
0.0009346463,0.0014693932,0.0003077265
0.0009901816,0.0009746542,-4.916e-07
0.0007564451,0.0008085195,0.0004743474
0.000694807,0.001082153,0.0003199332
0.0006710062,0.001093758,0.0004798404
0.0005025695,0.0015579576,0.0004804508
0.0005605459,0.0010259604,0.001287311
0.0006203531,0.0001201603,0.0008344439
0.0002401499,-0.0009426125,0.0008686226
-0.0001272374,-0.0003959564,0.0011585307
0.0005483403,0.0007199551,0.0009229422
0.0005812953,0.0009948102,0.0010303608
0.0009090146,0.0004805259,0.001250691
0.0010182544,-3.49801e-05,0.0008228476
0.0008394429,-0.0003861837,0.0014783452
0.001305085,-0.0001931744,0.0015546369
0.0018610483,-2.27643e-05,0.0010944458
0.0014350742,0.0010320683,0.0011579204
0.0019788319,0.00060757,0.0016370318
0.0010011666,0.0002814086,0.0002265522
0.0012599245,0.000436549,0.0011603617
0.0015510271,0.0009960318,0.0012134607
0.001610224,0.0009483902,0.0016803655
0.0016407379,0.0008921976,0.0012097987
0.0018500633,-0.0002469238,0.0020557202
0.0013331578,0.0002502584,0.0008088099
0.0021423864,0.0008060764,0.0022168482
0.0022607804,0.0015371908,0.0016742621
0.0026318294,-8.4454e-05,0.0020294759
0.0017109199,1.75478e-05,0.0006373064
0.0020477934,0.0004841906,0.0017688637
0.0018579969,0.0016825586,0.0009888582
0.0020471831,0.0014828306,0.00183539
0.0017145816,0.0005550421,0.0014258566
0.0013947959,-0.000625613,0.0015338855
0.0008931474,-6.55195e-05,0.0012055264
0.0013758773,0.0004982387,0.0018781133
0.0013349886,0.000804244,0.001342241
0.0009730938,0.0002093355,0.0016162805
0.0014808451,0.0001293222,0.001289142
0.0011519052,-9.85021e-05,0.0009107355
0.0009785863,0.0008445561,0.0008704536
0.0020880717,0.0011200219,0.0018274557
0.0014039501,0.0009300666,0.0009723792
0.0013099672,0.0005550421,0.0010797978
0.001816498,0.0005574853,0.0012262777
0.0015522476,0.0003711946,0.0016095668
0.0010670766,0.0011713282,0.0006141137
0.0014881684,0.0011163572,0.0019788183
0.0010951494,0.0011102493,0.0005793247
0.0010530402,0.0006381094,0.0005451461
0.000606927,0.0013130313,0.0007984343
0.0009743144,0.0012165266,0.001250691
0.0010072694,0.0016966068,-0.0006999332
0.0013264448,0.0014565667,0.0010077785
0.0012294106,0.0011133033,0.0007813449
0.0013099672,0.000714458,-0.0004405417
0.0010945391,0.0011585016,-3.10083e-05
0.0011757061,0.0011847656,0.0010944458
0.0008119804,0.0010778775,-0.0004393211
0.0008961988,0.0006295584,0.0005561321
0.0009035221,0.0005483234,0.0009790928
0.0010530402,0.0007517162,-0.0001249996
0.0009004707,0.0008091303,0.0008313923
0.0005538328,0.0013173068,0.0004127038
0.0013429223,0.0007822556,0.0009028012
0.0011165091,0.0003656975,0.000686133
0.0004275053,-0.0001375926,0.0008606882
0.0002511349,0.0008812034,-0.0002177702
0.0011207811,0.000937396,0.0016071255
0.0006563595,0.0009716002,5.0166e-05
0.0013301064,0.0004212793,0.0004603098
0.0011567875,0.0011731606,0.0004053798
0.0017652346,0.0003663083,0.001943419
0.0019586928,-0.0001009453,0.0001838289
0.0023639174,0.0002252161,0.0004432205
0.001919635,0.0020942304,0.0010230368
0.0026245061,0.0019397008,0.0014984862
0.0021960909,0.0001000043,0.0007294666
0.0017994102,-0.0009114623,0.000752049
0.0019800525,0.0010778775,0.0003718115
0.002448746,0.0024930756,0.0019080197
0.0027667008,0.0013789965,0.0015253409
0.0027190992,-0.0003764111,0.0003242055
0.0020264336,0.000419447,0.0009223319
0.0024389816,0.0018975563,0.0017621501
0.002857022,0.0014852738,0.0012793767
0.0030407157,-0.0001320955,0.0017316334
0.0024347096,-0.0003892377,0.0009479659
0.0022583393,0.000685751,0.0013159967
0.0027691419,0.001348457,0.0015900362
0.0026013155,0.0010192418,0.0010791874
0.0022790887,0.0014284704,0.0011127558
0.0028936387,0.0014638961,0.0024060514
0.0023919901,7.25188e-05,0.0020392413
0.0019532003,-0.0004942934,0.000600076
0.0019971403,0.000419447,0.0022284445
0.0016736929,0.0012305747,0.0027203729
0.0023254698,0.0005012927,0.0012622874
0.0021570331,-0.0007984663,0.0014191429
0.0012495497,0.0003986801,0.0007123773
0.0022650523,0.0015701734,0.0017084408
0.0020569475,0.001704547,0.001992856
0.0020929539,-0.0002713554,0.0016681588
0.0015260057,-0.0004448195,0.0004481031
0.0015229543,0.00018185,0.0029907504
0.0010017769,0.0007920282,0.0017706947
0.0012367339,-0.0002279894,0.0015436509
0.0011104063,0.0003840212,0.0011774511
0.0008339504,0.0009819836,0.0016657175
0.0008766699,0.0012623358,0.0011469344
0.0008583615,0.0002588094,0.0011493757
0.0006819912,0.0006546007,0.0004572581
0.000949293,0.0018920592,0.0010724738
0.0012855561,0.0009129645,0.0028381672
0.0007479012,-0.0006555417,0.0002216696
0.000710064,-0.0008131252,0.0002643929
0.0001888866,0.0016526299,0.0011243521
0.0006105887,0.0019635215,0.0017090511
0.0009975049,0.0006906373,8.6634e-06
0.000786959,-0.0006201159,0.0009986235
0.0002895824,0.0010216849,-0.0001811502
0.0007363059,0.0019775697,0.0011664651
0.0009145071,0.0017106549,0.0010138818
0.0012233078,0.0001171064,0.0004896058
0.0011323764,0.0003162236,6.05417e-05
0.0010341216,0.0005342753,0.0019171747
0.0009334257,0.0003162236,0.0005195121
0.0015260057,-0.0002756309,0.0004450515
0.0011079652,0.0010491704,0.0005292774
0.0014948815,0.0020514752,0.0008710639
0.0018451811,0.0012953184,0.0006397477
0.0018940033,-0.0005608694,0.0010804081
0.0016181576,-0.0003635845,0.0002033596
0.0024023649,0.0010894825,0.0014240256
0.0024975682,0.0017222599,0.0017609294
0.0028027072,0.0004414354,0.001276325
0.0023956518,-0.0003605306,0.0007056637
0.0019654058,0.0004304412,0.0015882052
0.0024627824,0.0018212077,0.0010315815
0.0027789064,0.0014950464,0.001936095
0.0026299986,0.0007211767,0.0014527112
0.0028582425,0.0002905705,0.0010291401
0.0023083821,0.0012440121,0.0015027586
0.0030102018,0.0013502894,0.0021094296
0.0032073216,0.0007871419,0.0008045376
0.0032006085,0.0006087915,0.0021759559
0.0027667008,0.0007107933,0.0018402727
0.002824067,-1.4824e-05,0.0016864688
0.0029882318,0.0001806285,0.001215902
0.0026342705,0.0012550063,0.0016022428
0.0027239814,0.0020765175,0.0020502273
0.0032677391,0.0006484928,0.0022626231
0.002485973,-0.0008045742,0.0014014433
0.0023242493,1.44938e-05,0.0016065152
0.0024371507,0.0012653897,0.0026349263
0.0023059409,0.0007046854,0.0026361469
0.0019580825,-0.0004118369,0.0011859957
0.0018586072,-0.0006457691,0.0017792394
0.0014973226,0.0004322735,0.0020416826
0.001827483,0.0010986443,0.0017047788
0.0019330611,0.0007114041,0.0017194268
0.0016889499,7.67943e-05,0.0017786291
0.0014448387,0.0002209405,0.0015021482
0.0012056097,0.0003901291,0.0023193841
0.0010994213,-3.31477e-05,0.001928771
0.0006014345,0.0004029556,0.0010315815
0.0009071838,0.000850664,0.0026800909
0.0008412737,0.0005153408,0.001261677
0.0004128586,0.0002172758,0.0002686652
0.0002950749,0.0012666113,0.0013648233
0.0007247106,0.0015805568,0.001813418
0.0008296785,0.0013985417,-4.87079e-05
0.0008662951,0.0005898571,0.0018024321
0.0007234901,0.0003864643,0.0009137872
0.0004171305,0.0004408246,0.000136223
0.0002633405,0.0014388538,0.0008350543
0.0005642075,0.0011523938,0.0014990966
0.0007350854,0.0005574853,-0.0002269252
0.0005062311,0.000839059,0.0004963194
0.0006862631,0.0019946718,0.000605569
0.0012715197,0.0022029508,0.0003608255
0.0011055241,0.0015891079,0.0006232687
0.0009639396,0.0011792685,0.0007184806
0.0018134466,0.00015864,0.0013935089
0.0014478901,-0.0002157736,0.0010932251
0.0009749246,0.0001055014,0.0008429886
0.0008955885,0.0016972175,0.000665992
0.0018677613,0.0012629466,0.0018439347
0.0011207811,0.001484663,-0.0003026065
0.0016529435,0.0009117429,0.0010291401
0.0016816266,0.0016709536,0.0005860384
0.0019135322,0.0007150688,0.0015674538
0.0014625368,0.001736308,-0.0003740154
0.0026702769,0.0009154076,0.0022028105
0.0017280077,0.0012525631,0.0002918579
0.0023480501,1.6673e-06,0.001226888
0.0014448387,0.000329661,0.0002588999
0.0020545064,0.0006649841,0.0010187645
0.0023523221,0.0025871371,-9.63139e-05
0.0027190992,0.0021058354,0.0021222465
0.0028246772,0.0009099105,0.0005762731
0.0029290348,-0.0004930718,0.0008454299
0.0022613907,0.0012660005,0.0011884371
0.0032964221,0.0020270436,0.0020172693
0.00348927,0.00162942,0.0013690956
0.0032695699,0.0002856842,0.0021863315
0.0025726324,0.0006484928,0.0009137872
0.0032524821,0.0012904321,0.0016815861
0.0028606836,0.0026549347,0.0010877321
0.0029595487,0.0026402758,0.0018396624
0.0031859618,0.0019763481,0.0014472182
0.0029162189,-0.0001345387,0.0025433763
0.0017786608,-0.0003910701,0.0011335071
0.0024694955,-0.0003929024,0.0020441239
0.001353297,0.0008531071,0.0017682534
0.0015937465,0.0012592818,0.0017658121
0.0019721189,0.0003608112,0.001261677
0.0010298496,-0.0007215069,0.0012439774
0.0007997748,0.00018185,0.0006196067
0.0012410058,0.0010406194,0.0021094296
0.0008583615,0.0008689877,0.001912292
0.0009254921,3.52607e-05,0.000759373
0.0007314237,-0.0001082747,0.00189032
0.0003463383,-0.0001461437,0.0022626231
0.0004329978,5.9428e-06,0.0008844912
-0.0002175586,0.0008812034,0.0014453873
0.0003182655,0.0011133033,0.0019074093
0.000404925,0.0005923002,0.0004535961
-3.08135e-05,0.0001751314,0.0013544476
-0.0001547,0.0005074006,0.0011835544
0.0005782439,0.0006246721,0.0005994657
0.0003725802,0.0014999327,0.0007843966
0.0007930618,0.0011236867,0.0014228049
0.0005288114,0.0009245695,-0.0003886634
0.0005495609,0.0001140525,0.0005884797
0.0001864455,0.0014241949,-0.000574815
0.0003792933,0.0013325765,0.0006031277
0.0002090257,0.0019781805,-0.0003441091
0.0010145927,0.0005336645,0.0006049587
0.000220621,0.0013331873,-0.0014341638
0.0005745823,0.000972211,0.0011768407
0.0003646466,0.001750967,-0.0004332177
0.0011549566,0.00058436,0.0008637399
0.0004110278,0.0009874807,-0.0002269252
0.0009541752,-0.0001412573,0.0012720527
-0.0001534794,0.0005416048,-0.0007640182
0.0006044859,-0.0001565271,0.0015082515
0.0004128586,0.0008408914,-0.0007432669
0.0007399676,0.0008958624,0.0002369279
0.0004098072,0.0023214439,-0.0001774882
0.0018152774,0.0003999017,0.0016870791
0.0007424087,-0.0007099019,-0.0005595567
0.0013331578,-0.0003269372,0.0002222799
0.0015424832,0.0017527993,0.0003791355
0.0021399453,0.0013240255,0.0016352008
0.0016736929,0.000193455,-0.0003288508
0.0016682004,-0.0009279536,0.0003528912
0.0016596565,0.0009312881,-3.95529e-05
0.0021960909,0.0021418719,0.0009748205
0.0027660906,0.0018034948,0.0010877321
0.0033629424,0.0001061122,0.0008063686
0.002264442,0.0004505972,0.0002375382
0.0029626001,0.0016795047,0.001296466
0.0028887564,0.0016055992,0.0012787663
0.0028832639,0.00091724,0.0008143029
0.0027752447,0.0004121175,0.0011542584
0.0019239069,0.0007511054,0.000759373
0.0024420329,0.0010888717,0.0004175865
0.0021716798,0.0019433655,0.0008796086
0.0022235534,0.0015408556,0.0021210259
0.0024823113,0.0005709226,0.000627541
0.0018201597,-0.0010647703,0.0018537
0.0012294106,-0.0005578154,0.0010590465
0.0009114557,-0.0004588676,0.0017078304
0.001037173,0.0010644401,0.001380692
0.0009511238,-0.0003251048,0.0011365588
-0.0005245284,-0.0013408469,0.000706274
0.0011982864,0.0005336645,0.000123406
0.0005745823,0.0017766201,0.001833559
0.0002773769,0.0014119791,0.0011036008
0.001592526,-0.0002481454,0.0007892793
0.0006014345,0.0001439811,0.0003675392
-0.000429325,1.75478e-05,0.0023199944
0.0008473765,0.0001678019,0.0006629403
2.83835e-05,-0.0008247302,0.0011396104
-0.0008382113,0.0008488316,0.0003998868
0.0009145071,0.0010742128,0.0013709266
0.000268833,0.0008689877,0.0003657082
-0.0001785008,0.0001787961,0.0003266469
0.0001028374,0.0013173068,-0.0001384269
0.0001614241,0.0016110963,0.0009974028
0.0001168738,0.0012397366,0.0004059902
0.0004043147,-0.0002511994,0.0003339709
-0.0008430935,0.0002759115,-0.0003105408
-5.52246e-05,0.001348457,-0.0002464558
-0.0002737042,0.0021363748,-0.0004277247
-0.0005892179,0.0009758757,-0.0001500232
0.0001046682,0.0010113015,-0.0018089083
0.0003030086,0.0007682075,0.0001752843
-0.000672826,0.0018187646,-0.0005058474
0.0001418952,0.000494574,-0.0001500232
-0.0005330723,0.0002191082,-0.0005992283
-6.86508e-05,-0.0006366072,0.0009015805
-0.0002627192,0.0005367184,-0.0016953864
2.41115e-05,-0.0004264958,0.0008161339
-0.0006923549,0.0011731606,-0.0014536945
0.0010878261,0.0011310161,-7.55626e-05
-0.0003780617,0.0022854073,-0.0009288081
0.0010658561,0.0007584348,0.0008826602
0.0011409202,0.0008665445,-0.0013633652
0.0007808562,-0.0008479402,0.0020728096
0.0003097216,0.0005678687,-0.001126556
0.0022021937,0.0003088941,0.0007990446
0.0009065735,0.0026494376,-5.96939e-05
0.0020685428,0.0007889743,0.0011859957
0.0013813698,8.04591e-05,-0.0014781078
0.0015174618,-0.0004997905,0.0009308765
0.0012111022,0.0018920592,-0.0008122345
0.0023297418,0.0014645069,0.0015070309
0.0018085644,0.0009667139,0.0002546276
0.0021271295,-0.0010305661,0.000713598
0.0013856417,0.000540994,-0.0007853799
0.0019733394,0.0012635574,0.0012732733
0.0018390783,0.0020795715,-0.0002434042
0.002650748,0.0006491036,0.0008045376
0.0014332434,0.000685751,-0.000468617
0.0016602668,0.000451208,0.000695288
0.002099667,0.0018199861,6.90863e-05
0.0016407379,0.0010406194,0.0018952027
0.0015949671,0.0011481182,0.0002375382
0.002371851,-3.00938e-05,0.0016229942
0.0011354277,0.0001867363,0.001239705
0.0014899993,8.77885e-05,0.0009327075
0.0013673334,0.0006765891,0.0007782933
0.0008095393,0.0007620996,0.0017212578
0.0012373442,0.0009905347,-0.0002043428
0.0011708239,0.0004084528,0.0008454299
0.0005306422,0.0009526657,0.0006189964
0.0015015945,0.0009233479,0.0005976347
0.0009724835,0.0009929778,0.0004365068
0.0007082331,-9.66698e-05,0.0010920044
0.0009846891,0.0002673605,-0.000600449
0.0008498176,0.0004267764,0.001345903
-0.0004213914,0.0007413328,0.0003730322
0.0004012633,-0.0003049488,0.000136223
-0.0001223552,0.0001452027,-0.0004100251
-0.0004470231,0.0006148994,0.0010346331
-6.98713e-05,0.0014278596,-0.0004838754
-0.0001687363,0.0006197857,0.0004865541
-0.0004903528,0.0005403832,-0.0001311029
0.0001132121,0.0012073648,-0.0007145812
-0.0002914022,0.001383272,0.0006543957
-0.0004323764,0.0010406194,-0.0003282404
-9.79441e-05,0.0004066204,-0.0011399833
-0.0011402989,0.0012311855,-0.0009202635
-0.0007503313,0.0015689519,7.51897e-05
-0.0003621945,0.0012446229,-0.001196134
-0.0001278477,0.0004964064,-0.0004783824
-0.0001260169,0.0014125899,-0.0013731305
2.10601e-05,0.0013087557,0.0001697913
-0.0001382224,0.0016636241,-0.0009318598
0.0004543575,-4.04772e-05,6.35933e-05
-6.86508e-05,0.0005825276,-0.0013572619
0.0006313381,0.0003223315,0.0003284779
-0.0004976762,0.0011878195,-0.001080781
0.0007515629,0.0008127951,-0.0002464558
0.0002035332,0.0016850018,-0.0019651536
0.0007668198,0.0021785193,-0.0003404471
0.0007594965,0.0023220547,-0.0006523273
0.0010347319,-0.0002536425,0.0005207328
0.0009004707,-0.0004191663,-0.0015995641
0.0011366483,0.0004066204,0.0005237844
0.0010542608,0.0022249392,0.0001899323
0.0017249563,0.0003644759,0.0004749578
0.0007686507,-0.0005712528,-0.0010234097
0.0007241004,-0.0008381676,0.0004584788
0.0014008987,0.0019354252,-0.0009806864
0.0015577401,0.0022469276,0.0010749151
0.0015797101,0.0019232095,-0.0001347649
0.0025164869,-9.05619e-05,0.0002949095
0.000775974,0.0006564331,-0.0007548632
0.001724346,0.0011090277,0.0013904573
0.0020837998,0.0021412611,-0.0007389946
0.0021527612,0.0007853096,0.001364213
0.001522344,0.0010381762,-0.0004588517
0.0023266904,0.0002618634,0.0006647713
0.0019110911,0.0015781137,-0.0001127929
0.0022980073,0.0016562947,0.0010584361
0.0022986176,0.0020856793,0.0004950988
0.0026489172,0.0004463217,0.0018292867
0.0019770011,0.0001366516,0.0007074947
0.0020831895,-9.54482e-05,0.0016266562
0.001474132,0.0011004767,0.0007325183
0.0015516373,0.0009569413,0.0015717262
0.0012898281,0.0015738382,-2.00223e-05
0.0015748279,0.0007236199,0.0009253835
0.0008699568,0.0019183232,-0.0002263148
0.0017060377,0.0013851044,0.0014203636
0.0009950638,0.0009996965,0.0004481031
0.0009907919,-8.26216e-05,0.0011286244
0.0007997748,0.0004011233,0.0002888062
0.0005758028,-9.6059e-05,0.0014997069
-4.17985e-05,0.0004298304,-8.34969e-05
2.89937e-05,-0.0002866251,0.0010321918
-0.0006319373,0.0004475432,-0.0001146239
0.0002474733,0.0008604366,0.0002534069
-0.0004097962,0.0012476768,0.0002631722
-0.0002322053,0.0006283368,0.000622048
-0.0001125908,0.0005800845,-0.0001683332
-0.0003383936,0.0006246721,0.0005054744
-3.38649e-05,0.0008201245,0.0008167443
0.0001479979,0.0006423849,-0.0001060792
-0.0006325476,0.0005226703,0.0001539226
-5.76657e-05,0.0010803206,-0.0003764568
-1.55566e-05,0.0014211409,-0.000486927
-0.0008388216,0.0016556839,-0.0001268306
0.0008980296,0.0013576189,-0.0001542955
0.0006227942,0.0008909761,-0.000530871
-8.14666e-05,0.0007981361,0.0002430312
0.0005282011,0.0005074006,-0.00049242
0.0010017769,0.0008732632,-0.0003459401
0.0001162635,0.0007792017,0.0004157555
0.0008406635,0.0007651535,-0.0006028903
0.0007424087,0.0002246053,-0.0006144866
-0.0005135434,0.0008812034,-0.0006968816
0.0013124084,0.0016862233,-0.0010044894
0.0008687363,0.0025071238,-0.0003611984
0.0005922803,0.0013111989,0.0002772099
0.0010359524,0.0002978999,-0.0010258511
0.0007552245,-0.0002267678,0.0003144402
0.0005117236,0.0009038026,-4.38253e-05
0.0018268727,0.0012629466,0.0001856599
0.0007393573,0.0012855458,0.0002259419
0.0010579224,-0.0005022336,0.0006287617
0.0010975905,-0.0005523183,-0.0007988072
0.0009572266,0.0004640345,0.0007880586
0.0012837253,0.0022395982,0.0002729376
0.002286412,0.0014638961,0.0010785771
0.00188668,0.0004005125,0.0001929839
0.0019293994,-0.000304338,0.0005018124
0.0016437893,0.0008347835,0.0002076319
0.0023724612,0.0011236867,0.0009272145
0.002878992,0.0021058354,-8.77692e-05
0.0023254698,0.0015206995,0.0007489973
0.0023651379,0.0008757063,0.0004297931
0.002846037,0.0002728576,0.0004456618
0.0023474399,0.0016685105,-0.0002214322
0.0024878038,0.0019647431,0.0016944031
0.0030645165,0.0017375296,0.0010022855
0.003118221,9.6075e-06,0.0011463241
0.0019623544,-2.33751e-05,0.0010303608
0.0022070759,0.0004676993,0.0009583415
0.0013685539,0.0009160184,0.0008271199
0.0011378689,0.0008244001,0.0009266042
0.0014466695,0.0005776413,0.0002552379
0.0012495497,0.0011261298,0.0001411056
0.0010390038,0.0016733968,0.0007386216
0.0008766699,0.0010931472,0.0005933624
0.00133804,0.0002447613,0.0004700751
0.0003048394,0.0001604724,0.0004139245
0.0003554925,0.0005080114,0.0010895631
0.0004183511,-0.0002676907,0.0010926148
-0.0005403956,-0.001329242,0.0007270253
-0.0003554814,-0.0001779047,0.0001844393
0.0001528802,0.000616121,0.0011023801
-0.0001492074,0.001030236,0.0002588999
0.0003188758,0.0008879221,7.33587e-05
0.0002877516,0.0007040746,0.0005811557
0.0002157388,0.0006631518,0.0002717169
0.0002456424,0.0009435039,9.53307e-05
0.0004513061,0.000639331,0.0010614878
2.04498e-05,0.0007688183,-0.0003447194
0.0003664775,0.0011994245,-0.0004429831
-5.76657e-05,0.0014871061,0.0001679603
-0.000209625,0.001015577,-0.000604111
0.0008553101,0.0018572443,-0.0015507374
0.0008803315,0.0022713592,0.0009955718
0.0005044003,0.002083847,-0.0001848122
0.0012294106,-0.0002017255,-0.000494251
-0.0003292395,-0.0002286002,-0.0004136871
0.0003634261,0.0003773025,0.0003443465
0.0009541752,0.000992367,-0.0009379631
7.59851e-05,0.0002362103,0.0001923736
-0.0003072694,0.0012714976,-0.002295954
0.0012159844,0.0013979309,-0.000485096
-4.11882e-05,0.0023782473,-0.0009581041
0.0009584471,0.0014394646,-0.0003441091
0.000988961,0.0011908735,-0.0010246304
0.0007289826,-0.0001797371,0.0011768407
0.000411638,0.0002429289,-0.0006681959
0.0016749135,2.2781e-06,0.0004621408
0.0008247962,0.0009038026,1.11047e-05
0.0016578257,0.0010803206,0.0001783359
0.0018695922,0.0015720058,-0.0003483814
0.0014118837,0.0004237225,0.0010999388
0.0022266048,0.0013215823,-0.0009153808
0.0028356622,0.001351511,0.0016773138
0.0015766587,0.0015848324,0.0008069789
0.0032305121,-5.33037e-05,0.0003754735
0.0020099561,0.0009245695,6.96967e-05
0.0021759517,0.0021791301,0.0012574047
0.0031194415,0.0027044086,-0.0005040164
0.0027782961,0.0009318989,0.00130379
0.0019068191,0.00094045,-0.0002092255
0.0031566685,0.0011291838,0.0007020017
0.002595823,0.0018572443,0.001325762
0.0022156198,0.0013270794,0.0017047788
0.0028063689,0.0005128977,0.0008521436
0.0022198917,-0.0003330451,0.0016919618
0.0016669799,0.0005183948,0.0010987181
0.0020837998,0.0010516136,0.0008783879
0.0011378689,0.0003925722,0.0016693795
0.0009224407,0.0005214487,0.000603738
0.001647451,0.0006081808,0.0010871218
0.0005892289,0.0006637626,0.0015186272
0.0007491218,0.00091724,0.0005970244
0.0015376009,0.00122691,0.0013562786
0.0007082331,0.0011090277,0.0021735145
0.0010982008,-7.16274e-05,0.0015735572
0.0013691642,-0.0007392198,0.0010559948
-0.0002688219,-0.0004179448,0.0019501326
0.0007137256,0.0010314575,0.0011213004
0.000988961,0.0004328843,0.0024200891
-0.0001888755,-0.0003122783,0.0012439774
0.000846156,-0.0001088855,0.000594583
6.07282e-05,0.0009941994,0.0017493331
-0.0002169483,0.0017540209,0.0014130396
0.001032901,0.0013759425,0.0001704016
6.07282e-05,0.0007920282,0.0009333179
0.0003384047,0.0007474406,0.0006684333
0.0002499144,0.0009728218,-0.0002305872
-0.0003994214,0.0008683769,0.0008002653
-2.59313e-05,0.001247066,-0.0005156127
0.0003701391,0.0017705122,-2.61256e-05
-0.0001089291,0.0019714618,0.0005250051
0.0007479012,-0.0001772939,0.00073557
0.0002114669,0.0004896877,-0.0018241666
0.0001943791,0.0011499506,0.0016467971
0.0004403211,0.0024100083,-0.0002977238
0.0013288859,0.0005825276,0.0004346758
-0.000139443,0.0009716002,-0.0009257565
0.0007369162,0.0001543645,0.0007679176
-4.30191e-05,0.0016569055,-0.0014231778
0.0009389182,0.0016477436,0.0010431778
0.00054773,0.0026127903,-0.0014274502
0.0012886075,0.0018138782,0.0007837863
0.0011195605,0.0023043418,-0.0003856117
0.0012684683,0.0004646453,0.0012751043
0.0010628047,0.0006246721,-0.0006083833
0.0018415194,0.000862269,0.0008295613
0.0017164124,0.0022994555,0.0008759466
0.0017591319,0.0012531739,0.0011750097
0.0016816266,-1.42132e-05,5.32177e-05
0.0015290571,0.0003956262,0.0001356126
0.0018683716,0.0025535437,0.000755711
0.0023614762,0.0028528303,0.0014203636
0.0023907696,0.0016862233,0.0004871644
0.0024273863,0.0007236199,0.0003596048
0.0020654914,0.0013783857,0.0009430832
0.0021210267,0.0021638603,0.000627541
0.0023291315,0.0018975563,0.000622048
0.0024121293,0.0011352917,0.0011438827
0.0020020225,0.0009209047,0.0002961302
0.0021558126,0.0013960986,0.0007068843
0.0025549344,0.0018309803,0.0012464187
0.0025250307,0.0020300975,0.0009003599
0.0025689708,0.0015158132,0.0014838382
0.0023614762,0.00060757,0.0014472182
0.0023285212,-0.0002554749,0.0013611613
0.0016193782,0.0005861923,0.0009211112
0.0015961876,0.0010845962,0.001987363
0.0007680404,0.0013826612,0.0008020963
0.0014076117,0.0006332231,0.0008143029
0.0008846035,0.001113914,0.0004853334
0.001283115,0.001507873,0.0016754828
0.0013984576,0.0015805568,0.0010291401
0.0014899993,0.000937396,0.0016187218
0.0004989078,2.73204e-05,0.0016718208
0.0010267983,-0.0004631432,0.0014069363
0.0004604603,-0.0001314847,0.0012665597
-0.0002114558,0.0002026169,0.0018915407
0.0002242827,-1.9975e-06,0.0009461349
0.0004952461,9.38964e-05,0.0007850069
-0.0004177298,0.0013020371,0.0008246786
0.0002792077,0.0011267406,0.0014380633
0.0001492185,0.0008366158,0.0002100733
-0.0003402245,0.0006185642,0.0011060421
0.0001272485,0.0011438427,0.0005762731
-7.29227e-05,1.75478e-05,0.0013196587
-0.0006624512,0.0006216181,-0.0010295131
-4.48499e-05,0.0011236867,0.0005164604
-0.0003408347,0.0018761787,-0.0002495075
0.0002657816,0.0010699372,-0.0001463612
-0.0002303744,0.0011701066,-0.0006321863
0.0004616808,0.0008378374,0.0006226584
0.0005898392,0.0010815422,-0.0003892737
0.0004799892,0.0009410608,0.0006141137
0.0001620343,0.0010296252,-0.0003306818
0.0004702247,0.0008928084,-0.0002672071
0.0003701391,0.0014437401,-0.000593125
0.0008400532,0.001116968,1.23254e-05
9.12421e-05,0.0012073648,-0.0013316279
0.0008260168,0.0019152692,-0.0001628402
0.00122819,0.0023275518,-0.0002202115
0.0007625479,0.0013490678,-0.0001610092
0.0010682972,0.0012769947,-0.000538195
0.0012770122,0.0009196831,0.0010773565
0.0006209634,0.0005733658,7.27483e-05
0.0011982864,0.0007010207,-0.0006913886
0.0014753526,0.0017802848,-4.01633e-05
0.0013002028,0.0019873423,0.0004456618
0.0016907807,0.0012159158,-0.0007719525
0.0013081364,0.0002685821,-7.2053e-06
0.0012934897,0.0010479488,-0.0004051424
0.0022223329,0.002115608,0.0004169761
0.0018177185,0.0017137088,0.00121224
0.00206244,0.000294846,5.3828e-05
0.0017890355,0.0003204991,-0.0003886634
0.0016559949,0.0018676277,0.0008893739
0.0024755982,0.0023403784,0.0007624246
0.0023602557,0.0013704454,0.0007306873
0.0020282645,0.0006503252,0.0008448196
0.0017640141,0.0012647789,0.0002509656
0.0022565084,0.0020655233,0.0016467971
0.0023736818,0.0017961654,0.0019055783
0.0020563372,0.0007156796,0.0011231314
0.002180834,0.0009044134,0.0011298451
0.002459731,0.0007309493,0.0025140803
0.0015900849,0.0006539899,0.0010376848
0.0017920869,0.000795693,0.0008051479
0.000949293,0.0010748235,0.0015619609
0.0011036933,0.0010277928,0.0009656655
0.0014271406,0.0005904679,0.0005689491
0.00048182,0.0002508692,0.0016278768
0.0010518197,0.0012421797,0.0004365068
0.0016724724,0.00122691,0.001261677
0.0006710062,0.0005660363,0.0017859531
0.001070128,-0.000362363,0.000614724
0.000890096,9.6075e-06,0.000645851
-0.0004342073,0.0004176146,0.0021454392
0.000165696,0.000526335,0.0006464614
0.0001968202,-0.0004118369,0.0009369799
-0.0009212091,0.0004463217,0.0009174492
0.0005922803,0.0011798793,0.0009717688
-0.000260278,0.0010925364,0.0008063686
-0.0009620977,0.0009880915,0.0005256154
0.0001882763,0.0007358357,0.0003199332
-5.94966e-05,3.22067e-05,0.0016113978
-0.0002584472,0.0006283368,-9.93656e-05
-0.0004396998,0.0008378374,-0.0005754253
-0.000852858,0.0013545649,0.0003827975
0.0001974305,0.0012495092,-0.0004069734
0.0001260279,0.0008573827,-0.0009367424
-0.0005086612,0.0012171374,-8.47176e-05
0.0008785007,0.001192095,-0.0003801188
0.0007741432,0.0011493398,-0.0004509174
-0.000429325,0.0011236867,0.0001771153
0.0008839932,0.0009227371,-0.0007792765
0.0006734473,0.0004695317,1.23254e-05
0.0001022271,0.001684391,-0.0007432669
0.0010676869,0.0010894825,-4.99286e-05
-0.0001540897,0.0018798435,-0.0012998906
0.001147023,0.0022133342,-0.0004692274
0.0007906207,0.0028338959,-0.00056566
0.0013496353,0.0016453005,0.0006446304
0.000971263,0.0014657285,-0.0008750988
0.0013276653,0.0009215155,0.0010352435
0.0002523555,0.0010943688,-0.0001335442
0.0020941745,0.0014327459,3.12457e-05
0.0011976761,0.0024374938,0.0001819979
0.0012904384,0.0013533433,0.0006489027
0.0017365516,0.0005183948,-0.0012876839
0.0009187791,0.0010931472,0.0001185233
0.0017249563,0.0028986395,0.0001856599
0.0026959086,0.0025187287,0.0009418625
0.0017634038,0.0010607754,0.0005158501
0.0018280933,-0.0003330451,0.0004169761
0.0015504168,0.0010204633,-9.75346e-05
0.0013947959,0.0018774003,0.0014600352
0.0025024505,0.0027398344,0.0002814822
0.0027044525,0.0017534101,0.0014716316
0.0014735218,0.0014547343,0.0005018124
0.0029412403,0.0009581629,0.0010041165
0.002095395,0.0018181538,0.0010065578
0.0022693243,0.0024197809,0.0021606975
0.0026818722,0.0019427547,0.001261677
0.0025817866,0.0001213819,0.0022974121
0.0017042068,-3.8034e-05,0.0009400315
0.0014417873,0.0001574185,0.0016303181
0.0016132754,0.0018053272,0.0009491865
0.0012410058,0.0014926032,0.0018744513
0.0013301064,0.0011982029,0.0003528912
0.0014845068,0.0006100131,0.0010425675
0.0006002139,0.0017766201,0.0008710639
0.0016022904,0.0014510696,0.0012256674
0.0003225374,0.0005984081,0.0008124719
0.0006594109,-0.0002066118,0.0009595622
0.0005141647,0.0005299998,0.0005353807
0.0005397964,0.0006442173,0.0017261404
0.0002297752,0.0007712614,0.0001984769
-0.0003390039,-0.0002505886,0.0007813449
7.04926e-05,0.0011029198,0.0002717169
0.0006093681,0.0010632186,0.0013397996
-0.0004476334,0.0014620638,0.0004719061
-0.0004970659,-0.0001455329,0.0011731787
-0.0003658561,0.0003547033,3.30767e-05
0.0003591541,0.0009392284,0.0008350543
-0.0005971515,0.0012458445,0.0005829867
0.0002285546,0.0016678997,-0.0008006382
2.77732e-05,0.0012989831,0.0003449569
-0.0005721301,0.0024063436,-0.0005772563
0.0006929762,0.0020734636,-0.0004094147
-0.0007283613,0.0017039362,-0.0001945775
0.0007991646,0.0004487648,-7.86143e-05
-7.90255e-05,0.0009893131,-0.0014420982
0.0001620343,0.0013692238,0.0002735479
-0.0001632438,0.0020007797,-0.0009892311
0.0005220984,0.0008103519,-0.0004698377
0.0002901927,0.0010882609,-0.0021098025
0.0003036188,0.0015206995,-0.0006053316
0.0002804283,0.0032321303,-0.001755199
0.0004586294,0.0018993887,-0.0006218106
-2.5321e-05,0.0018664061,-0.0022947334
0.0012049994,0.0014706148,-0.0001439199
0.0004982975,0.0029444487,-0.0009733624
0.0010237469,0.0020044444,7.29e-07
0.0008925371,0.001470004,-0.0009214841
0.001588254,0.0005532097,0.0004712958
0.0008186935,0.0018792327,-0.0010105927
0.0019336714,0.0019519166,0.0010559948
0.0014619265,0.001739362,-8.16659e-05
0.0014991534,0.0008659337,-0.0003056581
0.0015357701,0.002162028,-0.0007298396
0.0018518941,0.0026219521,0.0010212058
0.0019355022,0.0026500484,-0.0006523273
0.0020069047,0.0012214129,1.65977e-05
0.0014295817,0.0014987111,-0.0002910101
0.0020221617,0.0020685773,-0.0002110565
0.0020368083,0.002827788,-0.0003795084
0.002338896,0.0018584658,0.0007697486
0.0020026328,0.0013087557,-0.0006767406
0.001875695,0.0010748235,0.0004804508
0.0022455234,0.0015518498,0.0002155663
0.0020569475,0.00186946,-0.0001719952
0.0024646132,0.0021198835,0.0009705482
0.0022729859,0.0011768253,0.0012622874
0.0021259089,0.0001977305,0.0001789463
0.001577269,0.0005593176,0.0003638772
0.001179978,0.0017790633,0.0008515332
0.0008363915,0.0022353226,0.0004163658
0.0015412626,0.0013875475,0.000614724
0.0012837253,0.0006546007,0.0004066005
0.0009694321,0.0015854432,6.96967e-05
0.0013575689,0.0018871729,0.0012738837
0.0013368195,0.0009459471,0.001219564
0.0012934897,-0.0006011815,0.0003425155
0.0002602891,-0.0002487562,0.0005408737
0.000912066,0.0010375654,0.0013062313
0.0006600212,0.0009074674,0.0007904999
-0.0002102352,0.000236821,-1.26983e-05
1.37368e-05,9.2064e-05,0.0001838289
0.0002334369,0.0013655591,-0.0002360802
-0.0001681261,0.0016281984,0.0006318134
-2.996e-07,0.0013466247,-0.0005211057
-5.33938e-05,0.0001574185,0.0002631722
-0.0006435326,0.0012696652,-0.0009062258
0.0001260279,0.0012098079,0.0004993711
-0.000312762,0.0006521576,-0.000477772
0.000143726,-0.0003422069,-0.0007884315
-0.0005489395,0.001238515,-0.0016398461
0.0003005674,0.0025559869,0.000141716
0.0002523555,0.0019525273,-0.0006889473
0.0006716165,0.0007138473,-0.0011607347
0.0006349998,0.0005135085,-0.0006016696
0.0004244539,0.001281881,0.0001118096
0.0006490362,0.0012122511,-0.0008592302
0.0002157388,0.0011420103,-0.0011076357
0.0005471198,0.0007303386,-0.0002769725
0.0006978584,0.0017399728,-0.0016380151
0.0007527834,0.001571395,-0.0009635971
-5.1818e-06,0.0019543597,-0.0014195159
0.0012214769,0.0016275876,-0.0011912513
0.000644154,0.0023806904,-0.0014970281
0.0009956741,0.001493214,0.0002509656
0.0009895713,0.0015219211,-0.0019321956
0.0013526867,-0.0003037272,0.0007819553
0.0002474733,0.0008787603,-0.0015086245
0.0021527612,0.001113914,-6.70179e-05
0.0011415305,0.0023605344,-0.0005705426
0.0017115302,0.0013429599,0.0001484296
0.0011750958,0.0011627772,-0.001755199
0.00193062,0.0007107933,0.0008057583
0.0014253098,0.0024417693,-0.0013584826
0.0019898169,0.0018908377,0.0006867433
0.0018665408,0.0016904989,-0.0001689435
0.0015339393,0.0003687515,4.1011e-05
0.0017035966,0.0012452337,-0.0006675856
0.0023950415,0.0021009491,0.0004395585
0.0019452666,0.0029004719,-0.0002659865
0.0028826537,0.0016764507,0.0009546795
0.0023273007,0.0004011233,0.0001716223
0.0017762196,0.0004768611,8.61757e-05
0.0028179642,0.0021351533,0.000609231
0.0021997526,0.0019745157,0.0017468918
0.0020880717,0.0014645069,-0.0001872535
0.0023626968,0.0002966784,0.0006672127
0.0012684683,0.0005104545,0.0008875429
0.0017200741,0.0012391258,0.0004334551
0.0014423976,0.0016465221,0.0007123773
0.0007039612,0.0011291838,0.0011231314
0.0015668943,0.0010033612,-3.16186e-05
0.001129325,0.0009569413,0.001237874
0.0005489506,0.0009819836,0.0010102198
0.0011921836,0.0007614888,0.0001868806
0.000988961,0.0008958624,0.0012006437
0.0002511349,0.0009129645,0.0009986235
0.000949293,0.0007901959,-0.0002830758
0.0003023983,0.0004848014,0.0010779668
0.0001431157,0.0001561969,0.0013013487
0.0001205354,-0.0002194383,-7.98349e-05
7.7816e-05,0.0004530403,0.0009772618
-7.17021e-05,0.0013606728,0.000609231
0.0002401499,0.0014449617,-2.30739e-05
-0.0003640253,0.0006784215,0.0004279621
0.0001339615,0.0002789655,7.4427e-06
3.44862e-05,0.0010650509,-0.0007377739
-0.0001351711,0.0017619612,0.000627541
4.79123e-05,0.0014602314,-1.45293e-05
0.000339015,0.0001213819,-0.0005204953
-0.0001315094,0.0008897545,-0.0007304499
-0.0002016914,0.001348457,0.0006940673
0.0004250642,0.0016801154,-0.0007414359
0.000699079,0.0005348861,5.32177e-05
-0.0001113702,0.0017106549,-0.0015226621
0.0007094537,0.001583,0.000156364
-0.0001077085,0.0018896161,-0.0013279659
0.0004793789,0.0002239945,-0.0002128875
0.0005153853,0.0012049216,-0.0024210723
0.0005532225,0.0015549037,0.0002393692
-0.000231595,0.0027111273,-0.0015336481
0.0014472798,0.0008873113,-0.0006120453
0.0001083299,0.0016501868,-0.0022117281
0.0013453634,0.0022676945,0.0005823764
0.0014173762,0.0027630443,-0.001121063
0.0012349031,0.0008195137,0.0001862703
0.0010072694,0.0007633212,-0.001146697
0.0019837142,0.000671092,0.0003419052
0.0010420552,0.0021681359,-0.0007463186
0.00212835,0.0023031202,0.0003504498
0.0017060377,0.0016544623,-0.0009056155
0.0013465839,0.0013673915,-0.0007994175
0.0018598277,0.0026439405,-0.0007341119
0.0022003629,0.0026305031,0.0006666023
0.0021722901,0.0017717338,-0.0008891365
0.00199653,0.0011102493,-0.0007695112
0.0020056842,0.0013942662,0.0006415787
0.0021613051,0.0020300975,-0.0005613877
0.0022253843,0.0021064462,-0.0005369743
0.0020001917,0.0020349839,0.0006580577
0.0023315726,0.0014602314,0.000119744
0.0021552023,0.0011407888,-0.0004051424
0.0024768188,0.0022957908,0.0002149559
0.0023547632,0.0030348454,0.0005848177
0.0024078574,0.0022341011,0.00064402
0.0020215514,0.0009563305,0.0004908264
0.0017450955,0.0006662057,0.0006580577
0.001816498,0.0013490678,0.0004902161
0.0013008131,0.0021058354,0.0005640664
0.0012379544,0.0022102803,0.0006672127
0.0019995814,0.0011939274,0.0004017178
0.0013441428,0.0008170706,0.0002949095
0.001173265,0.0019500842,6.222e-06
0.0017493674,0.0016923312,0.0014240256
0.0012263592,0.0010241281,0.0003840182
0.0009486827,0.0005067898,0.0001850496
0.0007002995,0.0008989163,0.0004926574
0.0009852994,0.0007181228,0.0012000334
-1.00641e-05,0.0009294558,-0.0004088044
0.0002419808,0.0003479846,0.000653175
-0.0001620233,0.0012305747,-0.0005870216
0.0004873125,0.0017436375,0.0003596048
6.4134e-06,0.0017717338,0.0002418106
-0.0004439717,9.69504e-05,3.85697e-05
-0.000356702,0.0002441505,-0.0009178221
-0.0001882652,0.0009318989,0.0005268361
-0.000521477,0.0016459113,-0.0005027957
0.0002218416,0.001148729,-0.001064302
-0.0002968947,0.0009544981,-0.0002781931
0.0004494753,0.0013936554,-0.0012498433
-0.0001168627,0.0013771641,-0.0006529376
-5.21732e-05,0.0020655233,-0.0006285243
0.0007259312,0.0007126257,-1.3919e-05
0.0003158244,0.0010790991,-0.001755199
0.0003561027,0.0009691571,0.0004975401
-3.87471e-05,0.0018731248,-0.0014353845
0.0008949782,0.0011120817,-0.0006858956
-7.41433e-05,0.0018535795,-0.0013438346
0.0012690786,0.0016489652,-0.0005589463
0.0005086722,0.0019219879,-0.0015879678
0.0006575801,0.0019403116,7.88517e-05
0.0012104919,0.0020551399,-0.0014915351
0.0008894857,0.0016898881,-0.0003099305
0.0006075373,0.0019842884,-0.0003972081
0.0011641108,0.0016874449,-0.0010179167
0.0009328154,0.00094045,-0.0001738262
0.0010133721,0.0015555145,-0.0013597032
0.0020014122,0.0019317605,-0.0008305445
0.0009657705,0.0026384434,-0.0002031222
0.0018518941,0.0013521218,-0.0004765514
0.0013734362,0.0003003431,-0.0008525165
0.001441177,0.0012061432,-0.0002354698
0.0013435325,0.0025315553,0.000156364
0.0020062944,0.0022640297,0.0004029385
0.001882408,0.0016055992,-0.0005809183
0.0013020336,0.0008989163,-0.0001262202
0.001761573,0.0023061742,8.98377e-05
0.0026464761,0.0027257862,0.0006452407
0.0018244316,0.0023208331,0.0006739263
0.0023382857,0.0010681049,0.000695288
0.001610224,0.0009392284,0.0004499341
0.002514656,0.0015097053,0.001342241
0.0021484892,0.0026958576,0.0003797458
0.0020746456,0.0018474716,0.0015467025
0.00206244,0.0008286756,0.0007404526
0.0021564228,0.0001116093,0.0007819553
0.0014625368,0.0013533433,0.0001795566
0.0019818833,0.0021565309,0.0010938354
0.0009035221,0.0018041056,0.0005842074
0.0012306311,0.0007254522,0.0002387589
0.0011781472,0.0003760809,0.0003992765
0.0008467662,0.0010522244,0.0004487135
0.0009700424,0.002049032,0.0004304035
0.0008772801,0.0015860539,0.0008759466
0.0012593142,0.0003980693,0.0004944884
0.0007753637,-0.0001021669,0.0002936889
5.09637e-05,0.0005550421,0.0006574473
0.0005904495,0.0009331205,0.0010755255
-4.36294e-05,0.0009080782,0.0005408737
-0.0003396142,0.0004023449,0.0007325183
0.0001553213,0.0001885687,0.0004523755
-0.0003017769,0.0001195496,0.0008796086
-0.0007210379,0.0010888717,0.0001136406
3.44862e-05,0.0011725498,0.0007508283
-0.000165685,0.0012372934,0.0002222799
-0.000249293,0.0006552115,7.88517e-05
4.30301e-05,0.0006081808,-0.000536364
-0.0006166804,0.0008726524,7.64103e-05
0.0001028374,0.0013435707,-0.0006584306
-0.0001052674,0.00118049,-0.0001079102
-0.0008138002,0.0008463885,-0.0006083833
0.0009553957,0.0006491036,-0.0008598405
-0.0006636718,0.0009599952,-0.0002934515
0.0002840899,0.0012305747,-0.0003068788
0.0010310702,0.0014541235,-0.0013310176
-0.0007430079,0.001849304,-0.0002629348
0.0008669054,0.0012824918,-0.0007817179
0.0007820768,0.0009044134,-0.0013407829
-0.0004274942,0.0017033254,-0.0006346276
0.0005166059,0.0025071238,-0.0006346276
0.0014686395,0.0016990499,-0.0006919989
2.41115e-05,0.0018780111,-0.001166838
0.0015449243,0.0019971149,-0.0003129821
0.0010292394,0.0024478772,-0.0003984287
0.0008003851,0.0009074674,0.0004096521
0.0011830294,0.0006533791,-0.0012229886
0.0014094426,0.0012885997,-3.34496e-05
0.0010518197,0.0028125183,5.0014e-06
0.0021826648,0.0016220905,6.8476e-05
0.0007265415,0.0010345115,-0.0013993749
0.0014131042,0.0010259604,-0.0002086152
0.0017182432,0.0031038646,-0.0005919043
0.0016346351,0.0027215107,0.0007441146
0.0019049883,0.0015402448,-0.0005870216
0.0015491962,0.0003864643,-0.0002067842
0.0013063056,0.0017888359,-3.95529e-05
0.0020355878,0.002135764,0.0007825656
0.0016090035,0.0022096695,9.53307e-05
0.0024072471,0.0011481182,0.000774021
0.0015339393,0.0010833746,2.39217e-05
0.0020185,0.0012983723,0.0008533642
0.0023047204,0.0023104497,0.0001264576
0.0017817121,0.0020649125,0.0010126612
0.0018610483,0.0019378684,0.0004157555
0.0022162301,0.0004848014,0.0011658547
0.0013984576,0.0005458803,0.0003669288
0.0014814554,0.0017124873,0.0005097468
0.0016071726,0.0026243952,0.0010749151
0.0014405667,0.0013228039,0.0013379686
0.0013484148,0.0005458803,-0.0003715741
0.0015186823,0.0007627104,0.0010639291
0.0010408347,0.0020062768,0.0010675911
0.001643179,0.0014669501,0.0011267934
0.0010524299,0.0003168344,0.0008307819
0.0004787686,-8.20108e-05,0.0010083888
0.0006136401,0.0005831384,0.0004816714
0.0005208778,0.0010687157,0.0014777349
-0.0002413594,0.0009099105,0.0003571635
-0.000227323,0.000714458,0.0001881013
0.0002194005,0.0012146942,0.000658668
-0.0010505881,0.0012238561,0.0004688545
6.50001e-05,0.0008524964,-0.0001182859
-0.0007289715,0.0003944046,0.0002784306
-0.0006923549,0.0009941994,0.0002546276
0.0001467774,0.0013869367,-0.0003135925
-0.0001424944,0.0006558223,0.0006006864
-0.0003408347,0.0004939632,-0.0007878212
0.0003152141,0.0007877527,-0.0003746258
-0.0001882652,0.0017527993,-0.0001298822
7.96468e-05,0.0012971507,4.1011e-05
7.59851e-05,0.0014412969,-0.0014518635
0.0005172161,0.0013209715,0.0002955199
0.0001913277,0.0019702402,-0.0010392784
0.0006270662,0.0015573469,-0.0004625137
6.2559e-05,0.0018651845,-0.0013236936
0.0004946358,0.0014608422,-5.17596e-05
0.001125053,0.0022854073,-0.0015995641
0.0009273229,0.0012940968,0.0003907318
9.00215e-05,0.0017699014,-0.0015031315
0.0014320229,0.0011010875,-0.0003319024
0.0005526123,0.0023574804,-0.0012681533
0.001173265,0.0022334903,0.0001685706
0.0009956741,0.0025193395,-0.0014408775
0.0012098817,0.0010540567,0.0005707801
0.0005867878,0.0013637267,-0.0012211576
0.0016273118,0.0012861565,-2.55153e-05
0.0009663807,0.0028876453,-0.0006791819
0.0014692498,0.0024826922,0.0005707801
0.0012214769,0.0018645737,-0.0008970708
0.0013191214,0.0008164598,0.0001752843
0.0011641108,0.0024448233,-0.0012419089
0.001750588,0.0033109221,0.00069895
0.0018573866,0.0029676587,0.0003498395
0.0022723757,0.0011841548,-0.0002250942
0.0016529435,0.0014113683,-0.0002708691
0.0021826648,0.0023556481,0.0012409257
0.0022266048,0.0028375606,0.0002851442
0.0026251163,0.0016770615,0.0011231314
0.0021161445,0.0012721084,0.0004181968
0.0022497954,0.0017118765,0.0007013913
0.002459731,0.0027593796,0.0005677284
0.0022290459,0.002683031,0.0011969817
0.0021912087,0.0022408198,0.0003321399
0.0024365404,0.0016275876,0.0008966979
0.0018549455,0.0016233121,0.0011548687
0.0019318405,0.0010351223,0.001259846
0.0015272262,0.0014645069,0.0005237844
0.0010969802,0.0014278596,0.0018897097
0.0012934897,0.0016428573,0.0010791874
0.0015534682,0.0007248415,0.0009247732
0.0006356101,0.0013661699,0.0005262258
0.0014576545,0.001458399,0.0015045896
0.0008949782,0.0016074316,0.0005018124
0.0007533937,0.0008091303,0.0012012541
0.0004934153,0.0010650509,0.0002991819
0.0006813809,0.0005923002,0.0013941193
0.0001400643,0.0007963038,0.0004169761
-3.9613e-06,0.000150089,0.001226888
-4.30191e-05,0.0009825944,0.0002473036
0.0006435437,0.0013008155,0.0007105463
-3.44752e-05,0.0016288092,0.000774021
0.0003811241,0.0010167986,0.0004676338
7.17132e-05,0.0006637626,0.0003382432
0.0003188758,0.0009080782,0.000675147
0.0003622055,0.0011811008,0.0007197013
0.0004812097,0.0008262324,0.0004737371
3.99787e-05,0.0007285062,0.0001533123
0.0002065846,0.0015878863,-0.0002244838
0.0004433725,0.0019024426,0.0002357072
5.52357e-05,0.0016336955,6.222e-06
0.0005770234,0.001458399,-0.0006993229
0.0006118092,0.0016788939,-0.0002250942
0.0003042291,0.0018444177,-0.0002476765
0.0005715309,0.0013734994,-0.0006321863
0.000339015,0.0009092997,-0.0003911047
0.0006057064,0.0012623358,-0.0007090882
0.0009694321,0.002040481,-0.0008940191
0.0010676869,0.0020716312,-3.58909e-05
0.0006459848,0.0017405836,-0.0008812021
0.0014149351,0.0019140476,-0.0011491383
0.0011921836,0.002526669,-0.0001262202
0.0011805883,0.0023984033,0.0001002133
0.0014655881,0.0021595848,-0.0010197477
0.0013252242,0.0012537847,0.000605569
0.0012001172,0.0015390232,-0.0001402579
0.0020020225,0.0020129955,-0.0004625137
0.0016590463,0.0029817068,0.0002387589
0.0021704592,0.0025004051,0.0006214377
0.0023578146,0.0019500842,-0.000503406
0.0021637462,0.0011676635,0.00075388
0.0019568619,0.0022670837,-0.0001616195
0.0024414227,0.0023672531,0.0011481551
0.0024078574,0.0022554787,0.0008020963
0.0021674078,0.0006417741,0.0005939727
0.001948318,0.0017540209,-0.000481434
0.0025183177,0.0027355588,0.0011719581
0.0021582537,0.0034379662,7.88517e-05
0.0033562294,0.0016947744,0.0011267934
0.0021716798,0.0009990857,0.0002973509
0.0022003629,0.0011438427,0.0009089045
0.003037054,0.0021876811,0.0005481977
0.002349881,0.0018676277,0.001877503
0.002404806,0.0018951132,0.0001020443
0.0027227608,0.0013625052,0.0010761358
0.002180834,0.001171939,0.0016406938
0.0028033175,0.0006607086,0.0009559002
0.0021301809,0.0016477436,0.0004066005
0.0019165836,0.0023110605,0.0020404619
0.0024554591,0.0017729554,0.0014411149
0.0021570331,0.0002643065,0.000728246
0.0015980185,0.0006228397,0.0008564159
0.0020154486,0.0016569055,0.0016797551
0.0022003629,0.0019366468,0.0011176384
0.0017536394,0.0005318321,0.0011390001
0.0015467551,0.0004542619,0.0002601206
0.0018854594,0.0007895851,0.0014191429
0.0015357701,0.0008665445,0.0016083462
0.0011464127,-0.0001693536,0.0010089992
0.0009096249,-9.42266e-05,0.0004841128
0.0009346463,0.0007138473,0.0014331806
0.0006313381,0.0014834414,0.0005073054
0.0008193037,0.0003583681,0.0008484816
0.0001418952,0.0003779133,-6.33559e-05
0.0009462416,0.0010094691,0.000116082
0.0008742288,0.0017521886,0.0003266469
0.0011232222,0.0013570081,0.000611062
0.001129325,0.0009251802,-0.0008043002
0.0011494641,0.0007401112,0.000741063
0.0011775369,0.0011542261,0.0003406845
0.0013294961,1.0565e-06,0.0007239736
0.0008302887,0.0006900265,-0.0006108246
0.0017585216,0.0016459113,0.0005585734
0.001904378,0.0021369856,0.0003034542
0.0017737785,0.0012055324,-0.0003624191
0.0015644532,0.0014315243,-0.0012840219
0.0025213691,0.0020673557,0.0005695594
0.0021936498,0.0023611452,-0.0002067842
0.002547611,0.001516424,-0.000472279
0.0022681037,0.0014113683,7.15277e-05
0.00212835,0.0018529687,0.0003144402
0.0026171827,0.0017882251,-0.0002977238
0.0022308768,0.0018352559,1.11047e-05
0.0027075039,0.0022127235,0.000139885
0.0029735851,0.002679977,-0.0002397422
0.002993114,0.0016129287,0.0011579204
0.0024823113,0.0012721084,-0.000587632
0.0031243237,0.0012116403,0.0005414841
0.0026501377,0.002639665,0.0004554271
0.0033659938,0.0019989473,0.0011115351
0.0027843989,0.0015378016,-0.00060228
0.0027026216,0.0012800487,0.0007160393
0.0027258122,0.0033512342,-0.0004625137
0.003882289,0.0032858797,0.0013880159
0.0030468184,0.0019085505,0.0009412522
0.0037187345,0.0007101825,8.61757e-05
0.0036204798,0.0016715644,0.0008667916
0.0034239702,0.0024490988,0.0022211205
0.0040964966,0.0021259914,0.000687964
0.0041013788,0.0010949796,0.0016132288
0.0036638095,0.0013704454,0.001848207
0.0039604046,0.0017424159,0.0010376848
0.0038737451,0.0018749571,0.0014380633
0.003882289,0.0024130622,0.0014997069
0.0039817643,0.0027007439,0.00128548
0.0041837664,0.0021614172,0.0020191003
0.0036406189,0.0009960318,0.0016803655
0.0035264969,0.0004964064,0.001203085
0.0035618931,0.0015836108,0.0011505964
0.0034819467,0.0021986753,0.0019702736
0.0034489916,0.0016880557,0.0013471236
0.0038328565,4.56441e-05,0.001316607
0.0028954695,0.0002276592,0.0005939727
0.0035777603,0.001614761,0.0015564679
0.0036058331,0.0019623,0.0012537427
0.0030394951,0.000859215,0.001287311
0.0031993879,0.0005916895,0.000750218
0.0030065401,0.0001494782,0.0021320119
0.002213789,0.0006985775,0.0010364641
0.0027721933,0.0008653229,0.0010279195
0.0021741209,0.0014504588,0.0014331806
0.0021930395,0.0016001021,0.0014374529
0.0024688852,0.0008054656,0.001215902
0.0025170971,0.0001812392,0.0012403154
0.0017878149,0.0010711588,0.0007435043
0.0025689708,0.0017094333,0.0013178277
0.0022516262,0.001183544,0.0015637919
0.002176562,-0.0001589702,0.0008277303
0.0026611227,-3.19261e-05,0.000106927
0.0021631359,0.0009734326,0.0013855746
0.0024035854,0.0023159468,-6.88489e-05
0.0030858762,0.0016220905,0.0004114831
0.0024878038,0.0013014263,0.0001496503
0.0025750735,0.001692942,2.94147e-05
0.002868007,0.0016459113,0.0007563213
0.0023285212,0.0010467273,0.0005860384
0.002863735,0.0010345115,-7.55626e-05
0.0031060154,0.0018932808,0.0002131249
0.0029278142,0.0026378326,0.0006818607
0.0037260579,0.0022872397,6.78657e-05
0.0037596231,0.0010827638,0.0005652871
0.0032598055,0.001716152,0.0001313403
0.0043229097,0.0026201197,0.000673316
0.0042191625,0.0028003025,0.0008631296
0.0034813364,0.0016355279,0.0008606882
0.0038285846,0.0015579576,0.0001960356
0.0040342482,0.0017521886,0.0014276876
0.00355518,0.0023599236,0.0009052425
0.0043790553,0.0020239897,0.0004535961
0.0039970213,0.0019268742,0.0007917206
0.0039451477,0.0019787913,0.0011054318
0.0043766142,0.0022884613,0.0004011075
0.0042167214,0.0020184926,0.0014875002
0.0045194193,0.0020704096,0.0006885743
0.0051010142,0.0016306415,0.0013007383
0.004088563,0.001950695,0.0010761358
0.0049173205,0.0016721752,0.0012940247
0.0042631025,0.001927485,0.0009339282
0.0044901259,0.0020557507,0.0022980225
0.0048666674,0.0017863927,0.0012995177
0.0047025027,0.0011181896,0.0015778295
0.0047482735,0.0021644711,0.0009784825
0.0049319672,0.003036067,0.0020136073
0.004955768,0.0022218853,0.0023840794
0.0055355321,0.0009544981,0.0016358111
0.0052706715,0.000850664,0.0019006957
0.0048337124,0.0014193085,0.0025348317
0.0054171382,0.0021162188,0.0017273611
0.0050595153,0.0020276544,0.0020227623
0.0049197616,0.001481609,0.0026855839
0.0053414637,0.0013362412,0.0013965606
0.0047330166,0.0014144222,0.0025348317
0.005036935,0.0012812702,0.0026068509
0.0050546331,0.0009435039,0.0012622874
0.0043918712,0.0014693932,0.001904968
0.0048868066,0.0015964374,0.0026044096
0.0049618708,0.0007150688,0.0017066098
0.0045206398,0.0002447613,0.001270832
0.0042557792,0.000627726,0.0016907411
0.0041886486,0.0019403116,0.0010987181
0.0046072993,0.0017185952,0.0020258139
0.0041801047,0.0005556529,0.0017267508
0.0044730381,-0.0002799065,0.0014301289
0.003974441,0.0006258936,0.0014093776
0.0042216036,0.0012018677,0.0021710732
0.0041758327,0.0012262992,0.0009266042
0.0042820211,0.0004304412,0.0021051572
0.0038902226,0.0006771999,0.0016089565
0.0042106186,0.0006552115,0.0013849643
0.0039103618,0.0014040388,0.0010242575
0.0037986809,0.0015323045,0.0017163751
0.0040025138,0.0019232095,0.0007001707
0.0046384235,0.0010778775,0.0017572674
0.004176443,0.0005617608,0.0015363269
0.0044290981,2.2781e-06,0.0011225211
0.0041886486,0.0010577215,0.0006794193
0.0041416572,0.0018395314,0.0015113032
0.0047293549,0.0015933834,0.0009851962
0.0049026738,0.0008005793,0.0003235952
0.0045609182,0.0011188004,0.0009778722
0.0050869778,0.0021986753,0.0007361803
0.0052181876,0.0021779085,0.0007850069
0.0045419995,0.0017234815,0.0005561321
0.0055861852,0.0019128261,0.0003675392
0.0049575989,0.0021101109,0.0015033689
0.0050418172,0.001328301,0.0018054837
0.0054867099,0.0002294916,0.0004651925
0.0049704147,0.001429692,0.0006708747
0.005625243,0.0035271414,0.0016315388
0.0064961097,0.0033097005,0.0014777349
0.0060481656,0.0010064152,0.0011829441
0.0057454678,0.000772483,0.0008936462
0.0062080585,0.0016776723,0.0019238883
0.0057015277,0.0030372886,0.0014014433
0.0063813774,0.0021730222,0.001820742
0.0060768487,0.0017418051,0.000759373
0.0057784228,0.0014834414,0.0019605083
0.0055398041,0.0026097363,0.0009986235
0.0056539261,0.0017558533,0.0026800909
0.0055074593,0.0011762145,0.0010981078
0.0056490438,0.0013625052,0.0014533216
0.0053316993,0.0024032896,0.0023431871
0.0061860885,0.0010448949,0.002597696
0.0056533158,0.0004249441,0.000645851
0.0050412069,0.0014797767,0.0021973175
0.0056185299,0.0026781447,0.0023224358
0.0063514738,0.0015567361,0.0016120082
0.005779033,0.000729117,0.0016864688
0.0057045791,0.001493214,0.0015924775
0.0059615062,0.0025175072,0.0022424821
0.0059615062,0.0022072264,0.0027264762
0.0058473842,0.0006466605,0.0022443131
0.0059078017,0.0003327149,0.0016754828
0.0057619453,0.001391823,0.0030145534
0.0063966344,0.0017668475,0.0028247398
0.0065107564,0.0006881941,0.0016712105
0.0057741508,0.0011444535,0.0017298024
0.0066828548,0.002115608,0.0027423449
0.0068769232,0.001681337,0.0023712624
0.0065992467,0.0006320015,0.0015998015
0.0064033474,0.0005721442,0.0021307912
0.0063838185,0.0017503562,0.0022174585
0.006305703,0.0017973869,0.0025934236
0.0065095358,0.0006301692,0.0021332325
0.0060213134,0.0003656975,0.0015991912
0.0060780693,0.0010540567,0.002535442
0.0060963776,0.0014412969,0.00245854
0.0062745788,0.000549545,0.0021765662
0.0060634226,0.0003070618,0.0015448715
0.0061037009,0.0008305079,0.0026709359
0.0062501677,0.0015640655,0.0020221519
0.0064503388,0.0007480514,0.001831728
0.0058113778,0.000595965,0.0013520063
0.0062831227,0.0012421797,0.001912292
0.0062526088,0.0014223625,0.0020599926
0.0061128551,0.0010778775,0.0017035581
0.0063301141,0.0010693264,0.001300128
0.0062757993,0.001458399,0.0019940766
0.006180596,0.0016306415,0.0021417772
0.0061879193,0.0011334593,0.0018237937
0.0063374374,0.0005635932,0.0024670847
0.0059907995,0.000729117,0.0018836063
0.0063594074,0.0008928084,0.0025635173
0.0061311634,0.0017106549,0.0016742621
0.0063636794,0.0018786219,0.0016425248
0.0064076194,0.0022811318,0.0015955292
0.0066761417,0.0014095359,0.002506146
0.0062550499,0.0013301334,0.0009143975
0.0063063132,0.0012605034,0.0020319173
0.0061012598,0.0017405836,0.0023212151
0.0064356922,0.0009147968,0.001914123
0.0055782516,0.0012043108,0.0009174492
0.0057381444,0.001649576,0.0024023894
0.0061647287,0.00162942,0.0017316334
0.0059016989,0.0007663751,0.0011463241
0.0056154785,0.0009331205,0.0014832279
0.0057961208,0.0015622332,0.0017188164
0.006066474,0.0013820504,0.001914123
0.0051150506,0.0008121843,0.00128548
0.0058010031,0.0006234505,0.0017847324
0.0056905427,0.0011181896,0.0013172173
0.004867888,0.0019006103,0.0014527112
0.0059859173,0.0015720058,0.0018195214
0.005249922,0.0005831384,0.0016614451
0.004911828,0.0009251802,0.0011664651
0.0056783372,0.0011432319,0.002515301
0.0052297828,0.0006771999,0.0021777869
0.0056533158,0.0005654255,0.0012732733
0.0050412069,0.0010381762,0.0021124812
0.005484879,0.0016404142,0.0017822911
0.0060371806,0.0010607754,0.0017328541
0.0054458213,0.0007999685,0.0015436509
0.0054043224,0.0007566025,0.0011988127
0.0054586371,0.0016874449,0.0010089992
0.0057802536,0.0014785551,0.0020691476
0.0050399864,0.0010919256,0.0010883424
0.0054696221,0.0006790323,0.0010315815
0.0055654357,0.0014608422,0.0015051999
0.0054323951,0.0017534101,0.0021185845
0.0057204464,0.0013130313,0.0009833652
0.0055666563,0.0004298304,0.0019898043
0.0055715385,0.0011890411,0.0015039792
0.0063227907,0.0015726166,0.0022839848
0.0058138189,0.0013032586,0.0022119655
0.0056673522,0.0011664419,0.0012915833
0.0058846111,0.0020062768,0.0013813023
0.0058760672,0.0022909044,0.0028381672
0.0055092902,0.0018303695,0.0014112086
0.00590414,0.0007889743,0.0012238364
0.0058742364,0.0011865979,0.0023022948
0.0059431978,0.0024161162,0.0014942139
0.0064655958,0.0023018986,0.0016480178
0.0064832939,0.0011811008,0.0023401354
0.0064216558,0.0007541593,0.0012812077
0.0066791931,0.0015182564,0.0012586254
0.0061818165,0.0018022732,0.0022211205
0.0061824268,0.0020239897,0.0009662758
0.0066077906,0.0022701376,0.0009046322
0.0059547931,0.0017833388,0.0020514479
0.006044504,0.0017302001,0.0010254781
0.0066523409,0.0018664061,0.0009028012
0.0057704892,0.0021779085,0.0018213524
0.0062507779,0.0021766869,0.0015326649
0.0067817198,0.0018157106,0.0014295186
0.0055452966,0.0007730938,0.0022906985
0.0058797289,0.001218359,0.0010682015
0.0065925336,0.0020136062,0.0016669381
0.0057729303,0.0020221573,0.0022577405
0.006000564,0.0017326433,0.000618386
0.0065675122,0.0019280958,0.0010157128
0.0055599432,0.0020087199,0.0021631389
0.0063240113,0.0012476768,0.001314776
0.0064900069,0.0009679355,0.0008014859
0.0059004784,0.0015182564,0.001972715
0.006378326,0.0019287066,0.0013446823
0.0067298462,0.0010076368,0.0017407884
0.0058730159,0.0007993577,0.0008765569
0.0058132086,0.001351511,0.0010779668
0.0065681225,0.0021546985,0.0018384417
0.0060390115,0.0010772667,0.0014923829
0.0056166991,0.0005648147,0.0001002133
0.0061769343,0.0013557865,0.0017822911
0.0057344828,0.0019067182,0.0023877414
0.0060139901,0.0010424517,0.0007795139
0.0059535726,0.0004603698,0.001375199
0.0059120736,0.0010100799,0.0021564252
0.0059059709,0.0013973201,0.0012989073
0.0057881872,0.0010900933,0.0013727576
0.005713123,0.00056115,0.0019129023
0.0055941188,0.0010552783,0.0008057583
0.0057576733,0.0017228707,0.0015235099
0.0056136477,0.0012226345,0.0020245933
0.0059169559,0.0007089609,0.0003943938
0.0057186155,0.0011530045,0.0012152917
0.0054635193,0.0017332541,0.0024908877
0.0062696966,0.0006472712,0.0014923829
0.00579429,-0.0001772939,0.0010688118
0.0053817421,0.0008225677,0.0017334644
0.0058846111,0.0019781805,0.0015973602
0.0061732726,0.0015958266,0.0017529951
0.0057253286,0.0006374986,0.001320269
0.0057595041,0.0007052962,0.0010950561
0.0057546219,0.001539634,0.0018085354
0.0056398897,0.0014651177,0.0022180688
0.0059139045,0.0006552115,0.0013190483
0.0055013566,0.0007181228,0.0013861849
0.0055459068,0.0015866647,0.0023401354
0.0057552322,0.0012574495,0.0018860477
0.0057686583,0.0003705838,0.0015631815
0.0054037121,0.000983816,0.0010395158
0.0055489582,0.002150423,0.0018042631
0.0060750179,0.0018163214,0.0020129969
0.0055099004,0.000717512,0.0011847751
0.0053109498,0.000419447,0.0011548687
0.0055611638,0.0009880915,0.001875672
0.0054092046,0.0016868341,0.0014899416
0.0054604679,0.0015518498,0.0013758093
0.0053109498,0.0009459471,0.0015821018
0.0052853181,0.0008891437,0.0011548687
0.0054574165,0.0010790991,0.0015253409
0.0051693653,0.0010149662,0.0017005064
0.0051358,0.0009111321,0.001247029
0.0052731126,0.0012146942,0.0010669808
0.0053249862,0.0011114709,0.0021881625
0.0051565495,0.0007871419,0.0011304554
0.0053005751,0.0007498838,0.0011115351
0.0050686695,0.0008842574,0.0016797551
0.0050839264,0.0010210741,0.0015198479
0.0051553289,0.0009795405,0.0009052425
0.0046048582,0.0008799819,0.0011994231
0.0047928238,0.0006833078,0.001270832
0.0049875025,0.0008219569,0.000687964
0.0046555112,0.0007645427,0.0011969817
0.0045481023,0.0009532765,0.0005250051
0.0051437336,0.0010100799,0.0008283406
0.0047836696,0.0008634906,0.0010089992
0.0048532413,0.0002698036,0.0009955718
0.0050546331,0.0003895183,0.0004194175
0.0045639695,0.0006833078,0.0012384844
0.004683584,0.000882425,0.0008362749
0.004562749,0.0008146274,0.0004902161
0.0043637984,0.0008262324,0.0010981078
0.0043448797,0.0006539899,0.0007123773
0.0043448797,0.0007046854,0.0005707801
0.0041721711,0.0009563305,0.0008997495
0.0041056508,0.0008237893,0.0008704536
0.0045102651,0.0005098437,0.000656837
0.0041190769,0.00027469,0.0012622874
0.0040617108,0.0004896877,0.0005243948
0.0043265714,0.0006802539,0.0008954772
0.004051336,0.0008543287,0.0007843966
0.0041068713,0.0008121843,0.0004725164
0.0039787129,0.0009264018,0.0004560375
0.0042002439,0.0010308467,0.0008905946
0.0040611005,0.0007046854,0.0005951934
0.0038914432,0.0007254522,0.0001966459
0.0039671177,0.0011646095,0.0007056637
0.0039451477,0.0014608422,0.0005213431
0.004176443,0.0009642707,0.0004932678
0.0037968501,0.0005788629,0.0002704962
0.003941486,0.000792639,0.0005823764
0.0036125461,0.0015958266,0.000141716
0.003959184,0.0016092639,0.0008320026
0.0041123638,0.0012055324,0.0003693702
0.0037144626,0.0008702092,0.0001655189
0.0038322462,0.0012317963,0.0007807346
0.0038456723,0.0010729912,0.0010620981
0.0037767109,0.0006796431,0.0003943938
0.0036003406,0.0009447255,0.0003235952
0.0036680814,0.0014162546,0.0013159967
0.00357715,0.0014535127,7.2138e-05
0.0036174284,0.0010699372,0.0002650032
0.0034050516,0.0011310161,0.0004053798
0.0036082742,0.0017308109,-4.916e-07
0.0036076639,0.0017332541,0.000125237
0.0035387025,0.0010742128,0.0008924256
0.0037699979,0.0004762503,-0.0001164549
0.0032237991,0.0007181228,0.0003589945
0.0036094948,0.001284935,0.0009974028
0.0039243982,0.0012482876,0.0001002133
0.0029693131,0.0012043108,-0.0001445302
0.0034874392,0.001371667,0.0002289936
0.003298253,0.0013759425,0.0001520916
0.0032024393,0.0015359692,-0.0002684278
0.0032195271,0.001591551,-2.49049e-05
0.0028112511,0.0014755011,0.0002888062
0.0034062722,0.0013160852,8.053e-06
0.0029564973,0.0010571107,0.0002320452
0.0029265937,0.001140178,0.0001093683
0.0033543986,0.0012397366,0.0002271626
0.0029528356,0.0011010875,0.0005506391
0.0031865721,0.0007950822,0.000103265
0.003102964,0.0013704454,-0.0004991337
0.0029845701,0.0015549037,0.0008771672
0.0028722789,0.0011811008,8.8617e-05
0.0030681782,0.0006735352,-0.0003386161
0.0027892811,0.0010351223,0.0002900269
0.0028716687,0.0015518498,4.58937e-05
0.0026855339,0.0016599594,-0.0003868324
0.0029442917,0.001140178,0.0003498395
0.0027789064,0.0008812034,-0.000481434
0.0025152663,0.0013417383,-0.0007530322
0.0031243237,0.0013234147,0.000675147
0.0025012299,0.0008219569,-0.0001567369
0.00280881,0.0008054656,-0.0007615769
0.0029387992,0.0008402806,0.0005799351
0.0022021937,0.0012049216,0.0001075373
0.0030077606,0.001030236,-0.0004124664
0.0022821401,0.000937396,1.3546e-05
0.0022003629,0.0013930446,-0.0002147185
0.0026306088,0.001449848,-0.0002842965
0.0021344528,0.0009960318,0.0003095575
0.0019049883,0.0010900933,-0.0009428458
0.002573853,0.0011988137,2.4532e-05
0.0018537249,0.0012311855,0.0002015286
0.0019135322,0.0009270126,-0.0008409202
0.0027337458,0.0009832052,-0.0004191801
0.0019867656,0.0011530045,0.0006940673
0.0021320117,0.0009105213,-0.0009727521
0.0023578146,0.0006649841,-0.0008641128
0.0019104808,0.0011236867,0.0004004972
0.0024011443,0.0015268074,-0.0010722364
0.0022900737,0.0007706506,-0.000561998
0.0016193782,0.0008531071,-0.0003032168
0.0022040245,0.0012794379,-0.0007988072
0.0019861553,0.0013680023,-0.0007927039
0.001592526,0.0013741102,-7.43419e-05
0.0023553735,0.0011548369,-0.0007151916
0.0018897314,0.0007767585,-0.0008073519
0.0013368195,0.0010784883,-0.0001732159
0.0023407268,0.001759518,-0.0007481496
0.0018903416,0.0012226345,-8.53279e-05
0.0011836397,0.0006515468,-0.0003795084
0.0024340993,0.000329661,-0.000532702
0.0014070015,0.0008885329,-0.0007023746
0.0010689074,0.0014174762,-0.0002177702
0.0020471831,0.0015225319,-0.0009697004
0.0013124084,0.0009813728,-0.0005552843
0.0011085755,0.0008048548,-0.0009422354
0.0014808451,0.0009184616,-0.0010472127
0.0014295817,0.0009025811,-0.0001237789
0.0006642931,0.0009166292,-0.0010655227
0.0014057809,0.0007071286,-0.0008085725
0.0015302776,0.0007236199,-0.0004204007
0.0004372697,0.0007132365,-0.0005003544
0.0013471942,0.0004646453,-0.001108246
0.000949293,0.0006900265,-0.0003550951
0.0005404067,0.00155979,-0.0010362267
0.0010029974,0.0009887023,-0.0004954717
0.0007326443,0.000329661,-0.0005174437
0.0007442395,0.0005837492,-0.0015220518
0.000486092,0.0010986443,-0.0001207272
0.0007295929,0.0010827638,-0.0005644393
0.0006014345,0.0008689877,-0.0013987645
0.000400653,0.0010119123,-0.0007493702
0.0008296785,0.0005428263,3.30767e-05
0.0004671733,0.0001800177,-0.0014677322
0.0005159956,0.0006283368,-0.0013139282
8.20879e-05,0.001658127,-0.0005864113
0.0005312525,0.0014290812,-0.0010838327
0.0005788542,-5.26929e-05,-0.0010008274
-0.0004500745,0.0001048906,-0.0019352472
0.0005721411,0.0011468967,-0.0009819071
0.0001614241,0.0014974895,-0.0003868324
-9.36721e-05,0.0006344447,-0.0015366998
0.000253576,0.0002337671,-0.0021366571
-0.0001907064,0.0009276234,-0.0001433095
0.0002993469,0.0008873113,-0.0010942084
-3.87471e-05,0.0001775745,-0.0019798015
-6.80405e-05,0.0006930804,-0.0010490437
-7.47535e-05,0.0017613504,-0.001186979
-5.1563e-05,0.0008500532,-0.0011149597
7.7816e-05,2.67096e-05,-0.0017143067
-0.0002657705,0.0006814754,-0.0013310176
-0.0003200853,0.001403428,-0.0012571673
-0.0002120661,0.0008641013,-0.0007969762
0.0001254177,0.0007022423,-0.0019804119
-0.000367687,0.0006258936,-0.0010960394
-0.0010353311,0.0012672221,-0.0016404564
0.0004616808,0.0010119123,-0.0013822855
-0.0004573978,0.0008292864,-0.0015977331
-0.0008565196,0.001038787,-0.0017008794
-0.0001376122,0.0010125231,-0.0014237882
-0.0001864344,0.0004756395,-0.0012821909
-0.0009114447,0.0008152382,-0.0021384881
-0.0002950639,0.0009514442,-0.0009843484
-0.0002584472,0.000604516,-0.0012943976
-0.0009962733,0.0006381094,-0.0021342158
-0.0004122373,0.0008879221,-0.0013694685
-0.0006337682,0.0009697678,-0.0015885781
-0.0010554703,0.0009624384,-0.0019999425
-0.0004830295,0.0008964732,-0.0017967016
-0.0006227832,0.0007138473,-0.0013694685
-0.000951723,0.0008812034,-0.0023209777
-0.0003908775,0.000592911,-0.0012156646
-0.0009419586,0.0007535485,-0.0017179687
-0.0006124084,0.0006265044,-0.001718579
-0.0005031687,0.0002771331,-0.001218106
-0.0009950528,0.0002972892,-0.0015745404
-0.0010194639,0.0006203965,-0.0020792858
-0.0007192071,0.0011743822,-0.0012809703
-0.0010048172,0.0010900933,-0.0012986699
-0.0012959198,0.000581306,-0.0025052983
-0.0009126652,0.000451208,-0.0014256192
-0.0015851916,0.0010284036,-0.0016679214
-0.0009877294,0.0005000711,-0.0014884835
-0.0013416907,-4.4406e-06,-0.0021226195
-0.0014533715,0.0002496476,-0.0014689528
-0.0013001918,0.0006002405,-0.0014689528
-0.0014033287,0.0002075032,-0.0017320063
-0.0016224185,-0.0001418681,-0.002436941
-0.001610213,0.0003015647,-0.0017985326
-0.0012782217,0.0007498838,-0.0013346796
-0.0018317439,0.000193455,-0.0023624803
-0.0014570332,-5.57469e-05,-0.0019205992
-0.0015705449,0.0002062816,-0.0017503163
-0.0020392384,0.0005898571,-0.0018772656
-0.0012794423,0.0003711946,-0.0017014897
-0.0015674935,-0.0002481454,-0.0015104555
-0.0017762086,8.29022e-05,-0.0023667527
-0.0015125685,0.0004157822,-0.0014994695
-0.0017078575,0.0004084528,-0.001113739
-0.0015687141,0.0002704144,-0.0025284909
-0.0015345385,-3.219e-06,-0.001669142
-0.0020093348,0.0002649173,-0.0012596086
-0.0015009732,4.13686e-05,-0.0019212096
-0.0017151808,-6.85735e-05,-0.0021909768
-0.002242461,0.0003027863,-0.0012962286
-0.0016132644,0.0003638652,-0.0021207885
-0.0017823114,2.8542e-05,-0.0019334162
-0.0022027929,-2.33751e-05,-0.0016166534
-0.0013514551,-3.74232e-05,-0.002281306
-0.0021777715,0.0007016315,-0.0024393823
-0.0019550201,0.0004255548,-0.0007804972
-0.0013545065,-0.0002389836,-0.0025608386
-0.0017609516,-0.0003758003,-0.0024924813
-0.002334613,0.0002343779,-0.0010984807
-0.0016785641,0.0001787961,-0.0016300807
-0.0018433392,8.3513e-05,-0.0025889139
-0.0020160478,2.5488e-05,-0.0009562731
-0.00175729,0.000141538,-0.0020506002
-0.0015461338,9.26748e-05,-0.002303278
-0.0024749769,0.0003944046,-0.0012834116
-0.0016590352,0.0004854122,-0.0019321956
-0.0014832752,0.0001244359,-0.0019254819
-0.0025305122,0.0002661389,-0.0013670272
-0.0017115191,-0.0002133305,-0.0016972174
-0.0017658339,6.09138e-05,-0.0026218719
-0.0024188313,0.0008805926,-0.0015202208
-0.0018640886,0.0008335619,-0.00168379
-0.0015021938,-0.0003892377,-0.0019102236
-0.0022717543,-0.0004167232,-0.002299616
-0.0019879751,0.0001397056,-0.0013188109
-0.001996519,0.0003553141,-0.0017411613
-0.0020679215,-4.65851e-05,-0.0023533253
-0.0020898915,0.0005281674,-0.0021018681
-0.0020752448,0.0006338339,-0.0017655747
-0.001996519,0.0003656975,-0.0024436546
-0.002330341,0.0001055014,-0.0022752027
-0.0019605126,0.0002423181,-0.001740551
-0.0018396775,0.0003999017,-0.002347222
-0.0022363582,0.00089403,-0.0019120546
-0.0018146561,3.83146e-05,-0.0010166961
-0.001996519,-0.0007282256,-0.0023057194
-0.0022125574,4.99196e-05,-0.002327081
-0.0019025361,0.000827454,-0.0009861794
-0.0020367973,0.0004408246,-0.0017429923
-0.0018189281,8.29022e-05,-0.0028153474
-0.001970277,0.0002276592,-0.0014207365
-0.0023858763,0.0009618276,-0.0019816325
-0.0018024506,0.0007052962,-0.0022172211
-0.0022326965,0.0001916227,-0.0019315852
-0.0022229321,5.1752e-05,-0.0019218199
-0.0019489173,0.0006881941,-0.0024784436
-0.0019946881,0.0008445561,-0.0013029422
-0.0023327821,-0.00015103,-0.0015714888
-0.0018427289,-0.0001351495,-0.0030747389
-0.0018354056,0.00025148,-0.0010960394
-0.0027422787,0.001015577,-0.0018827586
-0.0015143993,0.000526335,-0.0025187256
-0.0022967757,-0.0001461437,-0.0015281551
-0.0024780283,0.0002001737,-0.0020145905
-0.0020068937,0.0006454389,-0.0026487265
-0.0023559727,0.0007016315,-0.0010411094
-0.002139324,0.0003644759,-0.0023942177
-0.0021161334,-7.59029e-05,-0.0022031834
-0.0020587673,0.000439603,-0.0011314387
-0.0023352232,0.0001781853,-0.0020762342
-0.002007504,0.0002007845,-0.0020298489
-0.0018000094,0.000352871,-0.0012510639
-0.0025482103,2.8889e-06,-0.0015714888
-0.0017524078,0.0004585374,-0.0021567981
-0.00188911,0.0003192776,-0.0010539264
-0.0024609405,8.65669e-05,-0.0018021946
-0.001937322,0.0002001737,-0.0021311641
-0.0022168293,0.0005196163,-0.0011479177
-0.0024523966,0.0005037358,-0.001832101
-0.0020459515,0.0005122869,-0.0023777387
-0.0019708873,2.36557e-05,-0.001062471
-0.0026171717,-4.90282e-05,-0.0016093294
-0.0017548489,0.0003852428,-0.0027427178
-0.0021014868,0.0002753007,-0.0008085725
-0.002580555,-3.74232e-05,-0.0013053836
-0.0013172795,-0.0006188943,-0.002413138
-0.0025707906,-0.0003177754,-0.001161345
-0.0025097628,0.00053794,-0.001172331
-0.0014997527,0.0001989521,-0.0023337947
-0.0027105442,-0.0003220509,-0.0009019535
-0.0025329533,-8.93403e-05,-0.0018687209
-0.001544303,-1.54348e-05,-0.0015666061
-0.0027856084,-0.0001284308,-0.0009831278
-0.0026788098,0.0001293222,-0.0021806011
-0.0016486605,-1.17701e-05,-0.0011802653
-0.0026336492,-0.0001528623,-0.0009831278
-0.0021350521,-0.0006818056,-0.0016569354
-0.0018927717,-0.0007208961,-0.0016618181
-0.0026196128,-0.000182791,-0.0006938299
-0.0023022682,0.0001610832,-0.0021122438
-0.001878125,-0.0003922916,-0.0010331751
-0.0024743666,-0.0007343335,-0.0014494222
-0.0023034888,-0.0005126171,-0.0021104128
-0.0021216259,-0.0002231031,-0.0008567888
-0.0025390561,-0.0002530317,-0.0014951971
-0.00245972,-0.0005846902,-0.0022196624
-0.0021515296,-0.0002573073,-0.0012675429
-0.0021576323,-0.0008228979,-0.0003715741
-0.0023474288,-0.0009963619,-0.0025602282
-0.0021680071,-0.0007441061,-0.0011277767
-0.0027654692,0.0001305438,-0.0009440664
-0.0018305233,-0.0002854036,-0.001727734
-0.0021423754,-0.0010617164,-0.0016233671
-0.0025707906,-0.0012730494,-0.0007573045
-0.0017817011,-0.0008296166,-0.0020249662
-0.0024450733,-0.0001907313,-0.0014298915
-0.0024798591,-4.9639e-05,-0.0007017642
-0.0013575579,-0.0009169594,-0.0017979223
-0.0024346986,-0.0009914756,-0.001824777
-0.0023480391,-0.0003483148,-0.0008989018
-0.001333757,-0.0011679937,-0.0010026584
-0.0025378355,-0.0009676549,-0.0024412133
-0.0023626858,-7.95677e-05,-0.0011985753
-0.0014722902,-0.000206001,-0.0008390892
-0.0021710585,-0.0011405082,-0.00181196
-0.0024029641,-0.0013854345,-0.0018772656
-0.0019928573,-0.0006524877,-0.0013426139
-0.0023828249,0.000263085,-0.0014420982
-0.0017871936,-0.0002939546,-0.0013200316
-0.0017945169,-0.0015124787,-0.0014707838
-0.0025610261,-0.0010030806,-0.0022214934
-0.0015516263,5.9428e-06,-0.0009654281
-0.0021136923,-0.0007294472,-0.000536364
-0.0023486494,-0.0012437315,-0.0025382562
-0.0013392495,-0.0007343335,-0.0017539783
-0.0023931997,-3.8034e-05,6.8324e-06
-0.0018964334,-0.0004002319,-0.0018809276
-0.0013685429,-0.0019815646,-0.001681959
-0.0026916256,-0.0007813642,-0.0012339746
-0.001588243,0.0002991215,-0.0012046786
-0.0014899882,-0.0001662997,-0.0011582933
-0.0021136923,-0.0011014177,-0.0012663223
-0.0017493564,-0.0011679937,-0.0021952491
-0.0016926005,-0.0003684709,-0.0005998386
-0.0021551912,-0.0002573073,-0.0010667434
-0.0014613051,-0.0009859785,-0.0022080661
-0.0016138746,-0.000883366,-0.0011326593
-0.002062429,-0.0003000625,-0.0007762249
-0.001430181,-0.0006628712,-0.0017179687
-0.0020245917,-0.000981703,-0.0014707838
-0.0018585961,-0.000706848,-0.0009074465
-0.0016016691,-0.0002487562,-0.001835763
-0.0018268617,-0.0002963978,-0.0009709211
-0.0018531036,-0.0005675881,-0.0013908302
-0.001392954,-0.0008345029,-0.0014274502
-0.0020679215,-0.000802131,-0.0011570727
-0.0020642598,-0.0005584262,-0.0012754773
-0.0013368084,-0.0008119037,-0.0011381523
-0.0019464762,-0.0005046768,-0.0014311122
-0.0017768189,-0.0002573073,-0.001062471
-0.0014252987,-0.0008497726,-0.001058809
-0.0020081142,-0.001039728,-0.0011570727
-0.0017456947,-0.0001589702,-0.0019242612
-0.0016309624,-0.0004863531,-0.000494251
-0.0020612084,-0.000672033,-0.0008897468
-0.0011946137,-0.0013255772,-0.0015745404
-0.0019800414,-0.0009621578,-0.0014341638
-0.0021167437,9.93935e-05,-0.0005735943
-0.0012342817,0.0001543645,-0.0014640702
-0.0017597311,-0.0010183504,-0.0010545367
-0.0022626002,-0.0009291752,-0.0012907356
-0.0009761341,-0.0005645341,-0.0011717207
-0.0021191848,-0.0004295498,-0.0010325647
-0.0022296452,-0.0007215069,-0.0007933142
-0.0008565196,-0.0009523851,-0.0013859475
-0.0019574612,-0.0006964646,-0.001232754
-0.0022790777,7.80159e-05,-0.0007896522
-0.000624614,-0.0006500446,-0.0007762249
-0.002176551,-0.0013787159,-0.0014695632
-0.0021619043,-9.11727e-05,-0.001766185
-0.0007338538,0.000271636,-0.0001646712
-0.0019904162,-0.0005168926,-0.0011344903
-0.001496091,-0.0011124119,-0.0019389092
-0.0012300098,-0.0011453945,-0.0002000705
-0.0021576323,8.71777e-05,-0.0011131287
-0.0011879006,-0.0002121089,-0.0013432242
-0.0014985321,-0.0007667053,-0.0002147185
-0.0014582538,-0.0009774275,-0.0011039737
-0.0014216371,-0.000573696,-0.0017777813
-0.0017328789,-4.41419e-05,0.0003840182
-0.0016718511,-0.0002267678,-0.001687452
-0.0012080398,-0.000738609,-0.0017088137
-0.0017182322,-0.0003104459,0.000163688
-0.0015021938,-0.0006219483,-0.0010197477
-0.0012208556,-0.0006250022,-0.0024839366
-0.0019251164,-0.0001925636,0.0004035488
-0.0014076007,-1.84888e-05,-0.0011235043
-0.0006087468,-0.0009218457,-0.0018717726
-0.0021027073,-0.0007483816,-0.0001439199
-0.0010627936,-0.0001797371,-0.0011936926
-0.0010743889,-0.0003800758,-0.0016367944
-0.0017707161,-8.62863e-05,-2.42946e-05
-0.0009828472,-0.0006494338,-0.0008091829
-0.0010273975,-0.0010843156,-0.0016026158
-0.0016773436,-7.95677e-05,-0.000452138
-0.0013294851,5.96922e-05,-7.73936e-05
-0.0008052563,-0.0006182836,-0.0014689528
-0.0016590352,-0.0007361658,-0.0010160857
-0.0013905129,-0.0001137718,-3.58909e-05
-0.0005593143,-0.0002878467,-0.0010942084
-0.0018726325,-0.0008797013,-0.0008897468
-0.0011952239,-0.0004100045,-0.0004515277
-0.0007155454,-0.000382519,-0.0008708265
-0.0016950416,-0.0001143826,-0.0010356164
-0.0007576546,-0.0006133972,0.0001203543
-0.0010011555,-0.0014019258,-0.0009550524
-0.0015015835,-0.000680584,-0.0016337427
-0.0011726437,0.0001879579,0.0001246266
-0.000852858,0.0002020061,-0.0007786662
-0.001070117,-0.0009377262,-0.0014610185
-0.0013545065,-0.0008864199,-0.0005687116
-0.0009608772,-0.000327548,-0.000457631
-0.0013441318,-0.0002902899,-0.0013304072
-0.0010597422,-0.0003910701,-0.0003825601
-0.0010670656,-0.0004851316,-0.000459462
-0.0009126652,-0.0009493312,-0.0008451925
-0.001081102,-0.0004203879,-0.0010362267
-0.0010817122,-0.0003904593,-2.00223e-05
-0.0011103953,-0.0005199465,-0.0010978704
-0.0008351599,-0.00048391,-0.0006291346
-0.0011079542,-0.0007025724,-0.0001469715
-0.0010121405,-0.0005840794,-0.0012040683
-0.0007698602,-0.0003232725,-0.0007322809
-0.0010249564,-0.000518725,0.0001832186
-0.0011354167,-0.000648823,-0.001075288
-0.0004097962,-0.0007343335,-0.0009434561
-0.0013239926,-0.000547432,0.0001765049
-0.0010890356,-0.0006793625,-0.0005595567
-0.0003701281,-0.0007795319,-0.0012577776
-0.0014759518,-0.0006011815,1.11047e-05
-0.0010194639,-0.0002970085,-0.0007298396
-0.0005458881,-0.0006036246,-0.00113388
-0.0015284357,-0.0006451583,-0.0002940618
-0.000929753,-0.0007740348,-0.000589463
-0.0006587896,-0.0002970085,-0.0013926612
-0.0011201597,-0.0004509274,9.83823e-05
-0.0010792711,-0.0005193357,-0.0007646285
-0.000102216,-0.0010806508,-0.0006273036
-0.0012837142,-0.0008277842,-0.000589463
-0.0011628792,-0.0004448195,-0.0002189908
-0.0001931475,-0.0005346055,-0.0005723736
-0.0006813699,-0.0011716584,-9.6466e-06
-0.0013691532,-0.0006756977,-0.0010765087
-0.0005965412,-0.0004283282,-0.0003544848
-0.000749721,-0.000260972,-0.0003709638
-0.001239164,-0.0002518102,-0.0008384788
-0.000705781,-0.000773424,-0.0004564104
-0.0006124084,-0.0011820418,-0.0006804026
-0.0013758662,-0.0003336559,-0.0010343957
-0.0006050851,-0.0002982301,-0.0001170652
-0.0002395286,-0.0012333481,-0.0001610092
-0.0011610484,-0.0009108515,-0.0016776867
-0.0009334147,-0.0004466518,-9.02106e-05
-0.0004958454,-0.0005523183,-0.0002452352
-0.0005153742,-0.0008864199,-0.0012541156
-0.0013581682,-0.0009340615,-0.0005864113
-0.000848586,-0.0010323985,-0.0001249996
-0.0004470231,-0.0003141106,-0.0013450552
-0.0013026329,-0.0003092243,-0.0003087098
-0.001070117,-0.0005920196,-0.0007054262
-0.0004317662,-0.0007654837,-0.001080781
-0.0013618298,-0.0002884575,-0.000490589
-0.0006679437,-0.0006408828,-0.0003862221
-0.0006172907,-0.0009132946,-0.0010185271
-0.0006880829,-0.0005889657,-0.0001475819
-0.0010280078,-0.0009029112,-0.0003593674
-0.0006032543,-0.0007856397,-0.0012406883
-0.0001034366,-0.0005223897,-4.44356e-05
-0.0017096883,-0.0003794651,-0.0007841592
-0.0005501601,-0.0009780383,-0.0007548632
-0.0001858241,-0.0008931386,-0.0005504017
-0.0013477934,-0.0001259876,-0.0010221891
-0.0008260057,-0.0001669105,-0.0008738781
-0.0005080509,-0.000515671,-9.87552e-05
-0.0006624512,-0.0009413909,-0.001201627
-0.001272119,-0.0006982969,-0.0011491383
-0.0005330723,-0.0006421043,0.0005127984
-0.0003725692,-0.000802131,-0.0010350061
-0.001392954,-0.0007893045,-0.0008824228
-0.0006740465,-0.0005572047,-0.0001500232
-0.0005251387,-0.000970098,-0.0002891791
-0.0012623545,-0.0007752563,-0.0017857157
-0.0011244317,-0.000350758,-0.0001652815
-0.0005483293,-0.000194396,-0.0001475819
-0.0012727292,-0.0005138386,-0.0021683944
-0.0012232967,-0.000802131,-0.0002580522
-0.0008052563,-0.0003996211,-0.0003941564
-0.0006978474,-0.0010611056,-0.0012425193
-0.0011763053,-0.0010586624,-0.0009733624
-0.0009700314,-0.000504066,-0.0001335442
-0.0004549567,-0.0002817388,-0.0013474966
-0.0010310592,-0.0007758671,-0.0006193693
-0.0009712519,-0.0008894739,-0.0004112457
-0.0005391751,-0.001204641,-0.0013212522
-0.0013349776,-0.0004991797,-0.0011601243
-0.0009822369,7.74051e-05,-0.0003489918
-0.0004873015,-0.0006097325,-0.0006083833
-0.0011384681,-0.0010140748,-0.0015434135
-0.0011287036,-0.0008174008,-0.0004948614
-0.0008034255,-7.71245e-05,-0.0006889473
-0.0007643677,-0.0009621578,-0.0005394157
-0.0012190248,-0.0008180116,-0.0016044468
-0.0006783185,-0.0003165538,-0.000483265
-0.0008717766,-0.0001882881,-0.0004728894
-0.0008235646,-0.0011221845,-0.0011253353
-0.0011622689,-0.0011563887,-0.0013737409
-0.0009254811,-0.0006598172,-0.0004332177
-0.000929753,1.44938e-05,-0.0013816752
-0.0012263481,-0.0005663665,-0.0006248623
-0.0008510271,-0.0008638207,-0.0012876839
-0.0010225153,-0.0009047436,-0.0012675429
-0.0011964445,0.0001207711,-0.0009556628
-0.0007198174,-0.0003128891,-0.0007658492
-0.001114057,-0.0008155684,-0.0015208311
-0.0006410915,-0.0006103433,-0.0009025638
-0.0010902561,-0.0006225591,-0.0004734997
-0.0007539929,-0.000880312,-0.0010545367
-0.000859571,-0.0008705394,-0.0012358056
-0.001322772,-0.0003324343,-0.000448476
-0.0004360381,-0.0001308739,-0.0008421408
-0.0008693355,-0.0007263932,-0.0012113923
-0.0013734251,-0.0005999599,-0.0008995121
-0.0007405668,-0.0005535399,-0.0008329858
-0.0009724725,-0.0003495364,-0.0012864633
-0.0011921726,-0.0001003345,-0.0008281032
-0.0007076118,-0.0002774633,-0.0010398887
-0.0007112735,-0.0007099019,-0.0010813914
-0.0012800526,-0.0005065092,-0.0009446768
-0.0005867768,-0.0007306687,-0.0006163176
-0.0008687252,-0.0006579848,-0.0013987645
-0.0012318406,-0.0002817388,-0.0008409202
-0.0008211235,0.0001653587,-0.0010838327
-0.0007643677,-0.0005987383,-0.00060228
-0.0012001062,-0.0007007401,-0.0016599871
-0.0011994959,-0.0001064424,-0.0012870736
-0.000940738,0.000294846,-0.0007176329
-0.0010908664,-9.6059e-05,-0.0012626603
-0.0010884253,-0.0002151628,-0.0014616288
-0.0006624512,-0.0002237139,-0.0008805918
-0.0012220762,-0.0004264958,-0.000591294
-0.0008681149,-0.0002108873,-0.0010984807
-0.0007295818,-0.0007306687,-0.0006724683
-0.0013246029,-0.0002353189,-0.0011167907
-0.0006050851,5.60275e-05,-0.0005552843
-0.0011970548,-0.000240816,-0.0009043948
-0.001469849,-0.0005346055,-0.001177824
-0.0008119694,-0.0001241553,-0.0010380577
-0.0013642709,0.0002838518,-0.0007682905
-0.0014710696,0.0003742486,-0.0014994695
-0.0009016802,-0.0001455329,-0.0008079622
-0.0011482325,3.58715e-05,-0.0010343957
-0.0012696779,-0.0001766831,-0.0013340692
-0.0009071727,-0.0002676907,-0.0006852853
-0.0010585217,-0.0002774633,-0.0008342065
-0.0012104809,0.0001855148,-0.0015348688
-0.0007131043,-4.9639e-05,-0.0004240627
-0.0011927828,-0.0003318235,-0.0007347222
-0.0012080398,-0.0003806866,-0.0018540729
-0.0012794423,0.0001879579,-0.0007542529
-0.0013410804,0.000338212,-0.0004411521
-0.00101092,0.0002288808,-0.0019138856
-0.0014173651,-0.0002444807,-0.000626083
-0.0015937355,0.000636277,-0.001179655
-0.0006917446,0.0003944046,-0.0008989018
-0.0015613907,-0.0001357602,-0.0007560839
-0.0012733395,-0.0003403746,-0.0009764141
-0.0008192927,-5.02498e-05,-0.0009269771
-0.0012751704,0.0004554835,-0.0002836861
-0.001109785,7.92375e-05,-0.0008183378
-0.0009242605,-0.0006359964,-0.0010411094
-0.0013911232,0.00022827,-0.0011662277
-0.0014008876,0.0005849708,-0.0005174437
-0.0009749136,0.0001916227,-0.0010209684
-0.0014045493,-0.0002774633,-0.0014689528
-0.0016565941,0.0004102851,-0.0011442557
-0.0010371619,0.0008744848,-0.0006602616
-0.0013032431,0.0002569771,-0.0009654281
-0.0013044637,-0.0003202185,-0.0013438346
-0.0012647956,-5.88008e-05,-0.0010093721
-0.0012367228,0.0004096743,-0.0004533587
-0.0013209412,0.000474418,-0.0008921881
-0.0012763909,-0.0002286002,-0.0009758038
-0.0012647956,-0.0003654169,-0.0006926092
-0.0012074295,0.0002820194,-0.0006834543
-0.0014655771,0.0005739766,-0.00106064
-0.0015278254,0.000384632,-0.0010264614
-0.0011598278,4.44225e-05,-0.0005925146
-0.0014783929,0.0003388228,-0.0013059939
-0.0014649668,-7.83461e-05,-0.0004600724
-0.0013300954,2.48773e-05,-0.001146697
-0.0011781362,0.000239875,-0.0008671645
-0.0015375899,0.0004988495,-0.0008927985
-0.0011280934,0.0002130003,-0.0007579149
-0.0010646244,0.0001623048,-0.0010417197
-0.0011976651,-0.0003819082,-0.000605942
-0.0015717655,0.00018185,-0.001700269
-0.0010298386,0.0006765891,-0.0003044375
-0.0011042925,0.0005764197,-0.0006480549
-0.0014179754,-0.0004356576,-0.0012992803
-0.0012995815,-0.0004600892,-0.000626083
-0.0012220762,0.0002875165,-0.0006358483
-0.0019257267,0.0007425543,-0.0013261349
-0.001289817,0.0008415022,-0.0006663649
-0.0009828472,6.51893e-05,-0.0005668807
-0.0018445597,-0.0001846234,-0.0016813487
-0.0013191104,0.0003174452,-0.0007273982
-0.001114057,0.0002954568,-0.0001408682
-0.0014344529,2.79312e-05,-0.0014848215
-0.0013172795,6.3357e-05,-0.0009880104
-0.001017633,0.0003473739,-0.0001500232
-0.0012416051,-0.0001198797,-0.0010160857
-0.0014387249,-0.0001803478,-0.0015013005
-0.0011219906,-7.95677e-05,-0.0002940618
-0.0016620866,0.0008573827,-0.001672804
-0.0009810164,0.0008573827,-0.0008244412
-0.0013203309,-3.74232e-05,-0.000464955
-0.0014710696,-0.0007062372,-0.0013706892
-0.0009364661,0.0001256574,-0.0016172637
-0.0018048917,0.0009111321,-5.66423e-05
-0.0013123973,0.0005593176,-0.0008647232
-0.0005629759,-0.0005975167,-0.0015043521
-0.0018445597,-0.0003959564,-0.000627914
-0.0015119582,0.00087082,-0.0011167907
-0.0005464984,0.0003718054,-0.000496082
-0.0019202342,-0.0002591396,-0.0010984807
-0.0011982753,-0.0002139412,-0.0012663223
-0.0008162413,0.0004096743,-0.0007951452
-0.0018585961,0.0003394336,-0.0002128875
-0.0012782217,-0.0001693536,-0.0016935554
-0.0009639286,-0.000295787,-0.0010362267
-0.0017286069,0.0004719748,-0.0004515277
-0.0012855451,0.0005605392,-0.0012718153
-0.0009920014,-0.0003501472,-0.0009343011
-0.0017688853,-0.0002212707,-0.0012065096
-0.0011238214,0.0005397724,-0.0010948187
-0.0011354167,0.0004915201,-0.0005790873
-0.0014350632,-0.0005785823,-0.0006681959
-0.0008870336,-0.0004124477,-0.0019462332
-0.0012422153,6.88541e-05,1.9039e-05
-0.0016523222,0.0006643733,-0.0009153808
-0.0004696034,-8.93403e-05,-0.0012815806
-0.0015382002,-0.0004100045,-0.000541857
-0.001551016,1.0565e-06,-0.0012174956
-0.0008205132,-2.09319e-05,-0.001168669
-0.0018518831,0.0001983413,-0.0006883369
-0.001157997,0.0003992909,-0.0014964178
-0.001039603,5.11412e-05,-0.0009648178
-0.0017548489,0.0001598616,-0.0005278193
-0.0009096138,-0.0005798039,-0.0011802653
-0.0014533715,-0.000680584,-0.0011515797
-0.0013685429,0.0006295584,-0.0006388999
-0.0010762197,0.0004072312,-0.0006669753
-0.0010780506,-0.0002603612,-0.0009379631
-0.0013069048,-0.0006445475,-0.0012876839
-0.0014069904,-7.10166e-05,-0.0010160857
-0.0011702025,0.0004970172,-0.0008281032
-0.0015082966,0.0003516494,-0.0008909675
-0.0010505881,0.0001213819,-0.0012028476
-0.0013856307,-0.0006146188,-0.0006608719
-0.001643168,-4.35311e-05,-0.0013468862
-0.0005513806,-0.0001314847,-0.0003880531
-0.0018555447,0.000115274,-0.0008226102
-0.0009608772,0.0005391616,-0.0013853372
-0.0009431791,0.0001592508,-0.0003703534
-0.0018396775,-0.0002902899,-0.0006138763
-0.000400642,-0.0008015203,-0.0014762768
-0.0016919902,-0.0003666385,-0.0005540637
-0.001322772,0.0008726524,-0.0007542529
-0.0004366484,0.0007449975,-0.0008317652
-0.0015900738,-0.0002194383,-0.0004789927
-0.0012153631,-0.0007031832,-0.0013395622
-0.0011055131,-0.0001724076,-0.0009056155
-0.0012025473,0.0003327149,-0.0005497913
-0.0012287892,0.0008091303,-0.0010612504
-0.0007930507,0.0002618634,-0.0010710157
-0.0014600846,-0.0003599198,-0.0008824228
-0.0009865089,-0.0001302631,-0.0007273982
-0.0007729116,-7.2849e-05,-0.0013969335
-0.0017804805,0.0001800177,-0.0002409628
-0.0005941001,0.0003742486,-0.0011021427
-0.0009279222,-0.0004338253,-0.0004753307
-0.0016919902,-0.0001992823,-0.0009660384
-0.0005129331,4.99196e-05,-0.0009275875
-0.0014027185,0.0001714666,-0.0002842965
-0.0012074295,0.0005965758,-0.0012156646
-0.0010731683,0.000352871,-0.0006999332
-0.0012617442,-0.0001736292,-0.0006462239
-0.0010542497,-8.99511e-05,-0.0011161804
-0.0013001918,7.12972e-05,-0.0003904944
-0.0008302777,-0.0001156042,-0.0003441091
-0.0012062089,0.0002759115,-0.0015110658
-0.0010042069,7.1908e-05,-0.0001683332
-0.0010359414,9.75611e-05,-0.0006645339
-0.0009852883,0.00018185,-0.0013377312
-0.0007100529,-0.0002298218,-0.0002086152
-0.0013361982,0.0001861256,-0.0007646285
-0.0008247852,0.0004768611,-0.0013120972
-0.0010164125,2.30449e-05,-1.7581e-05
-0.0013056843,-0.0001070532,-0.0007890419
-0.0004323764,-7.10166e-05,-0.0014225675
-0.0014130932,0.0003895183,0.000139885
-0.0009596566,0.0010375654,-0.0009275875
-0.0004158989,6.82433e-05,-0.0006486653
-0.0014503201,-0.0008656531,-0.0003715741
-0.0007784041,0.0001610832,-0.0013108766
-0.0006600101,0.000592911,-9.63139e-05
-0.0010505881,0.0004066204,-0.0001426992
-0.000488522,-2.33751e-05,-0.00122543
-0.0011293139,-0.0004619216,-0.0005552843
-0.0009285325,4.99196e-05,-0.0004319971
-0.0004360381,0.0005397724,-0.0007878212
-0.0010914767,8.41238e-05,5.99313e-05
-0.0009144961,-3.62016e-05,-0.0010337854
-0.0008022049,0.0001604724,-0.0010758984
-0.0010609628,0.0002325455,0.0003943938
-0.0005800637,-3.8034e-05,-0.0007200742
-0.0011488428,-0.0005810254,-0.0009727521
-0.0010231255,6.39678e-05,-0.0001109619
-0.0005947104,0.0005312213,-0.0003514331
-0.0010957486,0.0003895183,-0.0010441611
-0.0006557382,-4.59743e-05,-0.0001689435
-0.0008363805,-0.0003837406,-0.0007286189
-0.0009267016,9.81719e-05,-0.0011912513
-0.0007094427,0.000361422,0.0001136406
-0.0009547744,0.0002917921,-0.0005833596
-0.0002877406,-0.0003067812,-0.0006340173
-0.0011653203,-0.0005529291,-0.0002910101
-0.0006307168,-0.0001766831,-0.0003373954
-0.000576402,1.99909e-05,-0.0007798869
-0.0011634895,0.0008018009,-0.000578477
-0.0003103208,0.0004029556,-5.35906e-05
-0.0008754383,-0.0003147214,-0.0008549578
-0.0006624512,-0.0002389836,-0.0007609665
-0.0008333291,-3.68124e-05,-9.69242e-05
-0.0006020337,0.0001696343,-5.66423e-05
-0.000661841,0.0003162236,-0.0012431296
-0.0008125796,-0.0003226617,0.0005762731
-0.0005849459,-8.62863e-05,-0.0007975865
-0.0005196462,-0.0005859117,-0.0003569261
-0.0011274831,-0.0001015561,-0.0004185697
-0.0006337682,0.0002539231,-0.000466786
-0.0005074406,0.0001983413,-0.0006730786
-0.0010072583,0.0001506998,-0.0003850014
-0.0007155454,-0.0001229337,-0.0003679121
-0.0003731795,-0.0004472626,-0.0007273982
-0.001065845,-0.0001088855,-0.0001024172
-0.0006429224,4.56441e-05,-0.000490589
-0.0004976762,4.25901e-05,-0.0003660811
-0.0006972371,-0.0002035578,-0.0003819498
-0.0007100529,-0.0004857423,-0.0001549059
-0.0005599245,-0.0005016229,-0.0004344384
-0.0006423121,0.0001482566,-0.0008903571
-0.0008790999,0.0005715334,-0.0001311029
-0.0005818945,0.0004738072,-0.000485096
-0.0002938433,-0.0008424431,-0.0002397422
-0.0011378578,-0.0007660945,-0.0010026584
-0.0002370875,-0.0002548641,0.0002296039
-0.0008290571,0.000260031,-0.0007237362
-0.0006038646,-4.90282e-05,-6.595e-06
-0.0003933186,-0.0001772939,-0.0008024692
-0.0004207812,-0.0004209987,4.95557e-05
-0.0007808452,-0.0004277174,-0.0003508228
-0.0006160701,-0.0003892377,-0.0004911994
-0.0006526868,-2.45967e-05,-0.0003776774
-0.0005861665,0.0003681407,-0.0002867378
-0.0003200853,4.99196e-05,-6.76283e-05
-0.0007271407,-0.0006317209,-0.0006291346
-0.0006142393,-0.0007416629,-0.0003752361
-0.000837601,0.0001452027,-0.0005668807
-0.000591659,0.000150089,2.94147e-05
-0.0004696034,-0.0003660277,-0.0006498859
-0.0006770979,-0.0001950068,-0.0005522327
-0.00026455,-0.0005126171,0.0001905426
-0.0009004597,-0.0004081721,-0.0008500752
-0.0003280189,-0.0002279894,-0.0003019961
-0.0006703849,1.14399e-05,-0.0003984287
-0.0005178154,0.0002294916,-0.0004429831
-0.0002401389,-0.0002218815,-0.0004210111
-0.0008461449,-0.0009322291,0.0001575846
-0.0004415306,-0.0003929024,-0.0010966497
-0.000297505,0.0002349887,-0.0003172545
-0.0006160701,0.0003504278,0.0004316241
-0.000275535,-0.0004643647,-0.0008171172
-0.0003042181,-0.0009322291,-0.0007853799
-0.0009907808,-0.0002340973,0.0003181022
-0.0002688219,0.0002258268,-0.000464955
-0.0002218305,-0.0005217789,-0.0005558947
-0.0012184145,-0.000182791,-0.0003734051
0.000257848,-9.54482e-05,-6.88489e-05
-0.0007289715,-0.0002505886,-0.0005760356
-0.000775963,-0.0007300579,-9.63139e-05
-0.0004043037,-0.0005010121,-0.0007981969
-0.0004873015,-6.273e-06,-7.31213e-05
-0.0007863377,-3.74232e-05,-0.0006016696
-0.0006087468,-0.0006079001,-0.0002952825
-0.0002010811,-0.0007111235,-0.0006407309
-0.0011628792,-0.0004765805,-0.0003581468
-0.0004476334,0.0001171064,-0.0003941564
-0.0001785008,-0.0003855729,-0.0003691328
-0.0011146672,-0.0001241553,-0.0008683852
-0.0001418841,-0.0001259876,-0.0002452352
-0.0004787576,-0.0008790905,0.0001191336
-0.0007112735,-0.0006982969,-0.001197965
-0.0005458881,-0.0001785155,-0.0003117615
-0.0001705672,0.0003003431,0.0003266469
-0.0005568732,-0.0003385422,-0.0007597459
-0.0006429224,-0.0008057958,-0.0005003544
-0.0002846892,-0.0006066786,6.54243e-05
-0.0007588752,-0.0002768525,-0.000591294
-0.0002822481,6.15246e-05,-0.0004039217
-0.0006252243,-0.0005297192,0.0001954253
-0.0006520765,-0.0006653143,-0.0009941138
-0.0002871303,0.0001390948,-0.000600449
-0.000782676,-0.0003892377,0.0006580577
-0.0005513806,-0.0007569327,-0.001240078
-0.0003609739,-0.0004301605,-0.0007237362
-0.0007613163,0.0002105571,0.0002051906
-0.0005019481,-0.0003147214,-0.0004948614
-0.0002145072,-0.0006561525,-0.0013590929
-0.0007893891,-0.0010892019,0.0005616251
-0.0010267872,-0.0001180474,-0.0008232205
0.0004134689,-0.0002756309,-0.0004619034
-0.0013691532,-0.0006463799,2.8194e-05
-0.0007930507,-0.0003837406,-0.0008104035
6.2559e-05,-0.0001870665,-0.0006401206
-0.0012178042,-0.000417334,0.0005683387
-0.0007485004,-0.0005681989,-0.0013560412
-3.14238e-05,-0.0004277174,-0.0008000279
-0.0011122261,5.29736e-05,0.0006507337
-0.0007442285,-0.0001803478,-0.0009257565
0.0004757172,-0.0011417297,-0.0005156127
-0.0015174507,-0.0008412215,-0.0002830758
-0.0005971515,0.0002221621,-0.0005021854
0.0004995181,-0.0002108873,-0.0001793192
-0.0014130932,-0.0011484484,-6.27456e-05
-0.0003188647,-0.0008797013,-0.0013200316
-0.0001028263,-0.0002676907,-9.87552e-05
-0.0017713264,-2.39859e-05,0.000161857
-4.54602e-05,-0.0003556443,-0.0012095613
-0.0001077085,-0.0009236781,-0.0003758464
-0.0018982642,9.26748e-05,-0.0006718579
-0.0001107599,0.0003302718,-0.000486927
-0.0001467663,-0.0009542175,-8.71589e-05
-0.0016077719,-0.0011478376,-0.0009806864
-4.60705e-05,-0.0002750201,-0.0007512012
-0.0005452779,6.09138e-05,0.0005201224
-0.001300802,-0.0005981275,-0.0004771617
0.0001052785,-0.0011020284,-0.001185148
-0.0008992391,-0.000848551,0.0001569743
-0.0014106521,0.000486023,-0.0009959447
0.0003292505,0.0001128309,-0.0003367851
-0.0007509416,-0.0010452251,5.32177e-05
-0.0014497099,-0.0006763085,-0.001711255
-5.76657e-05,0.0001305438,-0.0003734051
-0.0007820657,-0.000116215,0.0008808292
-0.0007735218,-0.0006677575,-0.0017576403
-0.0001803316,-0.0009096299,-0.0004515277
-0.0009279222,-0.0002621936,0.0005060848
-0.0004720445,-2.70398e-05,-0.0013359002
-0.000433597,-0.0006543201,-9.93656e-05
-0.000543447,-0.000935283,0.0002497449
-0.0011702025,-0.000315943,-0.0019621019
-0.0002907919,8.9967e-06,0.0003034542
-0.0005873871,-0.0006268346,0.0001350023
-0.0013502346,-0.0006304993,-0.0021134645
-0.0003310703,-0.0001021669,-0.0003673018
-0.0008052563,-0.0003165538,0.0011151971
-0.0007423977,-0.0002615828,-0.0022752027
-0.0004671623,-0.0009456665,-0.0003648604
-0.0012379434,-0.0001351495,0.0005988554
-0.0001467663,-0.0001156042,-0.0013932715
-0.0006368196,-0.0009682657,-0.0002324182
-0.0009138858,-0.0010635487,0.0002613412
-0.0003933186,0.0001091661,-0.001716748
-0.0008144105,-1.29917e-05,0.0003547222
-0.0008504169,-0.0005303299,-5.48113e-05
-0.000503779,-0.0004949042,-0.0019993322
-0.0008205132,-0.0007086803,0.0003663185
-0.0010743889,-0.0001052208,-1.94119e-05
-2.41005e-05,-0.0002731878,-0.001161345
-0.0010945281,-0.0008766473,-0.0001805399
-0.0011110056,-0.0004069506,-0.0001109619
6.74412e-05,5.9428e-06,-0.0012058993
-0.00112077,-0.0007276148,0.0007972136
-0.0007961021,-0.0006457691,-0.0010905464
-0.0003682972,-0.0003935132,-0.0008879158
-0.0011634895,-8.07892e-05,0.0004304035
-0.0005922693,0.0001061122,-0.0008384788
-0.0002743144,-0.0006561525,-0.000452138
-0.00116471,-0.0012547257,-0.0003776774
-0.0012904273,-0.0003306019,-0.0008427512
-2.996e-07,0.0001952874,-0.0002885688
-0.00103289,-0.0001137718,3.12457e-05
-0.001491819,-0.0003648061,-0.0011643967
0.000202923,-0.0011038608,-5.17596e-05
-0.0013099562,-0.0007178422,-0.00054735
-0.0012916479,0.0002924028,-0.0009220945
0.000187666,-7.89569e-05,0.0004041592
-0.0013679326,-0.000750214,-0.0006712476
-0.00112077,-0.0002475346,-0.0013645859
-2.34902e-05,-0.0001888989,0.0007050533
-0.0013569476,-0.0004942934,-0.0003801188
-0.0008784897,-0.0003727464,-0.0015782024
-0.000521477,-0.0003880161,0.0005994657
-0.0010017658,-4.1088e-05,-0.0003990391
-0.0008668944,-0.000307392,-0.0014103609
-0.0006801493,-0.0007526571,0.0003992765
-0.0007820657,-0.0004741374,-0.0003727948
-0.0010859842,0.0004432677,-0.0015727094
-0.000429325,-0.0003501472,0.0008851016
-0.0010939178,-0.0005926304,-0.0005772563
-0.0008626224,-0.0004460411,-0.0014060885
-0.0008583505,-0.0004515382,0.0004304035
-0.0011402989,0.0001409272,-0.0003337334
-0.0005757918,-5.02498e-05,-0.0014353845
-0.0013252132,-0.0010525545,0.0005897004
-0.0012733395,-0.0002487562,-0.0012077303
-0.0003512095,0.0002227729,-0.0010093721
-0.0014497099,-0.0001211013,0.0005530804
-0.0008919158,0.0001751314,-0.0014250088
-0.0005849459,-0.0004588676,-0.000530871
-0.0012763909,-0.000703794,-0.0001750469
-0.0006581793,-0.0002603612,-0.0010105927
-0.0007698602,-0.000191342,1.59874e-05
-0.0008437038,-0.0004820776,4.34523e-05
-0.0010060378,0.0001708558,-0.0014915351
-0.0005031687,-5.57469e-05,0.0004151451
-0.0009041213,-0.0008436647,0.0001118096
-0.0016639174,-0.0004881855,-0.0019260922
-0.0004097962,0.0002130003,0.0002039699
-0.0011488428,0.0003192776,0.0005585734
-0.0014680182,0.0003156128,-0.0019346369
-0.0004061345,-0.0008766473,-4.26046e-05
-0.0016456091,-0.0005407134,0.0001038753
-0.0006307168,0.0003040078,-0.0016044468
-0.0008931363,-0.0002829604,0.0005298878
-0.0013575579,-0.0003819082,-0.0005461293
-0.0003731795,-2.39859e-05,-0.0015049625
-0.0012605237,-0.0005150602,0.0009162285
-0.0009389072,-0.0010556085,-0.0008696058
-0.0010634039,5.78599e-05,-0.001832101
-0.0009309736,0.0003088941,0.0012226157
-0.0012702881,-0.0001656889,-0.0006840646
-0.00107683,-0.0003800758,-0.0019248716
-0.0007033399,-0.0005798039,0.0007312976
-0.0020959943,0.0001958982,-0.0004271144
-0.0002145072,0.0002142218,-0.0016013951
-0.0008400421,-0.0006695898,0.0012885317
-0.0022516152,-0.0001571379,-0.0012388573
0.0002004818,-0.0002072226,-0.0012229886
-0.0012452667,-0.0002237139,0.0014051053
-0.0011439606,-0.0003440393,-0.0010575884
-0.000650856,-0.0003690816,-0.0011198423
-0.0009352455,-0.0005004013,0.0011115351
-0.0011287036,0.0002313239,-0.0015208311
-0.0008992391,-0.0002689123,-0.0001237789
-0.0007399566,-0.0008821444,0.0002869752
-0.0015382002,-0.0001406466,-0.0015159485
-0.0007808452,0.0006313907,-0.0006962712
-0.0009029008,-5.69685e-05,0.0011170281
-0.0017402022,-0.0003061704,-0.0017619127
-0.0001888755,-0.001158221,-0.0006346276
-0.0016163158,-0.0002854036,0.0006336444
-0.0008644533,0.0008763171,-0.0012455709
-0.0006990679,-5.63577e-05,-0.0001066896
-0.0014558126,-0.0010995853,0.0003254262
-0.0004372587,-0.0007227285,-0.0017265134
-0.0015223329,-0.000452149,0.0003522808
-0.0010994103,9.75611e-05,-4.68769e-05
-0.0005507704,0.0002374318,-0.0010966497
-0.0013538962,-0.0001748507,-1.88016e-05
-0.0007643677,-0.0004631432,-0.0001402579
-0.0012623545,-0.0003171646,-0.0010765087
-0.0005501601,-0.0004527597,0.0003626565
-0.00118668,7.37404e-05,-0.0002464558
-0.0010804917,0.00027469,-0.0009037845
-0.0004537362,-0.0004796345,0.0004059902
-0.0012647956,-0.0008076281,-3.83323e-05
-0.0007289715,-0.0006195051,-0.001062471
-0.0010158022,-0.0002072226,0.0003895112
-0.0012477078,0.000271636,-0.0003825601
-0.0006209523,0.0004988495,-0.0011985753
-0.0008144105,-0.0002591396,0.0005518597
-0.0013807485,-0.0009878109,-0.0008860848
-0.0008772691,-0.0007129559,-0.0011351007
-0.0006276654,0.0001665803,0.0002033596
-0.0013093459,0.0006405526,-0.0001579575
-0.000385385,-0.0001211013,-0.0008293238
-0.0007265304,-0.0010898127,-7.98349e-05
-0.0014680182,-0.0006341641,-0.0005632187
-0.0002743144,5.78599e-05,-0.0005082887
-0.0006209523,-3.68124e-05,0.000609231
-0.0012355023,-5.02498e-05,-0.0009147705
-0.0005507704,-0.000194396,-0.0004106354
-0.0009163269,-0.0004222203,0.0006427994
-0.0013679326,-0.0004246634,-0.0009556628
-0.0006703849,-0.0002438699,-0.0004765514
-0.0008754383,9.08425e-05,0.0009229422
-0.0012184145,0.0002594202,-0.0010649124
-0.0006240037,-0.0002432591,-0.0005589463
-0.0009962733,-0.0005907981,0.0005793247
-0.0008455346,-0.0005138386,-0.0008299342
-0.0009443997,-0.00015103,-0.0009294185
-0.0005849459,-4.23095e-05,0.0007032223
-0.0007594854,3.58715e-05,-0.0009416251
-0.0006886932,-0.0004704726,-0.0004088044
-0.0011024617,-0.0008045742,0.0002094629
-0.0006478046,-0.0004014535,-0.0008030795
-0.0003432759,0.000216665,-0.000624252
-0.0014375043,9.38964e-05,0.000748387
-0.0005727404,-0.00015103,-0.0011216733
-0.0004238325,-0.0006329425,-0.0006547686
-0.0016749024,0.0001635264,0.0002283832
-0.0003847748,0.0002178866,-0.0003886634
-0.000444582,-0.0003519796,-0.0004490864
-0.0012580826,-0.0003971779,-0.0001268306
-0.0006441429,0.0001824608,-0.0002989445
-0.0001205244,-0.0001491976,5.50487e-05
-0.001131755,-0.0006091217,-4.50459e-05
-0.0005526012,-0.0006133972,-0.0001408682
-0.000253565,-0.0001870665,-7.92246e-05
-0.0014222474,-9.78913e-05,-0.0001091309
-0.0005068304,-9.23942e-05,-0.0003367851
-0.0006789288,-0.0002444807,-3.10083e-05
-0.0011714231,-0.0003550335,-0.000466786
-0.0009755239,-5.26929e-05,-0.0005668807
-0.0007076118,0.0001543645,7.15277e-05
-0.0007491107,-0.0004216095,-0.0003581468
-0.0011988856,-0.000350758,-0.0008268825
-0.0002303744,3.34283e-05,0.0004963194
-0.0008894747,-0.0004454303,-0.0001365959
-0.0007326332,-0.0002072226,-0.0012156646
-0.0003463272,-0.000260972,0.0007569316
-0.0008235646,-0.0001241553,-2.73463e-05
-0.0002279333,-0.000715399,-0.0007603562
-0.0010450956,-0.0003684709,-3.58909e-05
-0.0004879117,0.0004041772,0.0001551433
-0.0006484149,0.0002252161,-0.0003715741
-0.0006667232,-0.0003641953,6.2983e-05
-0.000738736,-0.0002255462,-0.0007682905
-0.0007485004,0.0001006151,0.0004169761
-0.0004140681,4.68657e-05,7.27483e-05
-0.00098895,-0.0005859117,-0.0003807291
-0.0003811131,-6.00224e-05,-0.0001890845
-0.0004543464,-0.0003794651,0.0004993711
-0.0011708128,-0.0001064424,-0.0003300714
6.07282e-05,-0.0005303299,-0.0003337334
-0.0011006308,-0.0002347081,1.11047e-05
-0.0007527724,0.0004567051,-0.0003453298
-8.69591e-05,0.0001397056,-0.0001933569
-0.001239164,-0.000761819,9.34997e-05
-0.0005141537,-0.000339153,-0.0009416251
-0.0004415306,-0.0004814668,0.0003455672
-0.0012556415,0.0002814086,-0.0002238735
-0.0001998605,2.30449e-05,-0.0004692274
-0.000400642,-0.000362363,0.0003193229
-0.0011335859,-0.0006292778,0.0002979612
-0.0004122373,-0.0003373206,-0.0008580095
-0.0004970659,-0.0003519796,0.0004993711
-0.0010335003,0.0005635932,-2.24636e-05
-0.000172398,8.96209e-05,-0.0002720898
-0.0008333291,-0.0006476014,1.7208e-05
-0.0007112735,-0.0003855729,-0.0002354698
-0.0001540897,0.0002087247,-0.0003373954
-0.0007558238,-2.76506e-05,0.0006116724
-0.0004586184,-9.17834e-05,-0.000589463
7.17132e-05,-0.0001601918,-0.0001420889
-0.0006502457,-0.0002340973,0.0002228903
-0.0006648924,-0.0006756977,-0.0002617142
0.0001467774,-0.000425885,-0.0002739208
-0.000690524,-7.4946e-06,-2.42946e-05
-0.0010017658,0.0007333925,-0.0004570207
0.0005996037,-0.0002114981,0.0003004025
-0.0013282645,-0.0009462773,-0.0002922308
-0.0008040357,-0.0003324343,-0.0003923254
0.000389668,0.0002093355,0.0001996976
-0.001566273,0.0001372624,0.0002210593
-0.000209625,0.0003174452,-0.0009098878
0.0001785118,-0.0007941908,0.0005414841
-0.0016480502,3.34283e-05,-0.0002165495
0.0002401499,1.99909e-05,-0.0004381004
-0.0003188647,-0.0002224923,0.0002656136
-0.0011341961,-0.0001369818,0.0001356126
0.0002840899,0.0001158848,-0.0005241573
-0.0004610595,-0.0008082389,0.0008851016
-0.0010475367,-0.0004124477,-0.0004179594
0.0003213169,-0.0001327063,-0.0002794138
-0.0006978474,0.0002417074,0.0007508283
-0.0009645389,0.0004444893,-0.0007121399
0.0003030086,0.0001525322,-0.0006578203
-0.0007509416,-0.0007526571,0.0012116297
-0.0008699458,6.5536e-06,-0.0013999852
0.000448865,6.82433e-05,-1.7581e-05
-0.0008565196,0.0002997323,0.0008857119
-0.0002193894,0.0002343779,-0.0012675429
9.42935e-05,-0.0006079001,0.0002021389
-0.0006349887,-0.0007514356,0.0008997495
-8.57385e-05,-0.0004032858,-0.0014378258
-0.000297505,0.0002270484,0.0004651925
-0.000488522,0.0006484928,0.0008014859
-6.4024e-06,-0.000147976,-0.0010368371
-0.0002767556,-0.0009462773,0.0003199332
-0.0010316694,-0.000229211,0.000108758
-0.0002224408,0.000471364,-0.0007200742
-0.0002547855,0.0003681407,0.0005695594
-0.0007857274,-9.42266e-05,0.0003730322
-1.49463e-05,-0.0003489256,-0.001181486
-0.0007509416,-0.0004435979,0.0006830813
-0.0004873015,-0.0002982301,0.0003370225
0.0003194861,-0.0005547615,-0.0006608719
-0.0011531148,0.0002563663,-2.55153e-05
-0.0001437149,0.0007914175,0.0001832186
0.0002004818,-0.0004497058,-2.61256e-05
-0.0006410915,-0.001262666,-0.0004423727
-0.0006783185,-0.000538881,-0.0004130767
-0.0001308991,0.000992367,0.0001783359
1.49573e-05,0.0007737046,0.000114251
-0.0005025584,-0.0008161792,-0.0001195066
-0.0001113702,-0.00108004,-0.0004075837
-0.0004824192,-0.000304338,-4.87079e-05
-0.0005593143,0.000792639,-3.22289e-05
0.0004525267,0.0004292196,0.0003516705
-0.0007845068,-0.0004277174,-0.0003605881
-0.0003695178,-0.0005791931,-0.0001573472
-7.23124e-05,-0.0003348775,0.0004371171
-0.0003341217,-0.000240816,8.25137e-05
-0.0005117126,0.0001409272,-0.0008598405
-0.0005702993,0.0005892463,0.0004426101
0.0003377944,0.0001452027,0.0001667396
-0.0007228688,-0.0007960232,-0.0008848641
-0.0007454491,-0.0007496032,-0.00047411
-7.10919e-05,-8.4454e-05,0.0003412949
-0.0001754494,0.0006607086,-0.0005204953
-0.0002444108,0.0002252161,-0.0001616195
-0.0004360381,-0.0007080695,0.0004151451
0.0001797324,-0.0010067454,-0.0009849588
-0.0008943569,-0.0005956844,0.0002668342
-9.30619e-05,0.0007278954,0.0002973509
0.0002950749,3.09851e-05,-0.0004582414
-0.0014137035,-9.54482e-05,-0.0004045321
0.0006868734,-0.0003287696,0.0004676338
-0.000694796,-0.0010403388,-0.0002562212
-0.0010627936,-5.33037e-05,-0.0007029849
0.0005233189,0.0008372266,0.0001740636
-0.0007619266,0.0005245027,0.0006598887
0.0001113813,-0.0006524877,-0.0006559893
-0.000429325,-0.0013738296,-0.0002311975
-0.0005312415,-0.0003776327,2.6363e-05
0.0003646466,0.0006985775,-0.0002000705
-0.0005989823,0.0001708558,0.0004493238
5.82871e-05,-0.0007123451,-0.0008647232
-0.0005300209,-0.0008546589,-0.000494251
-0.0003731795,0.0004139499,-0.0001896949
0.0002145182,-0.0002017255,0.0006244894
-0.0009840678,-0.0004765805,-0.0011326593
0.0002859208,-0.0003703032,-1.0257e-05
-0.0004470231,0.0002850734,0.0001356126
-0.0006539074,-0.0001021669,-0.0005211057
0.000106499,-0.000573696,-0.0003380058
-0.0005580937,-0.0002603612,4.2842e-05
-0.0004848603,0.0002820194,-0.0004789927
0.0001376232,-4.53635e-05,0.0002399796
-0.0004317662,-0.0008546589,-0.0001860329
-0.0007546032,-0.0006573741,-0.0004844857
0.0002895824,7.25188e-05,0.0004365068
-0.000312762,6.5536e-06,0.0001948149
-0.0006746568,-0.0003422069,-0.0004802134
0.0002261135,-0.0005810254,-0.0001585679
-0.0009462305,-0.0001901205,8.55653e-05
-0.0001040469,0.0002044492,-0.0006529376
-0.000124186,-0.0004228311,5.9321e-05
-0.0008217338,-7.10166e-05,-0.0004045321
7.11029e-05,-0.0002395944,-0.0004558
-0.0006349887,-0.0006469906,0.0004633615
-9.85544e-05,-0.0004539813,-0.0008824228
-0.0005776226,-7.10166e-05,-0.0006321863
-0.0004000317,0.0003675299,0.0006269307
0.0004567986,-0.000281128,-0.0003648604
-0.0010627936,-0.0006726438,-0.0013102662
-0.0002077941,-0.0004619216,7.27483e-05
3.57068e-05,0.0004756395,3.1856e-05
-0.0004036934,3.77038e-05,-0.0003056581
-0.000477537,-0.0008974141,-0.0002678175
-0.0001357813,-0.0007416629,0.0001264576
-5.94966e-05,-6.9795e-05,-0.0004716687
-0.0010035966,4.32009e-05,0.0005115778
0.0001083299,-0.0001901205,-0.0003776774
-9.42824e-05,-0.0003910701,-0.0003465504
-0.0014832752,-2.21535e-05,-4.38253e-05
0.0003573233,0.000193455,-0.000448476
-9.73338e-05,-0.0005333839,0.0001996976
-0.0012293995,9.6075e-06,-0.0008812021
0.0003396252,-0.0003348775,0.0002088526
-0.0002297641,-0.0002267678,-0.0001976292
-0.0004616698,-0.0003929024,-0.0002330285
-0.0002328155,-0.0004045074,-0.0003605881
-0.0001791111,-0.000628667,0.0003358019
-0.000543447,0.0002203297,-0.0012583879
-0.0001974194,-2.70398e-05,0.0002942992
-0.0005580937,-0.0002414267,8.55653e-05
-0.0004384792,-0.000206001,-0.0010856637
-0.0004433614,-0.0002676907,-0.0001170652
-0.0007405668,0.0001372624,0.0001740636
0.0001779016,-6.61303e-05,-0.0004228421
-0.0005471087,-0.0003098351,-0.0005772563
-0.0005562629,-7.4946e-06,0.0002851442
6.6831e-05,-0.0002786849,-0.0001372062
-0.0004427512,-0.0005431565,-0.0001201169
-0.0004653315,-0.0005602586,-0.0003203061
-0.0004390895,4.13686e-05,9.89927e-05
0.0001052785,-6.8838e-06,7.3969e-05
-0.0012025473,-0.0006011815,-0.0005815286
-0.0003017769,-0.0002151628,-0.0001066896
0.0002444219,3.22067e-05,-0.0003068788
-0.0018036711,0.0004127283,-0.000448476
0.0003243683,6.15246e-05,-0.0005906836
-0.0003689075,-0.0006683683,-0.0001695539
-0.0012184145,1.20507e-05,-0.0007200742
0.0003860064,-6.273e-06,-0.0001780985
-0.0006539074,-0.0008870307,0.0004700751
-0.000650856,-0.0005987383,-0.0011424247
-3.08135e-05,-0.0003220509,0.0002790409
-0.0006587896,0.0002276592,-0.0001024172
-0.000543447,2.18233e-05,-0.0003868324
-0.0003859953,-0.0003886269,-0.0002665968
-0.0005641965,-0.0009694872,0.0002454726
-0.0010298386,0.0004725856,-0.0015159485
-6.2548e-05,0.0006863617,0.000706274
-0.0009486716,-0.0001003345,0.0003217642
-0.0004781473,-0.0006011815,-0.0016496114
-0.0002322053,-0.0004118369,0.0004828921
-0.0007765732,-4.53635e-05,0.0008625192
-6.68199e-05,-0.0001137718,-0.001687452
-0.0005111023,-0.0005468212,0.0004450515
-0.000532462,-0.000191342,0.0003748632
-0.0001034366,0.0001116093,-0.0015983434
-0.0006990679,-0.0004118369,0.0007343493
-0.0006337682,-0.0005101739,-0.0001072999
-0.000407355,-0.0002963978,-0.0014951971
-0.0005770123,0.0005483234,0.0002064113
-0.0009797958,0.0005342753,0.0003748632
-0.0001626336,-0.0003067812,-0.0011857583
-0.000400642,-0.0009444449,-4.93183e-05
-0.0012641854,0.0003101157,-6.88489e-05
0.0002279444,0.0003681407,-0.0002244838
-0.0004720445,-0.0002817388,7.7631e-05
-0.0009334147,-0.0004454303,-0.0003709638
-0.0001662952,-1.97103e-05,-0.0004014804
-0.0003750103,-0.0003092243,0.0007105463
-0.0007112735,-0.0002744094,-0.0007054262
-0.0005013379,-8.32324e-05,-0.0003392264
-0.000459839,0.000705907,-0.0002128875
-0.000639871,6.15246e-05,0.0003132195
-0.0008620122,-0.0004869639,-0.0007158019
-0.0001388327,-0.0007239501,-0.0003795084
-0.0009944425,0.0004316627,-0.0003709638
-0.0005373443,0.000674146,0.0002827029
-0.0001156422,-0.0001980607,-0.0004173491
-0.0008699458,-0.0007978555,-0.0008470235
-0.0004726548,8.77885e-05,-0.0002684278
-0.0001791111,0.0002911813,0.0006214377
-0.0006185112,-0.00048391,-0.0007231259
-0.0006221729,-0.0005382702,-0.0007896522
-0.0001846036,0.0001421487,0.0006489027
-0.0006447532,0.0003217207,-0.0004844857
-0.0007533827,-0.0004387116,-0.0002836861
-0.0005641965,-0.0002615828,-0.0004283351
-0.0003585328,0.0005666471,-0.0002214322
-0.0012141426,0.0003968478,-0.0001994602
-0.0003078797,-0.0002951762,6.60347e-05
7.96468e-05,-0.0006567633,-0.0003581468
-0.0015497955,-2.70398e-05,-0.0001542955
-0.0001540897,0.0003595896,0.0001990873
-2.1304e-06,-0.000202947,-0.0001249996
-0.0011592175,-0.0001217121,-0.0003959874
-0.0001913166,-0.0004515382,0.000103265
-0.0007912199,-0.0002182168,-0.0005259883
-0.0001638541,0.000129933,-0.0002775828
-0.0009602669,0.0003485954,0.0001264576
-0.0005141537,-0.0004106153,-0.0004008701
-0.0002474622,-0.0002988409,-0.0009739728
-0.0011354167,0.000161694,0.0005787144
4.5826e-06,-5.57469e-05,-0.0003593674
-0.0007131043,-0.0004698618,-0.0001280512
-0.0007924405,-8.38432e-05,-0.0001933569
-0.0003182545,-0.0001638565,3.7807e-06
-0.0007185968,-0.0001265984,-4.93183e-05
-0.0003670767,-0.0003220509,-0.0001945775
-0.0010859842,-0.0002237139,-5.84733e-05
-0.0001473766,9.69504e-05,-0.0003691328
-0.000727751,0.0003565357,0.0001697913
-0.0007552135,-0.0002585288,-7.55626e-05
-0.0003603636,-0.0007465492,-0.0006804026
-0.0006478046,0.0003687515,5.44383e-05
-0.0003225264,0.0002423181,0.0003669288
-0.0009602669,-0.0007691484,-0.0001292719
-0.0001431047,-0.0003892377,-0.0008030795
-0.0006496354,0.0001720774,0.0004828921
-0.0012824937,3.15959e-05,0.0001954253
0.0005513917,-0.0006030138,-0.000580308
-0.0013728148,-0.000240816,-0.0004002597
-0.0011183289,0.0005403832,0.0002271626
0.0003554925,0.0003302718,-9.75346e-05
-0.0010707272,-0.0006127865,-0.0001909155
-0.0010804917,-0.0002127197,-0.0009019535
0.0001614241,0.0002844626,0.0006269307
-0.0005953207,-0.0001504192,0.0004474928
-0.0009492819,-0.0007099019,-0.0009050051
-0.0002199997,-0.0004533705,-0.0001488025
-0.0004348176,0.0003290502,0.0009320972
-0.0009114447,5.84707e-05,-0.0003221371
-0.000216338,-0.0012681631,-0.0001811502
-0.0006825904,-0.0001614134,-0.0003282404
-0.0009254811,0.0011078062,-0.0001658919
-0.000470824,0.0001671911,0.0004523755
-0.0003213058,-0.0009542175,-0.0004289454
-0.000918768,-0.000229211,-0.0010685744
-0.0006722157,0.0002093355,0.0008283406
-0.0001052674,0.000448154,-0.0004081941
-0.0002041325,-0.0001119395,-7.19006e-05
-0.0008766588,-0.0007966339,0.0003663185
9.209e-07,-0.0007215069,-0.0003026065
-0.0004641109,-0.0002860143,-1.102e-06
-0.0006893035,8.71777e-05,0.0004053798
-0.0004903528,-4.9639e-05,-0.0003618088
-0.0007613163,2.79312e-05,-0.0001738262
-0.0002566164,-0.0004887963,0.0004682441
-0.0013477934,-6.55195e-05,-0.0009959447
-0.0003982009,0.0003339365,0.0002808719
-0.000536734,0.0001561969,0.0002314349
-0.0011854595,-0.0002658583,-0.0006877266
0.0003066702,-0.000260972,-0.0002366905
-0.0010298386,-0.0003794651,0.0010175438
-0.000613629,-0.0003147214,-0.0009953344
0.0002450321,-0.0005382702,0.0001514813
-0.001087815,-0.000625613,0.0009522382
-0.0003859953,-3.07045e-05,-0.0015275448
-0.0003975906,-0.0001198797,0.0005646767
-0.0007417874,-0.0003128891,0.0003510602
-0.0005184256,-0.0002365404,-0.0008970708
-0.0009205988,0.0003223315,-0.0006388999
-0.000205353,0.0001085554,0.001353227
-0.0006972371,0.0002447613,-0.0010813914
-0.0003615842,-0.0006732546,0.0001392746
-0.0009749136,-0.0006146188,0.0005341601
-7.84152e-05,0.0002606418,-0.0004875374
-4.7291e-05,8.65669e-05,0.0005127984
-0.0011128364,-0.0003134998,0.0004773991
0.0001162635,-0.0007905261,-0.0006083833
-0.0005593143,-0.0005095631,0.0002387589
-0.0005355134,7.92375e-05,0.0003815768
-0.0004274942,3.46499e-05,-0.0003941564
-0.0006221729,-0.0004148908,0.0006415787
-0.0004720445,-0.000617062,-0.0005320917
-0.001114057,-9.42266e-05,-0.0001286616
0.000128469,0.0001073338,0.0007422836
-0.0009718622,2.79312e-05,-0.000466786
-0.0007533827,-0.0001693536,-0.0001121826
3.75376e-05,-0.0001406466,0.0002357072
-0.0008504169,-0.0002426483,0.0002283832
-0.0002364772,-0.0001834018,-0.0007957555
-0.00039637,-0.0004429871,0.00130379
-0.0001894858,-0.0002505886,-0.0003636398
-0.0005092715,-0.0006439367,-0.0003544848
-0.0006386504,-2.9483e-05,0.0008033169
0.0001638652,-0.0001907313,0.0003040645
-0.0009639286,-0.0002994517,-0.0005925146
-0.0004403101,-0.000249367,0.0005555217
-0.0004085756,0.0002343779,0.0001740636
-0.0004537362,0.0003357689,-0.000578477
-0.0007704705,-5.6622e-06,0.0004883851
-0.0002968947,-0.0004814668,0.0003956145
-0.000227323,-0.0008070174,-0.000594956
-0.0009651491,-0.0002420375,0.0008069789
-1.18949e-05,0.0001574185,0.0002198386
-0.0002181689,-0.0005303299,-0.0001030276
-0.0009010699,-0.0004368792,0.0003101679
8.2443e-06,-0.0002066118,-0.0002055635
-0.0004787576,-0.0001174366,-0.0001744365
-0.0007411771,0.0001812392,0.0003644875
-0.0001931475,-0.0002273786,-9.32622e-05
-0.0004281045,-0.0004460411,-0.0003502124
-0.000760706,0.000271636,5.3828e-05
6.50001e-05,-0.0001314847,0.0006489027
-0.0006362093,-0.0005297192,-0.0002598832
-0.0005562629,-0.0004399332,-0.0001176756
1.12957e-05,9.32856e-05,0.0005109674
-0.0006069159,-7.89569e-05,0.0004157555
-0.0003798925,-0.0003208293,-0.0005516223
1.31265e-05,-0.0005657557,0.000728246
-0.0006624512,-0.0002359296,0.0001612466
-0.0003286292,-9.17834e-05,-0.0002287562
-0.0002212203,-5.39145e-05,0.0005567424
-0.0006423121,0.0001024475,-0.0001018069
-6.43788e-05,-2.21535e-05,-4.99286e-05
-0.0003139825,-0.0001516408,9.16687e-05
-0.0008656738,-0.0006072894,0.0001136406
-0.0001540897,-1.42132e-05,-0.0003135925
8.20879e-05,-0.0002340973,0.0008600779
-0.0010310592,-0.0002951762,-0.0001170652
0.0002212313,-0.000249367,-0.0002336388
-0.0003274086,-0.0004014535,0.0005207328
-0.0011421298,0.0001189388,-0.0001249996
0.0006490362,-0.0003666385,-3.22289e-05
-0.0005831151,-0.0004655863,0.000143547
-0.0009120549,0.0002972892,-7.00696e-05
0.0002261135,0.0005012927,-0.0001378166
-0.0002340361,-0.0002835712,0.0009778722
-0.0007301921,-0.0006573741,-0.0006492756
3.20451e-05,-0.0003251048,0.0001240163
-0.0002016914,-0.0001375926,0.0010993284
-0.0006319373,0.0004414354,-0.0004240627
0.0003878372,-0.0003025056,0.0005512494
-0.0007594854,-0.0007239501,0.0004847231
-0.0003774514,-0.0004326037,-0.0002226528
0.0002651713,1.6937e-05,5.07763e-05
-0.0006966268,5.66383e-05,0.0010700325
-0.000227323,0.0003314933,-0.00122543
-0.0001681261,-0.0001430897,0.000682471
-0.0005269695,-0.0003880161,0.0004578685
0.0001034476,-0.0004570353,-0.0005998386
-0.0003243572,-0.0004704726,0.000693457
-0.000525749,3.7093e-05,0.000128899
8.08674e-05,0.0002820194,-3.40599e-05
-3.75266e-05,-0.0002982301,0.0005091364
-0.0006893035,-0.0009303967,0.0005292774
-0.000209625,-0.0004649755,-0.0009306391
-0.0001028263,-0.0001418681,0.0011072628
-0.0009199886,0.0005122869,-2.3226e-06
0.000209636,0.0003864643,-0.0008274928
-0.0004470231,-0.0004484842,0.0007880586
-0.0008138002,-0.0005694204,0.00013073
0.0004671733,-0.0004796345,-0.0004747204
-0.0004811987,-0.0006017923,0.0010303608
-0.0008357702,0.0005617608,-0.0001945775
0.000764989,0.000260031,0.0002973509
-0.0005513806,-0.0011905929,0.0011524274
-0.000554432,-0.0009096299,-0.0010453817
8.20879e-05,9.57288e-05,-3.5433e-06
-0.0004580081,0.0005464911,0.001256184
-0.0005483293,0.0001922334,-0.0006529376
5.52357e-05,-0.000538881,-0.00051073
-0.0001687363,-0.00077037,0.0006250997
-0.0009303633,0.0002685821,-0.0004020907
0.0005898392,6.15246e-05,0.0004383378
-0.0001229655,-0.0007190637,0.000618386
-0.000852858,-0.0001601918,-0.0009489491
0.0006472053,-6.55195e-05,0.0005738317
-0.0001888755,-0.0005223897,0.0011756201
-0.0005458881,-0.0005596478,-0.0008726575
0.0001827838,-0.0002090549,0.0001697913
-0.0004543464,0.0001769637,0.0009552899
-0.0002084044,5.05304e-05,-0.0004490864
-0.0002004708,-0.0002243247,6.42037e-05
-0.0003213058,-0.0004216095,0.0004450515
-0.0004897426,0.0002710252,-0.0003459401
0.0003780727,-0.0001015561,0.000592752
-0.0005202565,-0.0005486536,0.0003040645
-0.0003859953,-0.0003544227,-0.0004515277
0.0006374409,-0.0003257156,0.0003010129
-0.0008070871,1.26615e-05,0.0005823764
0.0003207066,0.0001800177,-0.0005479603
0.0002047538,-0.0008198439,0.0008704536
-0.0006008132,-0.0003489256,-0.0003886634
0.0004555781,8.04591e-05,-0.0004350487
-0.0005269695,-3.219e-06,0.0011505964
0.0002517452,-8.62863e-05,-0.0002415732
-0.0002743144,-0.0003971779,-0.0001420889
-0.0002395286,-0.0008131252,0.0010260885
2.83835e-05,-7.71245e-05,-0.0005845803
-0.0005715198,0.0007395004,-5.90836e-05
0.0005788542,4.32009e-05,0.0013855746
-0.0002541753,-0.0004558137,-0.0004918097
3.20451e-05,-0.0006042354,-0.0006541583
-5.33938e-05,-0.0001834018,0.0012574047
-1.25052e-05,0.0004609806,-7.49523e-05
0.0010634149,-0.0004869639,0.0001465986
-0.0008455346,-0.0009218457,0.0007972136
0.0003988222,-0.0003330451,-0.0005192747
0.0006911454,-0.0001901205,0.0008075893
-0.0005086612,-2.21535e-05,0.0005787144
0.000519047,0.0001513106,-0.0010234097
5.8032e-06,0.000208114,0.0007996549
0.0006099784,0.0001293222,0.0002338762
1.5312e-06,-7.83461e-05,-0.0006645339
0.0006978584,-0.0004863531,0.0008008756
0.000573972,-0.0002505886,0.0002106836
8.94113e-05,-3.13153e-05,0.0003321399
0.0015583504,-0.0001998931,0.0004395585
3.75376e-05,-0.0005443781,0.0009119562
0.0003445075,0.0001109985,-0.0004558
0.0015559093,-0.0004497058,0.0012421464
-0.0002968947,5.60275e-05,-4.07736e-05
0.001173265,0.000286295,-0.0001323236
0.000356713,1.57154e-05,0.0010559948
0.0001962099,-0.0005816362,0.0003187125
0.0011860808,0.0001366516,-0.0008543475
1.92293e-05,0.0001604724,0.0018707894
0.0005251497,-2.21535e-05,0.0002827029
0.0009138968,-0.00108004,0.0001191336
0.0003670877,-0.0005810254,0.0007496076
0.0007619376,0.0004255548,0.0002369279
0.0006514773,0.0009074674,0.0004151451
0.0012770122,-0.0008387784,0.0016962341
-5.1818e-06,-0.0011631073,-0.0005461293
0.0009846891,-0.0007361658,0.0001374436
0.0004305567,0.0005238919,0.0010883424
0.0003933297,0.0010418409,0.0003608255
0.0014753526,4.32009e-05,-0.0002147185
-8.8435e-06,-0.0008277842,0.0009412522
0.0009651602,-0.000162635,-0.0007103089
0.0014576545,-0.0006506554,0.0015631815
0.0003011777,0.000239875,0.0001899323
0.0017798813,3.95362e-05,8.43447e-05
0.000666124,-0.0001656889,0.0011036008
0.0014472798,-0.0006934106,0.0006067897
0.0008333401,-0.0001950068,-0.0002855171
0.001059143,-0.0001760723,0.0014276876
0.0012312414,0.0005428263,-4.32149e-05
0.0008553101,0.000208114,0.0006434097
0.0012672478,-0.0002310433,0.0006135034
0.0008095393,-0.0006158404,0.000616555
0.0011366483,-0.0003422069,0.0002729376
0.0008852138,-0.0002041686,0.0010590465
0.0008931474,0.0004469325,0.0004072108
0.0013996781,-0.0002212707,0.0005182914
0.0005330834,-0.0001302631,0.0006226584
0.0014485004,-0.0006647035,0.0004188071
0.0011482436,-0.0006879135,0.0006708747
0.0009102352,-6.61303e-05,0.0004664131
0.0012861664,0.0003577573,0.0003840182
0.0009511238,-0.0001473652,0.00123055
0.0012434469,-0.0007099019,5.5659e-05
0.0009486827,-0.0005223897,0.0004358965
0.0010658561,0.0002496476,0.0012220054
0.0013929651,0.0002569771,0.0008057583
0.0011519052,-0.0002487562,0.0007270253
0.0011573978,-0.000249367,0.0006122827
0.0013307167,-2.39859e-05,0.000702612
0.0014600956,0.000369973,0.0011805027
0.0014350742,-0.0003232725,0.001243367
0.0011354277,-0.0004161124,6.4814e-05
0.001654164,4.56441e-05,0.0012024747
0.0013758773,0.000184904,0.0012128504
0.0014118837,-0.0005278868,0.0007837863
0.0016852882,-0.0005260544,0.0003327502
0.0012013378,2.18233e-05,0.0011792821
0.0012947103,0.0008085195,0.0005243948
0.0017817121,-3.07045e-05,0.0007508283
0.0011531258,-0.0004997905,0.0007178703
0.0016749135,-0.0002469238,0.0005408737
0.0015205132,0.0001177172,0.0005835971
0.0012837253,0.0001629156,0.001336748
0.0019092602,-0.0003849622,0.0005201224
0.0015974082,-0.0003000625,0.0003248159
0.0012892178,0.0002307132,0.0014673592
0.0018988855,-0.0001290416,0.0010212058
0.0016315838,-0.0006512662,0.0007203116
0.0012336825,-0.000147976,0.0007087153
0.0018988855,0.0006796431,0.0011023801
0.0016920013,0.0005330537,0.0012970763
0.0015009843,-0.0006451583,0.0008368852
0.0018763052,-0.0006848596,0.0003565532
0.0017426544,0.0002417074,0.0017902254
0.0016816266,0.0007107933,0.0010022855
0.002121637,-0.0002591396,0.0010059475
0.0017414338,-0.0004362684,0.0011322864
0.0023449987,-0.0001937852,0.0010767461
0.0016639285,-5.63577e-05,0.0014282979
0.0018848491,5.23628e-05,0.0010663705
0.0023602557,-0.0003049488,0.0007929413
0.0017359413,0.000115274,0.0013538373
0.0022845812,0.0002795763,0.0012372637
0.0020374186,-0.0001559163,0.0007966033
0.0020911231,-8.7161e-06,0.0011213004
0.0023083821,0.0002636958,0.0013233206
0.0023913799,0.0001922334,0.0014392839
0.0021338426,-6.67411e-05,0.0010694221
0.0026013155,-0.000226157,0.0017121028
0.0026025361,-0.0003965672,0.0017084408
0.0020050739,-0.0003220509,0.001347734
0.0027325253,3.22067e-05,0.0014881106
0.0022766476,0.0003027863,0.0017548261
0.0022772579,0.0003485954,0.0013672646
0.002824067,-0.0004759697,0.0015906465
0.0016974938,-0.0002432591,0.0014582042
0.0028686173,0.00051473,0.0012549634
0.0025061121,0.0004035664,0.0020374103
0.0022558982,-0.000194396,0.0016693795
0.0029815187,-0.0003892377,0.0006214377
0.0023144848,-0.0002909007,0.0022571301
0.0025567652,0.0007932498,0.0011475447
0.0032573643,-0.0002518102,0.0017029478
0.0023273007,-0.0002585288,0.0014411149
0.0027630392,-9.3005e-05,0.0014887209
0.0028472575,0.0002612526,0.0012628977
0.002481701,0.0002478152,0.001862855
0.0025988744,-0.0001284308,0.0011243521
0.0026641741,0.0001659695,0.001214071
0.0027258122,0.0005055682,0.0020068936
0.0025207588,0.0001091661,0.0013776403
0.0029217114,-9.78913e-05,0.0012586254
0.0024780393,-0.0001504192,0.0017450608
0.0026611227,0.0003626436,0.0017413988
0.0033360902,0.0001739098,0.0018237937
0.0023639174,-0.0001504192,0.0015149652
0.0028002661,0.0002655281,0.0014685799
0.003162161,0.000294846,0.0020502273
0.0027258122,7.67943e-05,0.0015735572
0.0028063689,-0.0001608026,0.0013526166
0.0033232744,-0.0001131611,0.0020898989
0.0028582425,0.0001427595,0.0017029478
0.0029217114,0.0004731964,0.0014496596
0.0037638951,-5.6622e-06,0.0020819646
0.0024914655,7.92375e-05,0.0014612559
0.0036339059,0.000384632,0.0014862796
0.0034666897,-7.89569e-05,0.0022894778
0.0028777714,-0.0001259876,0.0016754828
0.0037437559,0.0003840212,0.0009021909
0.0032573643,0.0006063484,0.0028308432
0.0034502122,8.16806e-05,0.0022437028
0.0035893556,-0.0004118369,0.0008155236
0.0030443773,-0.0003018949,0.0028314535
0.0028759406,0.0007511054,0.0018915407
0.0040794088,0.0004249441,0.0017645914
0.002868007,-0.0001113287,0.0024835637
0.0028942489,-0.0001736292,0.0018146387
0.0040739163,0.0001879579,0.0015424302
0.0026867544,0.0003858536,0.0029596234
0.0033153408,0.0004341059,0.0013068417
0.003864591,-5.02498e-05,0.0020264243
0.003157889,0.0003009539,0.0028131435
0.0035075783,-7.34598e-05,0.0017218681
0.0036992056,-0.0003568659,0.0022266135
0.0036534348,0.0001580293,0.0024518264
0.0032683494,0.0003986801,0.0021246879
0.0041019891,-9.54482e-05,0.002535442
0.0035478567,-0.00041428,0.0021112606
0.0031584993,0.0001293222,0.0015943085
0.0036455012,0.0009483902,0.0027734719
0.0037101906,0.0001671911,0.0027392932
0.0033775891,-0.0002768525,0.0012482497
0.0035570108,1.08291e-05,0.0023047361
0.0038157687,0.0003675299,0.0028772285
0.0035832528,-8.14e-05,0.0019660013
0.0038096659,-0.0004283282,0.0021033262
0.0036198695,2.8889e-06,0.0025146907
0.0035142914,0.0006778107,0.0017792394
0.0038584882,0.0001109985,0.0025250663
0.003434345,-0.000785029,0.0022473648
0.0038224818,-0.0002823496,0.0009937408
0.0036900514,0.0008066872,0.0025824376
0.0036094948,0.0008750955,0.0029181208
0.0041074816,-0.0006280562,0.0013727576
0.0037095803,-0.0008870307,0.0019684426
0.0034831672,0.0003632544,0.0027399035
0.0040836808,0.0009264018,0.0020447343
0.0042008541,-8.26216e-05,0.002447554
0.0037419251,-0.0002420375,0.0021252982
0.0042899547,0.0001543645,0.001987363
0.0039353832,0.0006906373,0.0027423449
0.0039280599,-7.89569e-05,0.0029370411
0.0041831561,-0.0005162818,0.0014490492
0.0039018179,5.54167e-05,0.0028766181
0.0038224818,0.0007828664,0.0028174158
0.0042600511,0.000271636,0.0021991485
0.003647332,-0.000292733,0.0022174585
0.003772439,-0.0001601918,0.0026117336
0.0040311969,0.0003516494,0.0019000853
0.0036644198,0.0003650867,0.0025983063
0.0040537771,-6.55195e-05,0.0024182581
0.0045401687,-5.6622e-06,0.0016785345
0.0036369573,0.0004133391,0.0027399035
0.0040299763,0.0004841906,0.0025604656
0.0044870745,-0.0004118369,0.0019714943
0.0036186489,-0.0002078334,0.0021674112
0.0044571709,0.0005977973,0.0027429552
0.0043918712,0.0004579267,0.0024121547
0.0041233488,0.0005483234,0.0020349689
0.0047025027,0.0002459829,0.0026843632
0.0042325886,0.0001397056,0.0027252556
0.0046921279,3.95362e-05,0.0026019683
0.0044956184,0.0001317653,0.0023743141
0.0043082631,0.0006008513,0.0029742714
0.0046646654,0.0007657643,0.0025067563
0.0044736484,4.19794e-05,0.0028937075
0.004371732,-4.16987e-05,0.0025049253
0.004224655,0.0001592508,0.0022717781
0.0045780059,0.0006955236,0.0029724404
0.0045633593,0.000416393,0.0028528151
0.0043991945,-0.0001174366,0.0023083981
0.0044834128,-6.8838e-06,0.002555583
0.0041727813,8.59562e-05,0.0030353047
0.0042393017,7.43512e-05,0.0023260978
0.0045535948,-0.0002224923,0.0027380725
0.0041007685,0.0003027863,0.0022858158
0.0043509825,0.0008445561,0.0023413561
0.0047458324,0.0002704144,0.0029199518
0.0041526422,-0.0003348775,0.0024737984
0.0042527278,-6.91842e-05,0.0021845005
0.0045151473,0.0002527016,0.0032409869
0.0043705114,0.000393183,0.0029449754
0.0049368494,-4.16987e-05,0.0023309804
0.0042667642,-0.0003764111,0.0031762916
0.0047018924,0.0001830716,0.0029107968
0.0051626523,0.0003082834,0.0026227196
0.004209398,0.0005990189,0.003089014
0.0053524487,1.93802e-05,0.0033062926
0.0048886374,-0.0001748507,0.0024573194
0.0043912609,0.0001189388,0.0031653056
0.0052462604,0.000329661,0.0033764809
0.0048074705,8.77885e-05,0.0028467118
0.0041648477,0.0002343779,0.0027722512
0.0053243759,-7.22382e-05,0.0035687358
0.0044797512,9.2064e-05,0.0025696206
0.0043930917,0.0001122201,0.0027246452
0.0048971813,0.0002020061,0.0029150691
0.0050668386,-6.00224e-05,0.0034185938
0.0048697188,0.0001048906,0.0024390094
0.0046054685,-0.0002114981,0.0029260551
0.005036935,-1.54348e-05,0.0028424395
0.0047403399,0.0002020061,0.0029962434
0.0046603935,-9.36158e-05,0.0029370411
0.0050326631,-0.0004460411,0.0029040831
0.0043302331,0.0001794069,0.0029114071
0.004198413,0.0002038384,0.0033093442
0.0046042479,-0.0003458717,0.0030572767
0.00432352,-0.000257918,0.0029034728
0.0046024171,0.0004341059,0.003178733
0.0047928238,5.78599e-05,0.0034625378
0.0048331021,-0.0003916808,0.0027276969
0.0047964855,-0.0004533705,0.0033423022
0.004650629,0.000396237,0.0024890567
0.0051943867,0.0006674273,0.003193381
0.0053677057,0.0002533123,0.0037097227
0.0050613461,-0.0007257824,0.0025836583
0.0042722567,-0.0003318235,0.0016425248
0.0051931662,0.0010222957,0.0037878453
0.0055752002,0.0008976947,0.0035339468
0.0044431345,-0.0008296166,0.002438399
0.0050405967,-0.0012925946,0.0029815954
0.0052053717,2.73204e-05,0.0032550246
0.0051583803,0.0007682075,0.0031299063
0.005368316,0.0010412302,0.0026239403
0.0050997936,7.12972e-05,0.0037237603
0.0045780059,-0.0002011147,0.0025433763
0.0048819244,-0.0007667053,0.0032202356
0.0044193337,-0.0001406466,0.0029284964
0.0045859396,0.0009514442,0.0031280753
0.0049960464,0.0008885329,0.0032086393
0.004503552,-0.0003202185,0.0032873722
0.0050491406,-0.0005181142,0.0022443131
0.0049441727,-0.0004515382,0.0032342733
0.0047104363,0.0008347835,0.0034491105
0.0058681336,3.40391e-05,0.0037164363
0.005162042,-0.0008821444,0.0026800909
0.0050521919,-0.0002066118,0.0027368519
0.0048593441,0.0006759783,0.0035498154
0.0052017101,4.8698e-05,0.0035278434
0.0054885407,-0.0001540839,0.0019385363
0.0051547187,0.0011047522,0.003123803
0.0057332622,0.0012543955,0.0040930118
0.0051455645,-0.0003415961,0.0027514999
0.0054317849,-0.001714039,0.0028815008
0.0050198472,5.9428e-06,0.00317324
0.0049063355,0.0018077703,0.0039025879
0.0052712817,0.0004505972,0.0036712717
0.0052548042,-0.0018288674,0.0027514999
0.0046854149,-0.0003415961,0.001331255
0.0044516784,0.001860909,0.0041058288
0.0049191513,0.0019787913,0.003114648
0.0048910786,-0.0007911368,0.0020355793
0.0041862075,-0.0011875389,0.002559245
0.0049374597,0.0004371598,0.0029034728
0.0047824491,0.0015933834,0.0029217828
0.0045700723,0.0006686489,0.0035089231
0.0048904683,-0.0011991439,0.0028198572
0.0046530701,-0.0006885243,0.0020703682
0.0042374708,0.0012171374,0.0034594862
0.004632931,0.0014070928,0.0034704721
0.004988723,0.0002563663,0.0017444504
0.0043637984,0.000471364,0.0027075559
0.0048263891,0.0014828306,0.0036853094
0.0052749434,0.0004371598,0.0029510788
0.0043485414,-0.000660428,0.0029297171
0.0049417316,-0.0004753589,0.0037573287
0.0048154041,0.0005336645,0.0029376514
0.0044937876,0.0012855458,0.0034326315
0.0048062499,0.0005110653,0.0035882664
0.0041483702,-0.0006970753,0.0026416399
0.0040568285,0.0001531429,0.001837221
0.003871304,0.0016862233,0.0033593915
0.0039030385,0.0014400754,0.0027386829
0.0035625033,0.0003956262,0.0015985808
0.0040891733,-5.33037e-05,0.0032580763
0.0036723534,0.0001610832,0.0028699045
0.0037303298,-0.0003263264,0.0023999481
0.0037315504,8.386e-06,0.0019934663
0.003680287,0.0003626436,0.0035528671
0.0038798479,0.0009245695,0.0019220573
0.0036412292,-0.0002970085,0.0031592023
0.0028320006,-0.0002768525,0.0022101345
0.00355518,3.58715e-05,0.0023285391
0.0028490884,0.0009227371,0.0028912661
0.0029436815,0.0007370572,0.0028033782
0.0036754048,0.0003070618,0.0019190057
0.0031285957,6.58001e-05,0.003041408
0.0032317327,0.0005055682,0.003211691
0.0036808973,0.0002881273,0.0021979278
0.00269896,0.000404788,0.0026373676
0.002971144,0.0011352917,0.002575724
0.0039671177,0.0009074674,0.0027716409
0.0029864009,4.1104e-06,0.0026440813
0.0031438526,-0.0002078334,0.0018952027
0.0036400087,0.0005312213,0.0021069882
0.0027795167,0.0009996965,0.0027338002
0.0033074071,0.0006600978,0.0021252982
0.0035264969,0.000129933,0.0019312123
0.0031420218,0.0005055682,0.002509808
0.0034373964,0.000795693,0.0019849216
0.0032305121,0.0008586042,0.0019409776
0.0034416683,0.000792639,0.0020581616
0.0034270216,0.0009661031,0.0017542157
0.0036985953,0.0010858178,0.0023871311
0.0036381778,0.0006124563,0.0022070828
0.0034935419,7.1644e-06,0.0020306966
0.0037510792,0.0003968478,0.0023468491
0.0032903194,0.0012030892,0.0030627697
0.0039732204,0.0006906373,0.0028540358
0.0037443662,-0.0001553055,0.0026666636
0.0029802981,-8.07892e-05,0.0029535201
0.0035338203,0.0004817474,0.0021307912
0.0034111544,0.0010815422,0.0022949708
0.0035167325,0.0017173736,0.0022742195
0.0040415716,0.0009190724,0.0025268973
0.0037956295,0.0002099463,0.0020221519
0.0039286701,8.22914e-05,0.0023621074
0.003849334,0.00056115,0.0024939393
0.0036516039,0.0007846988,0.0024023894
0.0036833384,0.0004915201,0.0023926241
0.0038682526,0.0003656975,0.0022400408
0.003757182,0.0005831384,0.0019000853
0.0033415827,0.0009233479,0.0023718727
0.0037754904,0.0007602672,0.0023724831
0.00353321,0.000448154,0.0020667062
0.0031957263,0.0001977305,0.0024152064
0.0039689485,0.0004738072,0.0022516371
0.0039628457,0.0007346141,0.0026813116
0.0035472464,0.0011988137,0.0023529524
0.0040537771,0.0010033612,0.0027868992
0.0038096659,0.0007169012,0.0023938447
0.0037956295,0.0002337671,0.0027667582
0.0037120215,0.000341266,0.0025146907
0.0043314536,0.000471364,0.0025635173
0.0036326853,0.0008787603,0.0021423875
0.0031768077,0.0005196163,0.0028906558
0.004033638,0.0002087247,0.0022858158
0.0035576211,-0.0001687429,0.0026105129
0.0027843989,-7.4946e-06,0.0023657694
0.0038908329,-0.0001088855,0.0023718727
0.0033739274,0.000369973,0.0014594249
0.0032158654,0.0010339007,0.001851869
0.0036894412,0.0014052604,0.0017182061
0.0036528245,0.00025148,0.0021149226
0.0030596343,-0.0003367098,0.0014746832
0.003190844,-0.000272577,0.0019354846
0.0030956407,0.0004102851,0.0019513533
0.0028277286,0.0002777439,0.0025983063
0.0026696666,1.81586e-05,0.0017554364
0.00287472,-0.0001437005,0.0020715889
0.002367579,0.0005678687,0.002443892
0.00263305,-0.0001351495,0.0027801855
0.0028710584,-0.0001614134,0.001269001
0.0025683605,5.54167e-05,0.0027264762
0.0022156198,0.0006344447,0.0023840794
0.0027410692,-0.0002200491,0.0021100399
0.0014051706,-6.42979e-05,0.0014148706
0.0020465728,0.0004127283,0.0024670847
0.0022443029,0.0009587736,0.0017090511
0.0016443996,-5.63577e-05,0.001991025
0.0016413482,-0.0007172314,0.0017035581
0.0016523332,-0.0004619216,0.0017047788
0.0009206099,0.0005324429,0.0018201317
0.0011592286,0.0007816448,0.002453047
0.0013294961,-0.0004081721,0.0018219627
0.0010145927,-0.0007648729,0.0011566997
0.001327055,-0.0001113287,0.00251347
0.0010255777,0.0004231117,0.0018323384
0.0007655993,-9.3269e-06,0.0016004118
0.0009389182,0.0002545339,0.0014698006
0.0008809418,0.0005562637,0.0017401781
0.0010335113,0.0009630492,0.0008954772
0.0013002028,0.000462813,0.0017963287
0.0008009954,7.7752e-06,0.0015698952
0.0009096249,-0.0006506554,0.0014801762
0.0006185223,-0.0003953456,0.0015534162
0.0012397853,0.0003162236,0.0016516798
0.0010579224,0.0004371598,0.0016248252
0.0010023871,8.83993e-05,0.0013080623
0.0016163268,-0.0007245608,0.0016986754
0.000334743,-0.0007960232,0.0007789036
0.0007839076,0.0004444893,0.0008002653
0.0012385647,0.0013673915,0.0014344013
0.0006362203,0.0008512748,0.001210409
0.0009578368,-0.0003232725,0.0006391374
0.0008882652,-0.0009646009,0.0014051053
0.0002792077,-0.0004136692,0.0011121454
0.0004140791,-0.0001406466,0.0015003172
0.0011805883,0.0004823582,0.0014014433
0.0012599245,0.0004206685,0.0015985808
0.0009901816,-2.21535e-05,0.0012867007
0.0014369051,-0.0009084083,0.0018097561
0.0003542719,-0.000848551,0.0012720527
0.0010426655,0.0003082834,0.0010450088
0.0016730827,0.0014761119,0.0017121028
0.000868126,0.0010711588,0.0017877841
0.0012648067,-0.0001803478,0.0005915314
0.0009224407,-0.0004228311,0.0013031797
0.0010792822,0.0004139499,0.001848207
0.0014643676,0.0007816448,0.0011884371
0.0016181576,0.0008952516,0.0015290029
0.0015998493,0.0003748594,0.0018537
0.0015052562,-0.0005895765,0.0014350116
0.0014802348,-0.0004038966,0.0007258046
0.001212933,0.0005238919,0.0020477859
0.0015852026,0.0015188672,0.0012830387
0.0017585216,0.0005312213,0.0017456711
0.0009944535,-3.8034e-05,0.0010254781
0.0012086611,-0.0002640259,0.0011908784
0.0004989078,0.0006723136,0.0013892366
0.0005538328,0.0006552115,0.0020111659
0.0017139713,0.0005507666,0.0008936462
0.0010188646,1.6673e-06,0.0019153437
0.000639882,0.0003229423,0.0006482924
0.0016968835,0.0002252161,0.0009559002
-0.0002181689,0.0001354301,0.0022406511
0.0006960276,4.457e-07,0.0010425675
0.0012806739,-4.4406e-06,0.0001923736
0.0004567986,0.0005092329,0.0022058622
-2.04388e-05,0.0003479846,0.0004548168
0.0003701391,-0.0006237807,-0.0001677229
-7.71946e-05,0.000674146,0.0013861849
-0.0007588752,0.0011420103,0.0022198998
-0.0001333402,-0.000695243,8.61757e-05
-0.0003744,-0.0023614754,0.0009436935
-0.0009346352,6.82433e-05,0.000673316
-4.11882e-05,0.0016013237,0.0011969817
-0.0012013267,0.0008867005,0.0009699378
-0.0006600101,-0.0012681631,0.0009674965
-0.0012232967,-0.0017348059,0.0001386643
-0.0019959087,0.000129933,0.0003626565
-0.0012013267,0.0015292506,0.00073557
-0.0011634895,0.0005446587,0.0010883424
-0.0015754271,-0.0008858091,-0.0008677748
-0.0020673112,-0.0011948684,0.0003644875
-0.0014490996,-7.34598e-05,0.0011341174
-0.0018366261,-0.0001320955,8.98377e-05
-0.002058157,2.2781e-06,-0.0005595567
-0.0011964445,0.0002917921,0.0011573101
-0.0021210157,0.000283241,7.51897e-05
-0.0017817011,-0.0009597146,-0.0002440145
-0.0023480391,-0.0009255104,-3.28393e-05
-0.0021143026,0.0006155102,-0.0004130767
-0.0014655771,0.0017766201,4.58937e-05
-0.0016181466,0.0009734326,0.0009418625
-0.0013075151,-0.0006085109,-0.0001530749
-0.0015760374,-0.0016676191,0.0004456618
-0.0022339171,-0.00012782,0.0003119989
-0.0013429112,0.0010522244,0.0008490919
-0.00177926,0.0009111321,0.0004029385
-0.0017408125,-0.0002951762,0.0003089472
-0.0021277287,-0.0008064066,0.0002650032
-0.001588243,-0.0007392198,0.0005408737
-0.0021374932,0.0006985775,-0.0009556628
-0.0011970548,0.0013093665,0.0006611093
-0.0011287036,0.0011230759,0.0003943938
-0.001311787,-0.0010421711,0.0003858492
-0.001796958,-0.0013524519,-0.0003746258
-0.0013453523,-0.0003183862,0.0008411576
-0.0016852772,0.0013362412,3.5518e-05
-0.0008729972,0.0009477794,0.0004859438
-0.001408211,2.8889e-06,2.57527e-05
-0.0007131043,-0.0006433259,0.0004725164
-0.0013081254,0.0001958982,0.0003748632
-0.0007686396,0.0001610832,0.001972715
-0.0011348064,0.0001971198,0.0004981504
-0.0006441429,-4.04772e-05,0.0010846804
-0.0011518942,0.0006411634,0.0012696113
-0.0010011555,0.0004634238,0.0018561414
-0.0009291427,5.05304e-05,0.0004645821
-0.0013508448,-0.0005431565,0.0017475021
-0.00112077,0.0006839186,0.0004041592
-0.0004342073,0.0008146274,0.0014960449
-0.0014893779,0.0006515468,0.0010395158
-0.0007491107,-0.000449095,0.0007911103
-0.0010713375,0.0001800177,0.0004407791
-0.0011933931,0.0003241639,0.0021985382
-0.0011073439,0.0002099463,0.000145378
-0.0010414339,-0.0008149576,0.0006891847
-0.0016565941,-4.16987e-05,0.0006727057
-0.0010237358,0.0002612526,0.0008979185
-0.001469849,0.0003443199,0.0002906372
-0.0020056731,-0.0004197771,0.0009772618
-0.0018598167,-0.0001369818,-0.0001011966
-0.0022662618,0.0002099463,0.000605569
-0.0029503835,0.0004579267,0.0011603617
-0.0024249341,-6.36871e-05,0.0004786198
-0.0031017324,-0.0008149576,0.0004914368
-0.0039298797,-0.0005480428,0.0004511548
-0.0031145482,8.41238e-05,0.000106927
-0.0034404367,7.25188e-05,0.0001209646
-0.0037162824,0.0004322735,1.5377e-05
-0.003102953,-0.0003892377,0.0005335497
-0.003702246,-0.0007996879,0.0002485242
-0.0038847191,-0.0010867587,-1.81913e-05
-0.003632064,4.38117e-05,-0.0008097932
-0.003768156,-4.59743e-05,0.0012989073
-0.0044455646,-0.0003745787,-0.0007371636
-0.0033562183,-0.0017189253,-0.000551012
-0.0047171383,0.0001122201,-0.0013792339
-0.0040531558,0.0004725856,0.0006452407
-0.0041202864,0.0003424875,-0.0017417717
-0.0040934342,-0.0011539455,-0.000530871
-0.004499269,-0.0002499778,-0.0011845376
-0.0037864643,-0.0004631432,7.64103e-05
-0.0045194082,-5.6622e-06,-0.0013255246
-0.0038108754,-0.0005816362,-0.0006578203
-0.0041508003,-0.0001149934,-0.0013096559
-0.0039530702,4.25901e-05,-0.000593125
-0.0034776637,0.0003632544,-0.0012956183
-0.0034550834,-8.99511e-05,-0.0004161284
-0.0037809718,-3.8298e-06,-0.0010404991
-0.003452032,-0.0005168926,-0.0003862221
-0.0037675457,-0.0007398306,-0.0006321863
-0.0038773958,-0.0006763085,-0.0009019535
-0.0034495909,0.0001122201,-0.0006163176
-0.0033629314,0.0002331563,-1.102e-06
-0.0037413038,-0.000428939,-0.0006895576
-0.0029149873,-0.0009597146,-0.000613266
-0.0030077496,0.0002380426,-0.0009550524
-0.0030608438,0.0008879221,-0.0001152342
-0.0025219683,0.0006008513,-0.0003605881
-0.0029949338,-0.0010110209,0.0003486188
-0.0027270217,-0.0015271376,-0.0002891791
-0.0026128997,-0.0006237807,5.9321e-05
-0.0028167326,0.0006521576,0.0010065578
-0.0021930285,-0.0003867945,0.0009497969
-0.0023535316,-0.0009462773,-0.0007414359
-0.0022979963,-0.0006818056,0.0008680122
-0.0022839599,0.0005532097,0.0007795139
-0.0020209301,-0.0001650781,0.0004169761
-0.0025744522,-0.0006011815,0.0001642983
-0.0022217115,-0.0013096967,0.0013098933
-0.0023437671,-0.0007679269,7.51897e-05
-0.002220491,-0.0006164512,0.0010352435
-0.0023309513,-0.000547432,0.0008515332
-0.0021448165,-0.0002084441,0.0002198386
-0.0014686285,-7.46813e-05,0.0008258993
-0.0022668721,-0.000535827,0.0013861849
-0.0018323542,-0.0014165848,0.0008405472
-0.0018854484,-0.0018484126,0.0007715796
-0.0026440239,-0.0014617832,0.0017182061
-0.0027331245,-0.0008314489,0.0006397477
-0.0027233601,-0.0012351804,0.0011713477
-0.0034123639,-0.0013732188,0.0003968352
-0.0032329422,-0.0012461747,0.0007215323
-0.0032323319,-0.0011765447,0.0014472182
-0.0034373853,-0.0014019258,0.0006446304
-0.0039353722,-0.0020041638,0.0009070735
-0.0039036377,-0.0017647345,0.0008722846
-0.0037010254,-0.0022515333,0.0011127558
-0.0051778982,-0.0016340257,8.73963e-05
-0.0037101796,-0.0023272712,0.0014228049
-0.0050772023,-0.0018514665,-0.0003300714
-0.0047195794,-0.0018752873,0.0005494184
-0.0041593442,-0.0011576102,-0.000501575
-0.0046274274,-0.0013915424,0.0004194175
-0.0050778126,-0.0011093579,-0.0006144866
-0.0040958753,-0.0024066738,0.0005274464
-0.0051241937,-0.0020249306,-0.0008738781
-0.0047580269,-0.0017213685,-3.28393e-05
-0.0048330911,-0.0014605616,-0.0001072999
-0.0049459925,-0.0017977171,-0.0006913886
-0.0050283801,-0.001592492,-0.0013932715
-0.0047622988,-0.0007789211,-0.0003752361
-0.0042411214,-0.0004845208,-0.0005845803
-0.0040195905,-0.000651877,-0.0013908302
-0.0039561216,-0.0009560499,-0.0006120453
-0.0043320529,-0.0011203521,-0.0004844857
-0.0034971926,-0.0014972089,-0.0005534533
-0.0038957041,-0.0010623272,-0.0008531268
-0.0040244727,-0.0011411189,8.6786e-05
-0.0039506291,-0.0013848238,-0.0005973973
-0.0036265715,-0.001803825,-0.0006486653
-0.0042392906,-0.0010201827,-0.0011766033
-0.0035655437,0.0002520908,-0.0007072572
-0.0031542163,0.0006185642,-0.0005973973
-0.0041202864,-0.0011258492,-0.0003361748
-0.003921946,-0.0022973425,-0.0011198423
-0.0034044303,-0.0015301915,-0.0012742566
-0.004080008,0.0001787961,-5.48113e-05
-0.0033403511,0.0006539899,-0.0005479603
-0.0026885742,-0.0015075923,-0.00051073
-0.0035087878,-0.0019754567,-0.001186979
-0.0027373964,-0.00084,-0.0003801188
-0.0028075784,0.0008891437,-0.0004142974
-0.0022925038,-0.0004106153,0.0010266988
-0.0025616364,-0.0016853319,-0.0007634079
-0.0022418507,-0.0021996163,0.00071726
-0.0029125462,-0.000362363,-0.0001683332
-0.0022229321,-0.0002402052,0.0007691383
-0.0023266794,-0.0002511994,-0.0002995548
-0.0021399343,-0.0011331787,0.0007367906
-0.0022339171,0.0001146632,-0.0006724683
-0.0015168404,0.0001659695,0.0013336963
-0.0021759407,-0.0001785155,0.0003852388
-0.0019647845,-0.0009175702,4.52833e-05
-0.0016395063,-0.0004045074,0.0010956664
-0.0020154376,-0.0003232725,0.0016583935
-0.0017414228,-0.0014996521,0.0005018124
-0.0018219794,-0.0023370438,0.0009559002
-0.0023401055,-0.00119609,0.0011695167
-0.0021924182,-8.68971e-05,0.000730077
-0.0023596344,-0.0003189969,0.0010309711
-0.0032030386,-0.001725644,0.0008899842
-0.0034062611,-0.002168466,0.0003150505
-0.0037211646,-0.0015472936,0.001307452
-0.0041477489,-0.0006353857,0.0005219534
-0.003948188,-0.0015863841,0.0006812503
-0.0045663996,-0.0012577796,0.0001459883
-0.0038297941,-0.0019553007,0.0012390947
-0.0046097294,-0.0013823806,-0.0003398368
-0.003926218,-0.0020805124,0.0015082515
-0.0048037978,-0.0016199775,-0.0002788035
-0.0035667642,-0.0026644267,0.0016693795
-0.0042716353,-0.0015814978,-0.0006028903
-0.0043460893,-0.0023608646,0.0015412095
-0.0049801681,-0.0012290726,-0.0009324701
-0.0041556825,-0.0023498704,0.001375199
-0.0048623844,-0.0018264242,-0.0009770244
-0.0039841944,-0.0018300889,0.0002637826
-0.0049423309,-0.0009572715,-0.0007353326
-0.0045206288,-0.001537521,-1.45293e-05
-0.0048391939,-0.0013988719,-0.0013328486
-0.0046378021,-0.00145934,-0.0003782878
-0.0043247295,-0.0004753589,-0.0013993749
-0.004090993,-0.0007190637,-0.0007524219
-0.0041086911,-0.000993308,-0.0008812021
-0.0038029418,-0.0016993801,-0.0010490437
-0.0036015501,-0.00150576,-0.0009581041
-0.0038029418,-0.000828395,-0.0002806345
-0.0033836808,-0.0013371822,-0.0003514331
-0.0043064212,-0.0017390814,-0.0012980596
-0.0042130487,-0.0019675165,-0.0008366478
-0.0037754793,-0.0004619216,-0.0015232725
-0.0039762608,0.0006442173,-0.00107895
-0.0037443551,0.0005019035,-0.0013468862
-0.0033110578,-0.0012748817,-0.0007017642
-0.0038535949,-0.0019247612,-0.0017271237
-0.0029906618,-0.0008522157,-0.0013786235
-0.0030352121,0.0007297278,-9.63139e-05
-0.0027404478,0.000393183,-0.0003532641
-0.0026305978,-0.0021580826,-0.0005259883
-0.0027959831,-0.0027890277,-0.0006395103
-0.0025616364,-0.0006756977,-0.0007737835
-0.001944035,0.001047338,0.0001923736
-0.0021191848,0.000306451,0.0008674019
-0.0019177931,-0.0016297501,-0.0006236416
-0.0022394096,-0.0024366024,-0.0003227475
-0.0026226642,-6.49087e-05,-0.000530871
-0.0015363693,0.0008860897,0.0010480605
-0.0027636384,0.0005996297,4.40627e-05
-0.0020642598,-0.0015424073,-0.0004045321
-0.0025317328,-0.0010000267,-0.0007371636
-0.0023443774,-0.0005920196,0.0011884371
-0.0014643565,-0.0002518102,-0.00047411
-0.0018091636,-0.000469251,0.000711767
-0.001812215,-1.4824e-05,0.0007734106
-0.0020996559,-0.00176901,0.0009705482
-0.0022467329,-0.002649157,-0.0002324182
-0.0021448165,-0.0023315467,0.0011957611
-0.002308371,0.000161694,0.0004389481
-0.0016858875,0.0003058402,0.0008106409
-0.0028698268,-0.0008277842,0.0005811557
-0.0031114969,-0.0023834638,0.0002125146
-0.0030956296,-0.0019748459,0.0004975401
-0.0026647734,-0.0013200801,0.0017890047
-0.0029638096,-0.0006909674,0.0008960876
-0.0038212502,-0.001780615,0.001245198
-0.0039311002,-0.0022368744,0.0009406419
-0.0033293661,-0.0027175654,0.0010852908
-0.0042240337,-0.0016236423,0.0005530804
-0.0035734773,-0.0017787827,0.001939757
-0.0038285735,-0.0017610698,0.0002875855
-0.003878006,-0.0029111855,0.0010224265
-0.0042173206,-0.0019223181,-0.0001756572
-0.004058038,-0.0020273738,0.0013178277
-0.0049069347,-0.0012504502,0.000117913
-0.0041019781,-0.0029600486,0.0009076839
-0.0046664852,-0.0025514307,-0.0009611558
-0.0048605536,-0.0023645293,0.0008612986
-0.0047360569,-0.001013464,-0.0009544421
-0.0043930807,-0.0020963929,0.0003895112
-0.0047830483,-0.0022246586,-0.0007676802
-0.0041178453,-0.0024671419,-0.0002989445
-0.0041593442,-0.0009652117,-0.0012834116
-0.0037474065,-0.0008436647,0.0006171654
-0.0037034665,-0.0014007043,-0.000596787
-0.0034923103,-0.0030968653,-0.0004301661
-0.0037516785,-0.0019681272,-0.0008793711
-0.002962589,-0.0004002319,0.0005408737
-0.0031304155,-0.0007532679,0.0002088526
-0.0027660795,-0.0022631383,-0.0004747204
-0.0031102763,-0.0023651401,-0.0005229367
-0.0029278032,-0.0007123451,-0.0001713849
-0.002455448,-3.25369e-05,-1.81913e-05
-0.0027746234,-0.0005700312,-0.0002928411
-0.0027959831,-0.0022057242,0.0004627511
-0.0025360047,-0.0018594068,-0.0014860421
-0.0025866578,-0.0006946322,-0.0001329339
-0.0019769901,0.0010962012,-3.89426e-05
-0.0017670544,-0.0001730184,0.0001996976
-0.0021692276,-0.0016718946,-0.0008122345
-0.001250149,-0.0019937804,0.0001295093
-0.0023108121,-0.0002676907,-0.0003959874
-0.0016834463,-0.0004032858,0.0009162285
-0.0012684573,-0.001016518,0.0004114831
-0.0017408125,-0.0017506864,0.0002997922
-0.001540031,-0.0008827552,-0.0002366905
-0.0011811875,-9.66698e-05,0.0003791355
-0.0015455235,6.70217e-05,0.0007813449
-0.0009920014,-0.0007379982,9.10583e-05
-0.0008559094,-0.000871761,0.0001795566
-0.0011708128,-6.18548e-05,0.0010938354
-0.0009083933,-0.0002554749,0.0016132288
-0.000668554,-0.0014428487,0.0004340655
-0.0008491963,-0.0006866919,0.0009028012
-0.0009877294,0.000506179,0.0018018217
-8.26871e-05,-0.0002976193,0.0009003599
-0.0007417874,-0.001748854,0.0012665597
-0.0010463161,-0.0010183504,0.000700781
-0.0003225264,-0.0008412215,0.0016406938
-0.0015925149,0.0002264376,0.0004474928
-0.0012397742,-0.0015436289,0.0023584454
-0.0023803838,-0.0016492954,-4.916e-07
-0.0020239815,-0.0028189563,0.0017395678
-0.0028429745,-0.0007453277,4.1011e-05
-0.0019653948,-0.0011569995,0.0020746406
-0.0035447942,-0.0005901873,-0.0007194639
-0.0023315616,-0.0020444759,0.0016492385
-0.0029876104,-0.0010635487,-0.0002775828
-0.0033037344,-0.0021611366,0.001833559
-0.0036412182,-0.0014123093,-0.0003965977
-0.0031841199,-0.0028800352,0.0021869418
-0.0035063467,-0.0020841772,-0.0008073519
-0.0030638952,-0.0022564197,0.0009198905
-0.0040488839,-0.0009536067,0.0003840182
-0.0028582315,-0.0020182119,0.0009607828
-0.0037669354,-0.0023339899,-0.0008415305
-0.0031114969,-0.0023211633,0.0005433151
-0.0035911754,-0.0011551671,-2.85669e-05
-0.003146893,-0.0011912036,2.8194e-05
-0.0035405223,-0.0020444759,0.0001295093
-0.0035972781,-0.0022649707,-0.000508899
-0.0031816788,-0.001549126,-0.0006450033
-0.0034123639,-0.0001021669,-0.0006877266
-0.0023150841,-0.0007752563,-0.0003380058
-0.0028850837,-0.0014666695,-0.0014317225
-0.0027697412,-0.0017415245,-0.0006901679
-0.002532343,-0.0010079669,-0.0009629868
-0.0024316472,-0.0012449531,0.0003931732
-0.0029827282,-0.0022894023,-0.0007353326
-0.0027172573,-0.0032379576,-0.0006388999
-0.0032243983,-0.0019852293,-0.0011985753
-0.0022687029,-0.0002866251,-0.0006083833
-0.0020435104,-0.0001412573,-0.0009507801
-0.0029369574,-0.001039728,-0.0010539264
-0.001992247,-0.0017757287,-0.0009495594
-0.0019574612,-0.0012956486,-0.0014341638
-0.0022375788,-0.0005236113,-0.0001335442
-0.0012062089,-0.0003153322,-0.0003953771
-0.0013892923,-0.0020658535,9.53307e-05
-0.001720063,-0.0025880781,-0.0004240627
-0.0007375154,-0.0018832276,-3.46703e-05
-0.0012165837,-0.0003874053,-0.0002165495
-0.0007741321,-0.0002524209,0.0011017698
-0.0001858241,-0.0011209629,8.37343e-05
-0.0003878261,-0.0023425409,0.0002674446
-0.0011891212,-0.0012858759,-3.40599e-05
-0.0003951495,-0.00077037,0.0010370745
-0.0005898282,-0.0011429513,0.0004383378
-0.0007460593,-0.0014385732,-0.0003148131
-0.0003750103,-0.0004515382,0.0002949095
-0.0001937577,-0.0006048462,0.0014258566
-0.0004549567,-0.0014544537,-0.0002739208
-0.0007100529,-0.001384213,-0.0001616195
0.0001010065,-0.0009420017,0.001884827
-0.0006478046,-0.0008540481,0.0002881959
-0.0007314127,-0.0020823448,0.0007917206
-0.0003042181,-0.0034517337,0.0014966552
-0.0014948704,-0.0027193977,0.0005713904
-0.0010341105,-0.0007856397,-0.0002171598
-0.0013258234,-0.0002786849,0.0020239829
-0.0017225041,-0.0015100355,0.0002723272
-0.0009706416,-0.0027511587,-0.0001695539
-0.0025903194,-0.0020450867,0.0018164697
-0.0018360158,-0.0017470216,0.0010553845
-0.0022149985,-0.0025990723,0.0004932678
-0.0030992913,-0.0019546899,0.0012574047
-0.0019293884,-0.0024720282,0.00128548
-0.0027727926,-0.0018349752,-0.0001231686
-0.0025250197,-0.0026674807,0.0018219627
-0.0032579636,-0.0028232318,-0.0001671125
-0.0027697412,-0.0027297811,0.0005286671
-0.0030144627,-0.0003696924,-0.0007701215
-0.0027441095,-0.0014776637,0.0019428086
-0.0037358113,-0.0023761343,-0.0008750988
-0.002492675,-0.0044992369,0.0004236898
-0.0041117425,-0.0022222155,-0.0009031741
-0.003201818,-0.0010672135,0.0007563213
-0.0030181243,-0.0004460411,-0.0013889992
-0.0032012077,-0.002284516,0.0002509656
-0.0037943979,-0.0017470216,-0.0018168426
-0.0026324286,-0.0019241504,-0.000490589
-0.0037376421,-0.0006005707,-0.0009318598
-0.0025268505,-0.0013048104,-0.0001121826
-0.0028649445,-0.0012345697,-0.0016013951
-0.003076711,-0.0017097635,-0.0001439199
-0.0026299875,-0.0013371822,-0.001155852
-0.0026421931,-0.0014880471,-0.0003416678
-0.0031145482,-0.0008338921,-0.0009672591
-0.0026196128,-0.0012852651,-0.0005351433
-0.0027184778,-0.0013066428,-0.0012907356
-0.0025909297,-0.0008558805,-0.0013554309
-0.0023944202,-0.0004613108,-0.0009245358
-0.0022217115,-0.000315943,-0.0008909675
-0.0021710585,-0.0014074229,-0.0006761303
-0.0021484782,-0.0014367408,-0.0017893776
-0.0013258234,-0.000735555,-0.0004002597
-0.00175729,0.0003602004,-0.000627914
-0.0012477078,-0.0007263932,0.000152702
-0.0013343673,-0.0020157688,-0.0007353326
-0.0013764765,-0.0022832944,0.0001154716
-0.0015217227,-6.18548e-05,-0.0008738781
-0.0010511983,0.000138484,0.0012604564
-0.001267847,-0.0001082747,-0.0008635025
-0.00092304,-0.0012382344,9.34997e-05
-0.0011439606,-0.0002909007,-5.11493e-05
-0.0006441429,-0.0006158404,0.0007941619
-0.0009932219,-0.000562091,-0.0005101197
-0.000481809,-0.0011686044,0.0010273091
-0.0009376866,-0.0010354524,8.61757e-05
-0.0004110167,-0.0006897459,0.0006159447
-0.0007838966,-0.0011551671,0.0015833225
-0.0010542497,-0.0020420327,0.0001246266
0.0001028374,-0.000883366,-0.0003294611
-0.0009767444,0.0008836466,0.0020984436
-0.0009419586,-0.0003831298,0.0017871737
0.000775974,-0.0029301199,-0.0006401206
-0.0017591208,-0.0024763037,0.0017212578
-0.0016053308,-9.11727e-05,0.0014966552
-0.0002486828,-0.0007398306,0.0013080623
-0.0023877072,-0.0019620194,0.0013538373
-0.0022003518,-0.0022484794,0.00073557
-0.001294089,-0.0017958848,0.0015668435
-0.0028203943,-0.0008100713,0.0020593822
-0.0021381034,-0.0016431875,0.0013874056
-0.0024847414,-0.0022112213,0.0003351915
-0.002885694,-0.0020737937,0.0023474594
-0.0030022571,-0.0013756619,0.0009967925
-0.0022662618,-0.003190316,0.0024145961
-0.004073295,-0.0024188895,0.0001539226
-0.0029766254,-0.0023181093,0.0021606975
-0.0036259612,-0.0008308381,0.0002436416
-0.0028539595,-0.0020884527,0.0016675485
-0.0041288303,-0.0015552339,-0.000536364
-0.0027679103,-0.0022515333,0.0016254355
-0.004297267,-0.0012284618,-0.0003593674
-0.0028808118,-0.0020664643,0.0014533216
-0.0034904795,-0.0022332097,-0.0002330285
-0.0037919568,-0.0024353808,0.0006196067
-0.003168863,-0.0015802762,9.0448e-05
-0.0034502012,-0.0016725054,0.0005390427
-0.0031706938,-0.0011918144,-0.0008012485
-0.0026592809,-0.0005535399,-6.27456e-05
-0.0028332101,-0.0006738654,0.0002332659
-0.0032536916,-0.0013090859,-0.0012394676
-0.0021930285,-0.0015430181,-9.44829e-05
-0.0032195161,-0.0011789879,0.0001874909
-0.0029552657,-0.0012852651,-0.0001878639
-0.0028179531,-0.0018123761,-0.0002849068
-0.0028899659,-0.0021434237,6.222e-06
-0.0029992057,-0.0010672135,-0.001764354
-0.0018323542,0.0001439811,-0.0002263148
-0.0022790777,0.0004310519,-0.0001732159
-0.0022345274,-0.0009682657,-0.0008244412
-0.0016822258,-0.0024280514,-0.0005265987
-0.0023370541,-0.001615702,-0.0006968816
-0.0018646989,-0.0005266652,-0.0001176756
-0.0013581682,-8.56756e-05,-0.0003520434
-0.0018512728,-0.0009413909,-0.0004765514
-0.0014466585,-0.0010195719,-0.0006340173
-0.0009212091,-0.0009994159,4.89453e-05
-0.001654153,-0.0002524209,-0.0006273036
-0.0010249564,-0.0004558137,0.0004053798
-0.0006435326,-0.0007526571,0.0003687598
-0.0010170228,-0.0013481764,0.000152702
-0.0012580826,-0.0005627018,-0.0004191801
-0.0004866912,-0.0007263932,0.0010682015
-0.0009218194,6.51893e-05,-0.0008445822
-0.0005446676,-0.0002683015,0.0005097468
-0.0004567876,-0.0001180474,0.0007032223
-0.0002499033,-0.0013408469,0.000689795
-0.0008656738,-0.0009456665,-0.0001689435
-0.0005117126,-0.0007483816,0.0019495223
-0.0006490251,-0.0001027776,0.0004529858
-0.0009175474,-0.0006982969,0.0008600779
-0.0011268728,-0.0006213375,0.0005921417
-0.0008913055,-0.0012125813,0.0010151025
-0.0009401277,-0.0006756977,0.0004889954
-0.0011763053,-0.0005455997,0.001232381
-0.0019739387,-0.000324494,0.0008063686
-0.0014735107,-0.0019986667,0.001300128
-0.0022082854,-0.002235042,0.0009851962
-0.0026647734,-0.0014520105,0.0014307393
-0.0020795168,-0.0002676907,0.0010547741
-0.0028667754,-0.0016853319,0.0019959076
-0.0036686807,-0.0016529601,-2.55153e-05
-0.0020807373,-0.0020456975,0.0012317707
-0.0038304043,-0.0011331787,0.0010279195
-0.0027929317,-0.0020890635,0.0016480178
-0.0034733917,-0.0020059962,-0.0001518542
-0.0035960576,-0.0024561477,0.0019483016
-0.0042539373,-0.0007728132,-0.0002983341
-0.0033739164,-0.0017879445,0.001873841
-0.0045712818,-0.0021092195,-3.83323e-05
-0.0034904795,-0.0027914708,0.0003473982
-0.0038389482,-0.0005138386,-0.0003007755
-0.0035502867,-0.0014642263,0.0020789129
-0.0041208967,-0.0016138696,-0.0018742139
-0.0034251798,-0.0026265578,0.0005738317
-0.004341207,-0.0007050156,-0.0001188962
-0.0030382635,-0.0016761701,0.0005500287
-0.0034843767,-0.0009707088,-0.0014854318
-0.0035356401,-0.0020658535,0.0011396104
-0.0038157577,-0.0005132279,-0.0024253446
-0.0026537884,-0.001059884,0.0010852908
-0.0036479312,-0.0004332145,-0.001122894
-0.0027282423,-0.0020273738,-0.0001823709
-0.0035405223,-0.0010421711,-0.0010472127
-0.0033189914,-0.0017671777,0.0008246786
-0.0035685951,-0.0012687738,-0.0022196624
-0.0029033921,-0.0011667721,0.0001758946
-0.0028380923,0.0003204991,-0.0009800761
-0.0025964222,-0.0008766473,-0.000587632
-0.002771572,-0.0014306329,-0.0009361321
-0.0019537995,-0.0016486846,-0.0006718579
-0.0021252876,-0.0005895765,-0.0010911567
-0.0018616475,8.22914e-05,0.0003193229
-0.0017975683,-0.0008778689,5.13867e-05
-0.0015589496,-0.0029447789,-9.50932e-05
-0.0023297307,-0.0020835664,-0.0008525165
-0.0020380179,0.0002087247,6.4814e-05
-0.0014515407,0.0008286756,0.0009308765
-0.0014399454,-0.0006250022,4.6504e-05
-0.0011976651,-0.0019711812,-0.0001225582
-0.0013307057,-0.0010617164,7.64103e-05
-0.0011354167,6.39678e-05,0.0005720007
-0.0010621833,0.0002814086,0.000143547
-0.0008455346,-0.0007215069,0.0008783879
-0.0010005453,-0.0019760675,0.0007544903
-0.0012214659,-0.001780615,0.0002802616
-0.0009810164,-0.0010525545,0.000622048
-0.0012715087,-0.000449095,0.0007587626
-0.0002682117,-0.0004686403,0.000128899
-0.0003249675,-0.0001345387,0.0007380113
-0.0012574723,-0.0007190637,0.0016699898
-0.0007747424,-0.0023382654,0.0003260365
-0.0016022794,-0.0021318187,0.000664161
-0.0017768189,-0.000918181,0.0015827122
-0.0012355023,-0.000449095,0.000631203
-0.0018323542,-0.0011881497,0.0013593303
-0.0027319039,-0.0015350778,0.0008783879
-0.0012574723,-0.0027151222,0.0011963714
-0.0029143771,-0.0006854703,0.0007068843
-0.0029113257,-0.0006091217,0.001952574
-0.0021222362,-0.0007483816,1.65977e-05
-0.0028997304,-0.0026766425,0.0022632335
-0.0036259612,-0.0026204499,0.0005451461
-0.0024890133,-0.0030241814,0.0015314442
-0.0042582092,-0.0010696566,1.3546e-05
-0.0029168182,-0.0016364688,0.0023505111
-0.0032909186,-0.0008827552,-0.0007774455
-0.0035588306,-0.002634498,0.0019129023
-0.004389419,-0.001714039,-0.0006816233
-0.0028655548,-0.0021825142,0.0014429459
-0.0037852438,-0.0006781409,-0.0002696485
-0.0033000728,-0.0016596788,0.0015943085
-0.0037779204,-0.0009505528,-0.0012193266
-0.0034703403,-0.0022753541,0.0012665597
-0.0045249007,-0.0016584572,-0.0007725629
-0.0028521287,-0.0018160408,-1.7123e-06
-0.0031188202,8.65669e-05,-0.0006334069
-0.0029729638,-0.0006207267,0.0008185753
-0.0031377388,-0.001051333,-0.0014408775
-0.0027398376,-0.0026864151,0.0004914368
-0.0034910898,-0.0015869949,-0.0008592302
-0.0027618076,-0.0005510968,0.0001557536
-0.0029894413,-0.0008729826,-6.21353e-05
-0.003146893,-0.0023486488,-0.000618759
-0.003021786,-0.001968738,-0.0015934608
-0.0025842167,-0.0005431565,-0.0003087098
-0.0024682638,0.0007871419,-0.0007823282
-0.0019446453,-0.0002395944,-0.0011186217
-0.0023248485,-0.0015882165,-0.0002507282
-0.0020764654,-0.002461034,-0.0006401206
-0.0019952984,-0.0015729468,-0.0010813914
-0.0016901594,-0.000405729,0.0001075373
-0.0017786497,-0.0003306019,-0.0002409628
-0.0010579114,-0.0018600176,-0.0002080048
-0.0012977506,-0.0023284928,-0.0006565996
-0.0018634784,-0.0011741015,-0.000468617
-0.0010042069,0.0003272178,0.0002344866
-0.0008583505,-0.0003990103,0.0011505964
-0.0011036822,-0.001384213,-0.0001298822
-0.0008729972,-0.001873455,0.0001246266
-0.0011506736,-0.0004607,0.0003498395
-0.0008552991,-0.0001858449,0.000731908
-0.0004610595,-0.0002963978,0.0002344866
-0.0002267128,-0.0011350111,0.0009223319
-0.0007192071,-0.0006341641,9.83823e-05
-9.24516e-05,-0.0011661613,0.0013874056
-0.0005965412,-0.0011136334,0.0004712958
-0.0006209523,-0.0007636513,0.0007728003
-0.0004396998,-9.3269e-06,0.0009784825
-0.0003054386,-0.0013884885,0.0018695687
-0.0004714342,-0.0016395228,-8.22762e-05
-0.0005867768,-0.001525916,0.0014044949
-0.0007643677,-0.0001736292,0.001298297
-0.0006563485,-0.0006915782,0.0011371691
-0.0011830184,-0.0015399642,0.0009974028
-0.001838457,-0.0014758313,0.0011267934
-0.0016578147,-0.0006476014,0.0015686745
-0.0018860586,-0.0010751537,0.0020313069
-0.0020166581,-0.0022332097,0.0007923309
-0.0024340883,-0.0018209271,0.0006415787
-0.0018683606,-0.0009004681,0.0026276023
-0.0022925038,-0.0012632767,0.0012769353
-0.0026482959,-0.0028946942,0.0015515852
-0.0029870001,-0.0026485462,0.0008143029
-0.003113938,-0.0018135976,0.0017114924
-0.0033360792,-0.0009603254,0.0008265096
-0.0028167326,-0.0018942218,0.001247029
-0.0038090446,-0.0020182119,-0.0001451405
-0.0035106187,-0.0013781051,0.0008039273
-0.0029491629,-0.0007813642,0.0003193229
-0.0034373853,-0.000993308,-2.85669e-05
-0.0031291949,-0.0015039276,8.98377e-05
-0.0029943235,-0.0016926614,0.0002521862
-0.0033287558,-0.0018325321,-3.16186e-05
-0.0034392161,-0.0015515692,-0.0002946721
-0.0026781995,-0.0011050824,3.30767e-05
-0.0028722679,-0.0002750201,-0.0010026584
-0.0025903194,-0.0003165538,-0.000501575
-0.0023712296,-0.000648823,-0.0008915778
-0.0023657371,-0.0013103075,-0.0004734997
-0.0022784674,-0.0004161124,-0.0009666488
-0.0023614652,-0.0006231699,0.0005823764
-0.0025170861,-0.0013970395,-0.0005998386
-0.0023150841,-0.0022295449,-0.0006273036
-0.0028631137,-0.0011081363,-0.0009324701
-0.0021191848,0.0004218901,-0.000596787
-0.0014204165,0.0009587736,-0.0011479177
-0.0020972148,-0.0004411547,-0.0002647658
-0.0017517975,-0.0017012125,-0.0010600297
-0.0011512839,-0.0017164822,-0.0010685744
-0.0017469153,-0.0008491618,0.000152702
-0.0016077719,-0.0001553055,-0.0005754253
-0.0009138858,-0.0015320239,6.42037e-05
-0.0017109089,-0.0019155994,-0.0003276301
-0.0013453523,-0.0011710476,-0.0011369317
-0.0012263481,0.0005532097,-0.001100922
-0.0008321085,0.0005086221,0.0008320026
-0.0003243572,0.0001360409,-0.0014671218
-0.0001955886,-0.0013182478,0.000136223
-0.0004921837,-0.0005565939,-0.0003154235
6.86618e-05,-0.0005523183,0.0004029385
-0.0002352566,-0.0003562551,0.0002466932
-7.96358e-05,-0.0013823806,0.0013031797
0.0007717021,-0.001114855,-0.000512561
0.0002926338,-0.0009120731,0.0011652444
-0.0001968091,0.0004347167,0.0003242055
0.0010097105,-7.77353e-05,0.0007251943
0.0002694433,-0.0002896791,0.0004175865
-0.000113201,-0.000692189,0.000704443
0.0003780727,-0.0007551003,0.0008466506
-0.0002767556,-0.0016725054,0.0015637919
-0.0005928796,-0.0015998215,0.0003187125
-0.0004311559,-0.0011081363,0.0005933624
-0.0010536394,-0.0006781409,0.0014289083
-0.0011287036,-0.0014807176,0.0005842074
-0.0014033287,-0.0015521799,0.0001832186
-0.0015833607,-0.001772064,0.0018823857
-0.0017554591,-0.0013683325,0.0005048641
-0.0016694099,-0.0023999551,0.0014722419
-0.0022668721,-0.0020994469,0.0011213004
-0.0017963478,-0.0025569278,0.0011585307
-0.0025561439,-0.0016352472,0.0008674019
-0.0021478679,-0.0027181761,0.0023151118
-0.0028960687,-0.0015149218,-0.0010374474
-0.0016126541,-0.0020579132,0.0021533735
-0.0031401799,-0.0001064424,0.0003553325
-0.0019104698,-0.0024708066,0.0016553418
-0.0034617964,-0.0018252026,-0.0006627029
-0.0023156943,-0.0027945248,0.0021301809
-0.0027221395,-0.0007544895,-0.00111557
-0.0017279966,-0.0018551313,0.0021613079
-0.003348895,-0.001106304,-0.0010270717
-0.0020465618,-0.002750548,0.0004163658
-0.0031407902,-0.0007783103,-0.0013859475
-0.0022815188,-0.0014996521,0.0015241202
-0.0021582426,-0.0005150602,-0.0028647844
-0.0020764654,-0.0013188585,0.0003315295
-0.003043756,-0.0002615828,-0.0009764141
-0.0019531892,-0.0022405391,-0.0007664595
-0.0029155976,-0.0014422379,-0.0019303646
-0.0022949449,-0.0010488898,0.0009601725
-0.0023285102,-0.0007099019,-0.0012766979
-0.0023156943,-0.0025996831,-0.0003471608
-0.0024871825,-0.0022222155,-0.0011051944
-0.0020020115,-0.0008290058,-0.0007951452
-0.0015485749,0.0008079088,-0.0005827493
-0.001627911,-0.0004429871,9.411e-05
-0.0016419474,-0.0022423715,-0.0009050051
-0.0012971404,-0.0025306639,-0.0013627549
-0.0014783929,-0.0006304993,-0.0002128875
-0.0006502457,0.0003650867,0.0001502606
-0.0003939289,-0.0007801426,-0.0005888526
-0.0009572155,-0.0022124428,-0.0002818551
-0.0006380401,-0.0018380292,-0.000605942
-0.000455567,-0.0007031832,-0.000499744
-0.0007619266,-9.85021e-05,3.0025e-05
-5.7921e-06,-0.0004539813,-0.000540026
0.0003298608,-0.00114967,-0.0002879585
-6.49891e-05,-0.0010543869,-4.93183e-05
0.0002456424,-0.000961547,-0.0002470662
0.0005062311,-0.0005291084,-0.0002495075
0.0003158244,-0.0005193357,0.00075388
0.0007125051,-0.0009725412,0.0003168815
0.0003518308,-0.0014764421,0.0004615305
-0.0001888755,-0.0011527239,0.0004438308
0.000154711,-0.0006188943,0.0003705908
1.06854e-05,0.0003522602,0.0003296985
0.0003109422,0.0002325455,0.0007831759
0.0001089401,-0.0006384396,0.0003309192
0.0004805994,-0.0018416939,0.0009742102
-0.0002773658,-0.0015778331,0.0004542065
-3.81369e-05,-0.0011447837,0.0013922883
-0.0003628047,-0.0007801426,0.0010840701
-0.0005025584,-0.0016456307,0.0011835544
-0.0011354167,-0.001659068,0.0003113885
-0.0012269584,-0.001760459,0.0012293294
-0.0013233823,-0.0008900847,0.0005225638
-0.0008601813,-0.0012376236,0.0011811131
-0.0017755983,-0.0011515024,0.0005591837
-0.0011586073,-0.0020866203,0.0015216789
-0.001834185,-0.0017207577,0.0003327502
-0.0018317439,-0.002637552,0.0022101345
-0.0027862187,-0.0018881139,2.4532e-05
-0.0019660051,-0.0024219435,0.0017780187
-0.002760587,-0.0010611056,-1.45293e-05
-0.0022082854,-0.0015430181,0.0013910676
-0.0029308546,-0.000918181,-0.0002824655
-0.0020245917,-0.0020792908,0.0014472182
-0.0026476856,-0.0011783771,-0.0009312495
-0.0022394096,-0.0014104769,0.0015491439
-0.0025402767,-0.0012840436,2.33114e-05
-0.0021802126,-0.0026290009,-4.44356e-05
-0.0032488094,-0.0021874005,-0.0002299768
-0.0027221395,-0.0009774275,0.0002277729
-0.0019470864,-0.0005712528,-0.0008219998
-0.002672707,-0.000559037,-0.0009593248
-0.0018433392,-0.0005596478,-0.0005668807
-0.0019013156,-0.0006530985,-0.0011845376
-0.0022015724,-0.0006097325,-0.0005772563
-0.0019342706,-0.0008106821,-0.0003978184
-0.0019910265,-0.0018642931,-0.0001677229
-0.0022955552,-0.0016218099,-0.0013285762
-0.0021362726,-0.0012852651,-0.0002708691
-0.0019379323,-0.0003385422,-0.001197965
-0.0011201597,-0.0004875747,-0.001219937
-0.0014057698,-0.0001204905,-0.0012486226
-0.0010762197,-0.0006616496,0.0001996976
-0.0008668944,-0.0019614086,-0.0006028903
-0.0010170228,-0.0018856707,-0.001099091
-0.0010127508,-0.0006017923,5.0014e-06
-0.0010335003,-0.0001192689,0.0003943938
-0.000771691,-0.0014434595,-0.000624252
-0.0010573011,-0.0021128842,-0.0006437826
-0.0006294962,-0.0010549977,-0.0005504017
-0.0006319373,0.0007101825,-0.000523547
-0.0002663808,0.0001250467,0.000711767
0.0003634261,-0.0007367766,-0.0006108246
0.0002407602,-0.0020939498,0.000675147
-0.0002187791,-0.000362363,-0.0005870216
0.0004867022,-0.0008082389,0.0014173119
-0.0001461561,-0.0002829604,-0.0003917151
0.0009834685,-0.0016926614,0.0010614878
-7.41433e-05,-0.000304338,-0.0008043002
0.0006020448,-0.0003202185,0.0013971709
0.0005471198,-0.0001956176,-0.0003697431
0.0005141647,-0.0011637181,0.0007734106
0.0001864455,0.0001390948,-1.26983e-05
0.0003847858,-0.0006378288,0.001930602
0.0003561027,-0.0010012483,0.000141716
0.0002590685,-0.0023352114,0.0010425675
-0.0004421409,-0.0010305661,0.0004706854
-0.000117473,-0.0002640259,0.0010096095
-0.0005904384,-0.0003318235,0.000640358
-0.0007308024,-0.0015161434,0.0007624246
-0.0012477078,-0.0018221487,0.000770359
-0.0014326221,-0.0012980917,0.0011908784
-0.0012287892,-0.0011954792,0.0015167962
-0.0016938211,-0.0020121041,0.0010364641
-0.0018817867,-0.0016413551,0.0008448196
-0.0018726325,-0.0015821086,0.0013739783
-0.0023071505,-0.0015320239,0.0011011594
-0.0022107265,-0.0021764063,0.0002851442
-0.0027190881,-0.0015650065,0.0004047695
-0.002514645,-0.000891917,0.0010596568
-0.0022308657,-0.0007178422,0.0007093257
-0.0027581459,-0.0018404723,0.0009137872
-0.0032695589,-0.0015509584,-3.03979e-05
-0.0024279855,-0.0014727774,0.001241536
-0.0028454157,-0.0003049488,0.000127068
-0.0023327821,-0.001583941,0.0008863222
-0.0028240559,-0.0011600534,-0.0010685744
-0.0026031353,-0.0015314131,0.0008667916
-0.0029912721,-0.0004564245,-0.0007463186
-0.002029474,-0.0010036914,9.83823e-05
-0.0025817756,0.0001012259,-0.0015000798
-0.0021704482,-0.0006072894,0.0005384324
-0.0025707906,-8.99511e-05,-0.0015000798
-0.0019916367,-0.0018081005,9.28893e-05
-0.0024200519,-0.0006231699,-0.0015098451
-0.0019452556,-0.0006482122,0.0006543957
-0.0026360903,-0.0003758003,-0.0008342065
-0.0017261658,-0.0021880113,-1.33086e-05
-0.0025909297,-0.0013304635,-0.0019059513
-0.0018354056,-0.0006243914,0.0005170708
-0.001702365,0.0008604366,-0.0013932715
-0.0016559838,-0.0008192331,0.0005817661
-0.0015961766,-0.0016517385,-0.0005516223
-0.0011586073,-0.0023242172,-0.0006663649
-0.0020538851,-0.0003385422,-0.0002910101
-0.0009267016,4.50333e-05,0.0008832706
-0.0011598278,-0.0013048104,-0.0006901679
-0.0016511016,-0.0019724028,-0.0006212003
-0.0011702025,-0.0009023004,-0.0002421835
-0.0011659306,0.0001006151,-0.0004039217
-0.0007784041,-0.000159581,0.0002991819
-2.10491e-05,-0.0013084751,0.0001740636
7.96468e-05,-0.001835586,0.0003083369
-0.0004201709,-0.0005956844,-0.0001683332
0.0003603747,-0.0004283282,0.0014899416
0.0002554069,-0.0006512662,0.0001881013
0.000191938,-0.0009829246,0.0004865541
0.0003298608,-0.0004900179,0.0011573101
1.25162e-05,-0.0004552029,0.0009180595
0.0004513061,-0.0006079001,0.0003974455
0.0001486082,0.0001684127,0.0004621408
0.0004122483,0.0007712614,0.0017670327
0.0002505246,0.0004218901,0.0005579631
0.0001803427,-0.0011789879,0.0010376848
-0.0002444108,-0.0011692152,0.000603738
-7.47535e-05,-0.0008106821,0.0015271719
-0.0005031687,-0.000295787,0.0009241629
-0.0005599245,-0.0009328399,0.0009327075
-0.0009437894,-0.0011704368,0.0004578685
-0.0012629648,-0.0011484484,0.0012897523
-0.001131755,-0.0011515024,0.001305621
-0.0012074295,-0.0017262548,0.0008765569
-0.00173532,-0.0017647345,0.0009784825
-0.001944035,-0.0009774275,0.0011267934
-0.0018463906,-0.0009981943,0.0015296132
-0.0023102018,-0.0014532321,0.0012439774
-0.002308371,-0.0021770171,0.0008844912
-0.0029796768,-0.0011508916,0.0001130303
-0.002510373,-0.0006115649,0.0017987701
-0.0023376644,-0.000515671,0.0005146294
-0.0024023538,-0.0016370796,0.0008960876
-0.0031761863,-0.0011460053,0.0003504498
-0.0021399343,-0.0012877083,0.00134041
-0.0027441095,-0.0010299553,0.0002833132
-0.0025286814,-0.0015314131,0.0009205009
-0.0023693988,-0.0012003655,8.4955e-05
-0.0027184778,-0.0013823806,0.0004047695
-0.0029235312,-0.0007520463,-0.0007475392
-0.0026049661,-0.0006414935,-2.18533e-05
-0.0025280711,-2.45967e-05,-0.0006157073
-0.0021771612,0.0001623048,-0.0010411094
-0.0025360047,-0.000217606,-0.000578477
-0.0023712296,-0.000883366,-0.0004161284
-0.0022278143,-0.0011820418,-0.0010795604
-0.0026666042,-0.0003299912,-0.0005973973
-0.0028570109,-0.0006066786,0.000117913
-0.0021606837,-0.0015344671,-0.0012303126
-0.0024493452,-0.0020450867,-0.0009892311
-0.0028039167,1.99909e-05,-0.0013511586
-0.0009523333,0.0004231117,-8.10556e-05
-0.0018329645,-0.0002646367,-0.0011582933
-0.0022723646,-0.0020621888,0.0001740636
-0.001349014,-0.0018575744,-0.0009513904
-0.0016083821,-0.0021092195,0.0006025174
-0.0022925038,-0.0002664691,-0.0009129395
-0.0007485004,-0.0005614802,0.000143547
-0.0016395063,-0.0008039634,-0.0003941564
-0.0011049028,-0.0012339589,-0.0004680067
-0.0007137146,-0.0001907313,-0.0013304072
-0.0010695067,-0.0002298218,0.0007636453
-0.0003261881,-0.0001180474,-0.0001097412
0.0006227942,-0.0015717252,0.0007868379
-0.0009657594,-0.0014752205,-6.595e-06
-1.25052e-05,-0.0007013509,6.17623e-05
0.0005153853,2.48773e-05,0.00075388
-0.000165685,-0.0004313821,0.0006171654
0.0006356101,-0.000614008,-0.0007109192
0.0006197428,-0.0005981275,0.0006464614
-0.0001443252,-0.0001308739,0.0005652871
0.0005581048,-0.0004319929,-0.0003788981
0.0002194005,-0.0003342667,0.0010859011
2.7518e-06,-0.0007630406,0.001274494
0.0001779016,-0.0015405749,-6.94593e-05
6.2559e-05,-0.001557677,0.001276325
-0.000576402,-0.0004155016,0.0008765569
0.0002712741,-0.0004228311,0.0010511121
-0.0006331579,-0.0003409854,0.0005970244
-0.000716766,-0.0014068122,0.0016693795
-0.0014204165,-0.001372608,0.0003004025
-0.0010609628,-0.0018856707,0.0025165217
-0.0016443885,-0.0013249664,0.0011200798
-0.0010377722,-0.0020689074,0.0016828068
-0.0022394096,-0.0013719972,0.0009180595
-0.0013850204,-0.0016499062,0.0021130916
-0.0018354056,-0.0011826526,3.85697e-05
-0.00193305,-0.0021012793,0.001976377
-0.0022986066,-0.0010666027,-2.67359e-05
-0.0019116903,-0.0012266294,0.0013819126
-0.0025085422,-0.0009163486,0.0009516279
-0.0021472576,-0.0020255414,0.0010083888
-0.0028295484,-0.0017006017,4.58937e-05
-0.0026562295,-0.0014214711,0.0015589092
-0.0021686174,-0.0006934106,9.34997e-05
-0.0020062834,-0.000802131,0.0005488081
-0.0025219683,-0.000692189,0.0003919525
-0.0023480391,-0.0010269014,-6.82386e-05
-0.0024823002,-0.0013280204,0.000134392
-0.0028149018,-0.0012351804,1.9039e-05
-0.0024066258,-0.0007984663,-0.0002934515
-0.0024176108,-0.0001259876,0.0001667396
-0.002499388,-0.0007013509,0.0001118096
-0.0023211868,-0.0013121399,-0.0007615769
-0.002536615,-0.0011203521,-0.0004551897
-0.0023706194,2.8889e-06,-0.0004094147
-0.0023608549,-0.0003257156,-6.03043e-05
-0.0023901483,-0.0011832634,-0.0004661757
-0.0022656516,-0.0021318187,-0.0002049532
-0.002595812,-0.0011991439,-0.0006767406
-0.0016993136,-0.0005584262,0.0003315295
-0.0015296563,-0.000307392,-0.0003007755
-0.0017475255,-0.0011649397,1.9039e-05
-0.0012361126,-0.0017971063,0.0002167869
-0.0009749136,-0.0016132588,-0.0002794138
-0.0012690676,-0.0009755951,-9.44829e-05
-0.0011824081,-0.0001583594,7.4427e-06
-0.0007954918,-0.0011569995,0.0007874483
-0.0010536394,-0.0019149886,-0.0002049532
-0.0008052563,-0.0017543511,-0.0002012912
-0.0006038646,-0.0002127197,0.0003657082
-0.0001406636,-0.0001186582,0.0006904053
0.0002724947,-0.000260972,-0.0004319971
0.0002676124,-0.0010415603,0.0005793247
0.000132741,-0.0001925636,-0.0001140136
0.0007076229,-0.0007581542,0.0008307819
-1.18949e-05,-0.0006579848,0.0006446304
0.0004421519,-0.0015796654,0.0011328968
0.0003664775,-0.0009175702,-0.0006193693
0.000132741,-0.0004283282,0.001265339
0.0002950749,0.0003937938,0.0002210593
0.0009486827,-0.0004252742,0.0005597941
0.0001248074,0.0001885687,5.0014e-06
0.0004043147,4.80872e-05,0.0016120082
0.0006954173,-0.0005486536,0.0005372117
0.0001077196,-0.0012290726,0.0007850069
-0.000231595,-0.0006335533,0.001301959
4.11993e-05,-0.0003049488,0.0011353381
-0.0003359525,-0.0008595452,0.0010620981
-0.0008632327,-0.0007746455,0.0008368852
-0.0005086612,-0.0006769193,0.0015759985
-0.0006551279,-0.0005168926,0.0011805027
-0.0004909631,-0.0011893713,0.0018836063
-0.0012098706,-0.0016963261,0.00130379
-0.0012885965,-0.0018416939,0.0017816807
-0.0015028041,-0.0014336869,0.0010065578
-0.0016834463,-0.001213192,0.0016907411
-0.0018006197,-0.0011936468,0.000651344
-0.0021625146,-0.0009639901,0.0005640664
-0.0018457803,-0.0007996879,0.0010517225
-0.0017658339,-0.0003935132,0.0001612466
-0.0021295596,-0.0011563887,0.0010474501
-0.0025195272,-0.0006579848,4.95557e-05
-0.0015827505,-0.0015937136,0.0012714423
-0.0022479535,-0.0010452251,-5.78629e-05
-0.0021490885,-0.0016560141,0.0008509229
-0.0024420219,-0.0007434953,-0.0007743939
-0.0020239815,-0.000938337,0.000651344
-0.0026251053,-0.0003403746,-0.0010984807
-0.0017139602,-0.0005816362,-1.69706e-05
-0.0018524933,0.0001763529,-0.0008421408
-0.0019190136,-0.000492461,0.0003211539
-0.0021857051,-0.0006225591,-0.0007219052
-0.0019324398,-0.0014752205,9.0448e-05
-0.0021930285,-0.0010189611,-0.00051073
-0.0020929429,-0.0004106153,-9.63139e-05
-0.002161294,-0.0006579848,-8.04452e-05
-0.0017810908,-0.0019259828,-0.0004008701
-0.0022156088,-0.0012467854,-0.001691114
-0.0018073328,0.0003473739,-0.0005296503
-0.0007472799,0.0001904011,0.0002045803
-0.0014210268,-0.001239456,-0.0008232205
-0.0016742922,-0.0025929644,-0.0002629348
-0.0011482325,-0.0020737937,-0.0003459401
-0.0011036822,-0.0010940882,-9.63139e-05
-0.0011116159,-0.0001241553,-0.0005095093
-0.000701509,-0.0008845876,-1.88016e-05
-0.0009926116,-0.0013023672,-0.0011875893
-9.42824e-05,-0.0011912036,-0.0004234524
-0.0006368196,-1.05485e-05,-0.0006181486
0.0001388438,-0.0002823496,0.000697119
0.0002590685,-0.0004967365,-0.0007029849
0.0004403211,-0.0014190279,0.0009211112
0.0005001283,-0.0014281898,0.0003687598
0.0009535649,-0.0014972089,0.0002723272
0.0002547966,-4.84174e-05,-0.0003251888
0.000923051,0.000248426,0.0011310658
0.0011024727,-0.0003959564,5.68797e-05
0.0008046571,-0.0013952072,-0.0001433095
0.0004293361,-0.0010720998,0.0002442519
0.0007216593,-2.52074e-05,0.0004328448
0.0011824191,-5.75793e-05,0.0009656655
0.0004867022,-0.0008198439,0.0002448622
0.0006478156,-0.0009591038,0.0002875855
0.0010335113,-0.0012138028,0.0011975921
0.0004592397,-0.0019644625,0.0008789982
0.0001113813,-0.0019155994,-0.0001036379
2.71629e-05,-0.0005743068,0.00073557
-0.0001211347,-0.0005352163,0.0013373583
-0.0005092715,-0.0010965313,-6.57973e-05
-0.0001815522,-0.0025062324,0.0015558575
-0.0009370763,-0.0014892687,0.0004096521
-0.0005464984,-0.0013561167,0.0012372637
-0.0013911232,-0.0003849622,0.0007294666
-0.0001199141,-0.0017616806,0.0016358111
-0.0015546777,-0.0012614444,-0.0005394157
-0.0010463161,-0.0017335843,0.0021503219
-0.0017908553,-0.0007526571,-0.0004673964
-0.0012751704,-0.0017659561,0.0009052425
-0.0019299987,-0.0002585288,-0.0004808237
-0.0007198174,-0.0015222513,0.0021429979
-0.00252563,-0.0008290058,-0.0011717207
-0.0012287892,-0.0024457642,0.0014167016
-0.0018708017,-0.0008430539,-0.0008384788
-0.0013813587,-0.000680584,0.0008490919
-0.0019971292,0.0002478152,-0.0006645339
-0.0014863265,-0.0018361968,0.0008600779
-0.0026971181,-0.0014587292,-0.0022495687
-0.0021698379,-0.0007459385,0.0001154716
-0.0018653092,0.0009050242,-0.0003624191
-0.0014564229,-5.75793e-05,-0.0003221371
-0.0019354912,-0.0006927998,-0.0014817698
-0.002165566,-0.0014898795,9.28893e-05
-0.0017322686,-0.0011563887,-0.0008219998
-0.0018952128,-0.0008271734,-0.000457631
-0.0021509193,-0.0006561525,-7.67833e-05
-0.0019452556,-0.000993308,-0.0009709211
-0.0016712408,-0.0013182478,-0.000587632
-0.0021667865,-0.000883366,-0.0007573045
-0.0008833719,-0.000535827,-0.0007554735
-0.001131755,0.0003559249,-0.001106415
-0.0012110912,-0.0005975167,0.0008777776
-0.0008546888,-0.0018429155,-0.0009526111
-0.0007466696,-0.0025495984,-0.0004405417
-0.0013691532,-0.000825341,-0.0001042482
-0.0008174619,6.0303e-05,-0.0003489918
-0.0004769267,-0.0004778021,-0.0003538744
-0.000389657,-0.0018435263,4.40627e-05
-6.13274e-05,-0.0012870975,-0.0015177795
-9.91647e-05,-9.3269e-06,0.0001063166
0.0002694433,0.0005660363,0.0007605936
0.0010426655,-0.0012461747,-6.15249e-05
0.0005001283,-0.0018807844,-0.0003666914
0.000235878,-0.0006708114,0.0005451461
0.0008803315,0.0002533123,0.0003535015
0.0007894001,-0.0006958538,0.0005561321
0.0005123339,-0.0008797013,-5.84733e-05
0.0013429223,-0.0003415961,0.0004304035
0.0005568842,0.0002270484,0.000678809
0.0011055241,-0.0004912394,0.0009351489
0.0014271406,-0.0009297859,0.0002961302
0.0008492074,-0.0006384396,0.0015106929
0.0003853961,-9.9377e-06,0.0012372637
0.0013136289,-0.0013316851,0.0011914887
0.0001528802,-0.001635858,0.0004468825
0.000444593,-0.0009248996,0.0011591411
0.0002218416,0.0004805259,0.0004505445
0.0001687474,-0.0006353857,0.0016834171
-0.0001736186,-0.0013237449,-6.94593e-05
8.75804e-05,-0.0021886221,0.0014405046
-0.0013099562,-0.0006555417,0.0011292348
3.57068e-05,-0.0012125813,0.0021350635
-0.0013252132,-0.0017592374,0.0005366014
-0.0011348064,-0.0021348726,0.0014813969
-0.0011213803,-0.0012009763,0.0003162712
-0.0012751704,-0.0016639543,0.0024280234
-0.0014246885,-0.0015112571,-0.0004088044
-0.001316059,-0.0014513998,0.0004499341
-0.0018256411,7.1908e-05,0.0013343066
-0.0011061234,-0.0005309407,0.0014124293
-0.0015540674,-0.0022625275,0.0004004972
-0.0024810797,-0.0017977171,0.0003901215
-0.0011994959,-0.0006873027,0.0012012541
-0.0018476111,-0.0002310433,0.0009363695
-0.0017835319,-0.0008668747,0.0002064113
-0.0015534571,-0.0010336201,-0.0006199796
-0.0020007909,-0.0009633793,0.0005878694
-0.0020850093,-9.91129e-05,-0.0006871163
-0.001408211,-0.0006414935,0.0003870698
-0.0017707161,-0.0005211681,-0.0002806345
-0.0016053308,-0.0011447837,1.59874e-05
-0.0022046238,-0.0007593758,-0.0004014804
-0.0017115191,-0.0014630047,0.000673316
-0.0017865833,-0.0007886937,-0.0016496114
-0.0020538851,-0.0002188276,0.000161857
-0.002025202,-0.0001870665,-0.0004619034
-0.0017157911,-0.0015711144,-0.0009013431
-0.0022809085,-0.0012156352,-0.0010203581
-0.001458864,-0.0005443781,5.26073e-05
-0.0010072583,-0.0003110567,-0.0007823282
-0.0016205877,-0.0011166874,0.0002656136
-0.0013264337,-0.0024799684,0.0003260365
-0.0013343673,-0.0022307665,-0.0014140229
-0.0012324509,-0.0008583236,0.0001942046
-0.0008192927,0.0002661389,-0.0001036379
-0.0006325476,-0.0005785823,-0.0006126556
-0.0007600957,-0.001262666,-0.0003624191
-0.0003017769,-0.0012571689,-0.0003666914
-0.0003829439,-0.0004124477,-0.0007627975
-0.0001650747,0.0002404858,0.0005054744
0.0005404067,-0.0002554749,0.0004560375
0.0005544431,-0.0009835354,-0.0003770671
0.0006063167,-0.0005883549,-0.0002183805
0.0007735329,2.06017e-05,0.0003461775
0.0008009954,0.0002887381,9.53307e-05
0.000949293,-0.0003287696,0.0003541118
0.0010512094,-0.0009920864,0.0003876802
0.0002017024,-0.0005132279,-0.0002977238
0.0009730938,-0.0002334865,0.0011176384
0.0010335113,-0.0002884575,0.000708105
0.0008992502,-0.0001901205,0.0001374436
0.0006105887,-0.0001589702,0.0008930359
0.0007106743,-0.0006537093,0.0011420517
0.0004604603,-0.0010659919,0.0001191336
5.64562e-05,-0.000582247,0.0011054318
0.0002438116,-0.0002854036,0.0009949615
-0.0003243572,-0.0003183862,0.0003431259
-0.0004030831,-0.001106304,0.0014051053
-0.0008675047,-0.0011545563,0.0007270253
-0.0006667232,-0.0013854345,0.0008716742
-0.000705781,-0.0006304993,0.0011341174
-0.000705781,-0.0014837716,0.0014124293
-0.0013392495,-0.0011643289,-9.32622e-05
-0.000841873,-0.001025069,0.0014868899
-0.0015638319,-0.0002298218,0.0007477766
-0.0011903417,-0.0018135976,0.0011286244
-0.0020136067,-0.0007294472,-0.001066133
-0.0013111768,-0.000617062,0.0015601299
-0.0018256411,0.0010497812,-0.0004716687
-0.0009639286,-0.0010812616,0.0014496596
-0.0023681783,-0.0007227285,-0.0010252407
-0.0011018514,-0.0016511278,0.001250691
-0.0020856195,0.0002075032,-0.0003251888
-0.0014973115,-0.0008595452,0.001283649
-0.002069142,-9.66698e-05,-0.0016569354
-0.0016486605,-0.0010488898,0.0010053372
-0.0020728037,0.0003968478,-0.001154021
-0.0012312303,-0.0011270708,0.0003742528
-0.0016864977,5.66383e-05,-0.0013999852
-0.0009071727,-0.0001785155,0.000141716
-0.0019873648,0.0010687157,-0.0015031315
-0.0012532003,-0.0002402052,0.0002259419
-0.0014936499,-0.0008155684,-0.0010142547
-0.0016706305,-0.0013335175,-0.0002427938
-0.0024145594,-0.0006903567,-0.0003624191
-0.0018091636,-0.0015411857,0.0005762731
-0.0019245062,-0.0015650065,-0.001062471
-0.0019098595,-0.0010293446,-0.0006230313
-0.0013496243,0.0007773693,-0.0006425619
-0.0012544209,0.0001800177,0.0002735479
-0.0015760374,-0.0022014486,0.0004401688
-0.0013953951,-0.0031732139,-0.0011967443
-0.0015681038,-0.001580887,8.6786e-05
-0.0010890356,0.0001757421,0.000645851
-0.0007546032,-0.0006567633,-0.0005211057
-0.0007008988,-0.0019449173,-0.0003825601
-0.0006709951,-0.0016309717,-0.0008390892
-0.0004854706,-5.57469e-05,-0.0007505909
-9.24516e-05,0.0006961344,0.0006196067
0.000519047,-0.0006537093,0.0005109674
0.0004030941,-0.0015344671,-0.0003068788
0.0001113813,-0.0014031474,0.0010480605
0.0002493041,-0.0014019258,0.0008716742
0.0003707494,-0.000906576,-0.000508899
0.0002981263,-6.1244e-05,0.0011097041
0.0006691754,0.0004786935,0.0007093257
0.0007643787,-0.0004735266,-0.0001164549
0.0003121627,-0.0011808202,0.0005097468
0.0005233189,-0.0006323317,0.0005433151
0.0003982119,0.0004799151,0.0004780094
0.0001821735,5.60275e-05,0.0018067044
-3.14238e-05,-0.001106304,0.0002350969
0.0003115524,-0.0018636823,0.0001038753
-0.0007674191,-0.0006182836,0.0010559948
-0.0002730939,0.0003913507,0.0008155236
7.0237e-06,-0.0001650781,7.2138e-05
-0.0007131043,-0.0008345029,0.0006379167
-0.0008723869,-0.0008839768,0.0007831759
-0.0006349887,-0.0013267988,0.0011756201
-0.0008034255,-0.0019235397,0.0011866061
-0.001175695,-0.0014953766,0.0001246266
-0.0011811875,-0.0004222203,0.0012409257
-0.0007899993,-0.0009029112,0.0015741675
-0.0013343673,-0.0015448505,-0.0001536852
-0.0012837142,-0.0017586266,0.0007477766
-0.0017206733,-0.0007526571,0.0003193229
-0.0013368084,-0.0001577487,0.0008069789
-0.0012184145,0.0001763529,0.000600076
-0.0010798814,-0.0014434595,0.0014759039
-0.0022296452,-0.0009975835,-0.0008653335
-0.0011628792,-0.0004570353,0.0012152917
-0.0013349776,0.0001684127,0.0007898896
-0.0011915623,-0.0004582568,2.56e-06
-0.0010988,-0.0004967365,-0.0003319024
-0.0015980074,-0.0007172314,0.0009882478
-0.0018024506,-0.0004778021,-0.0007725629
-0.0013654915,-0.0007025724,0.0002479139
-0.0019190136,-0.0002066118,0.0003461775
-0.001627911,0.0001348193,-0.000507068
-0.0014606949,-0.0007141774,0.0001716223
-0.0023120327,-0.0012822112,-0.0002928411
-0.0017475255,-0.0008968033,-0.0007774455
-0.0019019259,0.000341266,-0.0002202115
-0.002102097,0.0001048906,0.0003174919
-0.0020062834,-0.0011863173,-0.0006370689
-0.0020367973,-0.002272911,-3.16186e-05
-0.0026043558,-0.00141292,-0.0005973973
-0.0015211124,-0.0002304325,2.02597e-05
-0.0009437894,-0.0002151628,0.0005469771
-0.0016773436,-0.0019846186,0.0004603098
-0.0012165837,-0.002614342,-0.0008573992
-0.0011750848,-0.0016334149,0.000152702
-0.0010292283,-0.0002353189,0.0004780094
-0.0007289715,0.0002111679,-0.000563829
-0.0004366484,-0.0010311769,0.0009717688
-0.0007692499,-0.0017561835,-9.50932e-05
-0.0004488539,-0.0013530627,-0.0010960394
-0.0007918302,0.0004548727,0.0005543011
0.0001376232,0.0003852428,0.0012885317
0.000644154,-0.0005889657,-0.0005424673
0.0001193149,-0.0016981585,0.0012592357
-0.0003267983,-0.0011227953,0.0002350969
0.0004915845,-0.0009187917,0.0005207328
3.3876e-05,-0.0001785155,0.00134041
0.0003817344,-0.0009633793,0.001378861
0.0001071093,-0.0011460053,-0.0006407309
-0.0001864344,-0.0010892019,0.0013690956
0.000191938,6.45785e-05,7.82413e-05
0.0004067558,0.0004310519,0.0003467879
0.0001510493,0.0008769279,0.0013953399
9.5514e-05,-0.0003562551,0.000686133
0.0004403211,-0.0015717252,5.6117e-06
-0.0002151175,-0.0016321933,0.0012513014
-0.0001431047,-2.76506e-05,0.0004310138
0.0001553213,0.0007193444,0.0005738317
2.83835e-05,0.0001769637,0.0010743048
-4.36294e-05,-0.0015918812,0.0002906372
-0.0004091859,-0.0017354166,0.0002802616
-0.0002767556,-0.0009175702,0.0013861849
7.72057e-05,0.0002679713,0.0004517651
-4.42396e-05,-0.0004576461,0.0014405046
-0.0006130187,-0.000883366,0.000720922
-0.0004171195,-0.00141292,0.0005970244
-0.0013313159,-0.0004332145,0.0004194175
-0.000657569,-0.0003770219,0.0009333179
-0.0012178042,-8.7161e-06,-0.0002220425
-0.0008296674,-1.90995e-05,0.0007489973
-0.0011262625,0.0001763529,6.8476e-05
-0.0012171939,-0.0009041328,0.0008075893
-0.0014905985,-0.0007825858,-1.81913e-05
-0.0007198174,-0.0010659919,0.0008820499
-0.0019959087,0.0002264376,-1.51396e-05
-0.0009047316,-0.0007007401,0.0010450088
-0.0015809196,-0.001494155,-0.0003972081
-0.0020154376,-0.0016004323,-0.0002318078
-0.00175729,0.0001195496,-0.0006700269
-0.0010359414,0.0002875165,0.000611062
-0.0013538962,0.000650936,-0.001212613
-0.0009694211,-0.0008345029,0.0003071162
-0.0018756839,-0.000449095,-0.0006010593
-0.0014277399,-0.0006647035,-0.0001152342
-0.0016193671,0.0001158848,-0.0005314813
-0.0018726325,0.0003253854,5.6117e-06
-0.0016309624,-1.42132e-05,-0.0007060366
-0.0012336715,-0.001282822,0.0003400742
-0.0019306089,-0.0012583904,-0.0008598405
-0.0010695067,-0.0005437673,-0.0005412467
-0.0005648068,0.0004053988,0.0002765996
-0.0013319262,0.0002093355,-0.0001237789
-0.000694796,-0.0017745071,0.0004310138
-0.0012855451,-0.0024653095,-0.0008665542
-0.0012257378,-0.0012486178,-6.51869e-05
-0.0008864233,0.0005648147,-4.26046e-05
-0.000341445,-0.0003684709,0.000633034
-0.0006520765,-0.001372608,-0.0007969762
-0.0004378689,-0.0015588986,1.11047e-05
-0.0008736074,-5.51361e-05,-0.0001298822
-0.0001675158,-0.0001296524,0.0009314869
0.0001272485,-0.0004081721,7.70207e-05
-0.0003036078,-0.0012681631,0.0008112513
-0.0003884364,-0.0007392198,-0.0001494129
0.0002767666,-0.0007551003,0.0005250051
1.55676e-05,-0.000171186,0.0003864595
0.0004799892,-0.0007667053,0.0008808292
0.0005275909,-0.0008845876,7.7631e-05
7.0237e-06,-0.0010336201,0.0004554271
0.0004653425,-0.0006671467,0.0003449569
0.0003805139,-0.0002169952,0.0001704016
0.0002047538,0.000540994,0.0004371171
0.0002615096,0.0003443199,0.0005695594
0.0007668198,-0.0008345029,0.000152702
0.0001974305,-0.0009316183,-0.000543688
0.0003890577,2.2781e-06,0.0007239736
0.0005458992,0.0008439453,0.0002625619
0.0004043147,1.20507e-05,0.0004596995
-0.0001052674,-0.0007795319,6.23727e-05
-0.0003188647,-0.0012559473,0.0007929413
-0.0003579225,-0.0009096299,0.0004804508
-0.0001522588,-0.0006506554,0.0006720953
-0.0003518197,-0.000781975,0.0004481031
-0.0006874726,-0.0007483816,0.0005158501
-0.0002346464,-0.0011777663,0.0007258046
-0.0009993247,-0.0009780383,2.69734e-05
-0.000712494,-0.0012144136,0.000741063
-0.0013392495,-0.0002921222,-0.0001433095
-0.000870556,-0.0007227285,0.0013336963
-0.0013081254,-0.0003965672,-0.0005229367
-0.0009004597,-0.0009707088,0.0009125665
-0.0014771724,-3.219e-06,-0.0001994602
-0.0005336826,-0.0006598172,0.0005524701
-0.000797933,0.0001109985,-0.0005809183
-0.0006117982,-0.0007868613,0.0008686226
-0.0010554703,-0.0001430897,-0.0012168853
-0.0010212947,-0.0008057958,0.0005695594
-0.0013020226,-0.0007147882,-0.0001817605
-0.0011238214,-0.0011588318,-0.0003923254
-0.001245877,-0.0003971779,-0.0003770671
-0.0011177186,-0.0005724744,0.0003376329
-0.0012818834,-0.0007520463,-0.0008964605
-0.0014393351,-0.0008180116,-0.0003776774
-0.0011116159,-0.0001876773,-9.0363e-06
-0.0012312303,-6.8838e-06,-0.0001018069
-0.0014484893,-0.0006598172,-4.32149e-05
-0.0014802238,-0.0018459694,0.0002039699
-0.0015973971,-0.0018795628,-0.0004100251
-0.0017865833,-0.0007691484,-0.0002818551
-0.0007753527,0.0001928442,0.0001038753
-0.0008662841,-0.0001846234,-0.0004930304
-0.0013154487,-0.0017482432,0.0004743474
-0.0008388216,-0.0021128842,-0.0007151916
-0.0009700314,-0.001450789,-0.000587632
-0.0010695067,-2.21535e-05,0.0005579631
-6.19377e-05,-0.0005944628,0.0004902161
-0.0004805884,-0.0021415913,-0.0003135925
-0.000940738,-0.0017909984,-0.000470448
-6.80405e-05,-0.0006524877,-0.0004191801
-0.0001339505,0.0004518188,0.0005463667
0.0003976016,0.0003357689,-4.99286e-05
0.0008498176,-0.000336099,-4.99286e-05
0.0004311669,-0.0008662639,0.0008735052
0.0002602891,-0.0006585956,-5.29803e-05
0.0007936721,-0.0005150602,0.000649513
0.000121756,0.000352871,0.000744725
0.0010676869,-0.0006311101,0.0011005491
0.0004793789,-0.0010611056,-0.0001988499
0.0001223663,-0.0013396254,0.0007752416
0.0007204387,0.0001531429,-0.0004570207
0.0008583615,0.0007388896,0.0009937408
0.0004281155,0.0009911455,0.0001850496
0.0010304599,-0.0008729826,0.0004950988
0.0007405779,-0.0015479044,6.42037e-05
0.000301788,-0.0010183504,0.0004120935
0.0006209634,0.0001604724,0.0003876802
0.0005758028,0.0002459829,0.000600076
0.0004293361,-0.0006989077,0.0003956145
1.73984e-05,-0.0011649397,9.71617e-05
-8.26871e-05,-0.0014739989,0.0008930359
-0.0001797213,-0.0006482122,0.000119744
0.000209636,-9.05619e-05,0.0009485762
-0.0006337682,0.0002459829,0.0005213431
0.0001138224,-0.0011649397,0.0013105037
-0.0008009844,-0.0013988719,-0.0003972081
-0.0007094427,-0.0015943244,0.0014130396
-0.0006807596,-0.0004234419,4.58937e-05
-0.0007204277,-3.49801e-05,0.000684302
-0.0006050851,9.14533e-05,0.0006653817
-0.0004488539,-0.0007691484,7.3969e-05
-0.0009865089,-0.0007893045,-0.0001976292
-0.0010121405,-0.0003867945,0.0009107355
-0.0001077085,-0.0007575435,0.0003187125
-0.0007582649,-0.0004533705,-0.0002769725
-0.0004842501,-0.0001870665,0.0006135034
-0.0007594854,-0.0001333171,-2.85669e-05
-0.0005959309,-0.0014581184,0.0002210593
-0.0011512839,-0.0007398306,-0.0008573992
-0.0006081365,0.0002026169,0.0002430312
-0.0009505025,0.0008433345,-0.0003947667
-0.0005818945,-0.0002395944,0.0001093683
-0.0013410804,-0.000903522,-0.0005412467
-0.0014130932,-0.0007215069,-0.0002598832
-0.0009901705,0.0001928442,-0.0001561265
-0.0014448276,2.12125e-05,0.000686133
-0.0012776115,-0.0014141416,0.0004468825
-0.0009987144,-0.0024830224,-7.31213e-05
-0.0016926005,-0.0006934106,-0.0006157073
-0.0008601813,0.0002404858,0.0010395158
-0.0003036078,-6.24656e-05,0.0001826083
-0.0010621833,-0.0013701648,7.15277e-05
-0.0009584361,-0.0015442397,0.000134392
-0.0005440573,-0.0012034194,0.0003565532
-0.0006044748,-0.0007465492,6.17623e-05
-0.0003243572,-0.0002970085,0.0002704962
-2.34902e-05,-8.68971e-05,-0.0001011966
-0.0002907919,-0.0011453945,0.0003004025
-3.87471e-05,-0.0017909984,-0.0007267879
-0.0002688219,-0.0008705394,-0.0007603562
0.0001431157,0.0005800845,0.0008631296
0.0007723123,0.0005709226,0.0001002133
0.0007686507,-0.0016028754,0.0005829867
4.97432e-05,-0.0017341951,-0.0007127502
0.0007930618,-0.0007825858,0.0004169761
0.0007491218,0.0007205659,0.0006006864
0.0009029118,9.2064e-05,0.000726415
0.0009096249,-0.0002921222,-0.0006553789
0.0003182655,-0.0004185556,0.000709936
0.0007125051,-0.0003196077,0.0005048641
0.0007088434,-0.0004295498,-6.88489e-05
0.0004867022,0.0002294916,0.0004505445
0.000688094,0.0008103519,0.000671485
0.0013850314,-0.0002121089,0.0009107355
0.0006002139,-0.0016199775,0.0002412002
0.0005245395,-0.0013591706,0.0003083369
0.0006649034,0.0004359383,0.0001905426
0.0002633405,0.0004115067,0.0011554791
0.0003353533,-0.0007105127,3.49077e-05
5.64562e-05,-0.0018679579,0.0003181022
-0.0005361237,-0.0009737628,0.0005408737
0.0001412849,-0.0001559163,0.0005518597
-1.25052e-05,-0.0004252742,0.0004273518
-0.0006221729,-0.0007404414,0.0006281514
-0.0001968091,-0.0004674187,1.78184e-05
-0.0004915734,-0.0006201159,0.0008411576
-0.0009767444,-0.0009755951,0.0003443465
-0.0006856418,-0.0007337227,-0.0002287562
-0.0006392607,-0.0002011147,0.000759373
-0.0005971515,0.0002710252,-6.27456e-05
-0.0001101497,-0.0004979581,1.11047e-05
-0.0008784897,-0.0003434285,0.0001673499
1.00751e-05,-0.0006317209,0.0002674446
-0.0006197318,0.0006246721,-0.0005864113
-0.0002834686,0.0003565357,0.0011206901
-0.0005275798,2.5488e-05,-0.0009843484
-0.0009083933,-0.0010928666,0.0003199332
-0.0013947848,-0.0001351495,-0.0004173491
-0.0006435326,-0.0004845208,8.1293e-05
-0.0013044637,0.0005794737,-0.0009690901
-0.0006819801,0.000540994,0.0002888062
-0.0010164125,-2.21535e-05,-0.0006230313
-0.0012763909,-0.0009114623,-0.0003465504
-0.0010158022,-0.0005150602,-0.000613266
-0.0013368084,-0.0002420375,0.0005610147
-0.0015235535,-0.0003513688,0.0003174919
-0.0006343785,-0.0019082699,0.0004243001
-0.0019397631,-0.0015918812,-0.0007957555
-0.0013532859,-7.2849e-05,-2.3226e-06
-5.52246e-05,0.0003321041,0.0008905946
-0.00112077,-0.0002340973,-0.0002238735
-0.0008107488,-0.0011973115,9.65513e-05
-0.0004854706,-0.0009951404,6.90863e-05
-0.0007448388,-0.0005376594,0.0003364122
-0.0003322908,0.0004072312,-0.0006236416
8.63599e-05,-0.0002371512,0.0010358538
-0.0005684684,-0.0008222871,-0.0001121826
0.0002169594,-0.0016364688,-0.0005424673
-0.0003493786,-0.0007477708,-0.0004014804
-2.41005e-05,0.0004762503,0.0004004972
0.0008974193,0.0007089609,-0.0003941564
0.0001779016,-0.0004607,0.0004761784
-0.0002566164,-0.0013665001,-0.0002733105
0.0006362203,-0.0012657199,-0.0002885688
-0.0001302888,-2.33751e-05,0.0007166496
0.0003451177,0.000486023,0.0007874483
0.0011885219,-0.0004887963,0.0004432205
-0.0002724836,-0.0008100713,-4.56563e-05
0.000286531,-0.0006818056,0.0007544903
0.0007527834,6.64109e-05,0.0004963194
0.0003371841,0.000436549,0.0004285725
0.0001736296,0.000925791,0.000160026
0.0007137256,-4.9639e-05,0.001203085
0.0007881796,-0.0018221487,0.0005628457
0.000486092,-0.002026763,0.0001514813
0.0003622055,0.0001665803,0.0003547222
0.0006502567,0.0007437759,0.0016089565
0.0003280299,-0.000202947,0.0001575846
8.08674e-05,-0.0013561167,-4.26046e-05
-0.0003292395,-0.0008387784,0.0004200278
-8.63488e-05,0.0001048906,0.0006354754
4.24198e-05,-0.0004087829,0.0006159447
-0.0004244428,-0.0006793625,0.0003748632
-2.1304e-06,-0.0005901873,0.000676978
-0.0004921837,-3.43693e-05,0.0007050533
-0.0001553102,-0.0011863173,0.0014649179
-0.0006410915,-0.0006714222,-0.0006199796
-0.0001449355,-0.0003299912,0.0015991912
-0.001081102,0.0009642707,-8.53279e-05
-0.0001638541,-0.0004949042,0.0011103144
-0.001153725,-0.0006414935,-0.0002977238
-0.0007491107,-0.0011551671,0.0009418625
-0.0009096138,0.0004817474,-0.0005156127
-0.0003505992,-0.00017424,0.0015216789
-0.0009468408,-8.93403e-05,-0.0006559893
-0.0004781473,-0.0008033526,0.0005024228
-0.0012800526,-0.0002340973,0.0002216696
-0.0010841533,-0.0006964646,0.0001978666
-0.0008247852,-0.0001992823,-0.0007304499
-0.0008766588,-1.05485e-05,0.0004243001
-0.0011323653,2.42665e-05,-0.0002922308
-0.0011451811,-0.0006451583,-0.0005827493
-0.0011354167,-0.0005730852,-0.0002232632
-0.0009254811,0.0001195496,-0.0004344384
-0.0009938322,0.0005923002,6.60347e-05
-0.0010688964,-0.0005394918,0.0007795139
-0.0008650635,-0.0017641237,-0.0004954717
-0.001562001,-0.0010720998,-0.0007493702
-0.001043875,0.0003895183,0.0008429886
-0.0005129331,0.0004725856,0.0001099786
-0.0010890356,-0.0009627686,0.0003376329
-0.0008565196,-0.0019711812,0.0002460829
-0.0005873871,-0.0013103075,-0.0008610612
-0.0008693355,0.0005965758,0.0002637826
-0.0002541753,0.0010094691,0.0011835544
6.80515e-05,-0.001146616,0.0004609201
-0.0010194639,-0.002304672,-0.0003685224
-0.0006404812,-0.001757405,0.0002973509
-0.0005251387,-0.0004625324,0.000719091
-0.0003152031,-8.93403e-05,0.0005768834
-3.02032e-05,0.0002667497,-0.0006968816
-0.0001363916,-0.0002127197,0.0005622354
-0.0003646356,-0.0002701338,-7.92246e-05
0.0009065735,-0.0010171288,0.0001704016
-1.92182e-05,-0.0003910701,0.0001978666
0.0001760707,0.0001531429,0.0009699378
0.0006050962,1.57154e-05,0.0002082423
-0.0002627192,-0.0015246944,0.0010865114
-0.000102216,-0.0014550645,-0.0001903052
0.000235878,7.31296e-05,-2.91773e-05
-0.0003792823,0.0015341369,0.0006446304
-7.23124e-05,0.0005721442,0.0004450515
0.0009511238,-0.0007948016,-6.94593e-05
-0.0003609739,-0.0011863173,0.0005274464
-0.000161413,-0.0005425457,0.0008863222
0.0002407602,-0.0001834018,0.0003663185
-0.0003029975,-0.000593852,0.0006666023
-0.0007582649,-0.0003067812,-0.0001957982
-0.0003603636,-8.75079e-05,0.0002900269
-0.0008296674,-0.0001766831,0.0001765049
-0.0004915734,-0.0004991797,-0.0004747204
-0.0003701281,1.38831e-05,-0.0001555162
-0.0008437038,0.0002105571,0.0008820499
-0.0002688219,-0.000449095,-0.0004313867
-0.0007948816,-0.0008839768,1.41564e-05
-0.0008040357,-0.0001974499,0.0005469771
-0.0010225153,4.93088e-05,-0.0001640609
-0.0011152775,-0.0003122783,0.0005658974
-0.0008076974,-0.0001424789,-0.0005504017
-0.0007887788,-0.0003550335,-0.0002989445
-0.00169138,0.0006924696,1.1715e-05
-7.3533e-05,-0.0001614134,0.0007306873
-0.0008882541,-0.0001907313,-0.0010893257
-0.0011903417,-4.84174e-05,0.0004651925
-0.0006722157,0.0006094023,-0.0001280512
-0.0008424833,-0.0001907313,0.0002997922
-0.0017884142,-0.0001412573,-0.0010166961
-0.0008144105,0.0001794069,-0.0003776774
-0.0010695067,0.0009648815,-0.0005888526
-0.0012464873,0.0004218901,-0.0004802134
-0.0007131043,-0.0005749175,-0.0007945349
-0.0018018403,-0.0006109541,-0.0010636917
-0.0013764765,0.0002111679,-0.0006285243
-0.0012055987,0.000503125,-0.0003758464
-0.0014417763,-0.0004686403,8.25137e-05
-0.0016840566,-0.0012541149,-0.000470448
-0.0013453523,-0.0016688406,-0.0001616195
-0.0019586817,-0.0006341641,-0.0008049105
-0.0010231255,0.0004011233,-7.49523e-05
-0.0005306312,0.0005623716,0.000108758
-0.0015314871,-0.0008277842,0.0001575846
-0.0013398598,-0.001795274,-0.0003880531
-0.0011586073,-0.0015204189,-8.04452e-05
-0.0012367228,-0.0003232725,0.0001972563
-0.00101092,0.0005202271,0.0001899323
-0.0006667232,-0.0006683683,0.0009131769
-0.0016065513,-0.0020402004,-0.0001536852
-0.0008351599,-0.0019327015,-0.0004643447
-0.0010725581,-0.0001601918,0.0001905426
-0.000962708,0.0004322735,0.0010254781
-0.0004439717,9.6075e-06,-0.0007731732
-0.0007521621,-0.000993308,0.0001264576
-0.001267847,-0.0004594784,-0.0002458455
-0.0001400533,-0.0003635845,0.0003547222
-0.0003658561,0.0001140525,-4.01633e-05
-0.0005812843,-3.92556e-05,0.0002704962
-0.0002419697,0.0002771331,-0.0006639236
-0.0006734362,-0.000394124,0.0005738317
-0.0007710807,-0.0005248328,-0.0005259883
-0.0001058777,-0.0006940214,-6.09146e-05
-0.0009456202,0.0008384482,-0.0005095093
-0.0006215626,0.0004976279,0.0004474928
-0.0005288004,-0.0001308739,-0.0005241573
-0.0001778905,-0.0012315157,0.0005024228
-0.0009468408,-0.0001583594,-0.0008006382
6.86618e-05,0.0004591482,0.0005573527
-0.000955995,0.0005953542,-0.0001237789
-0.0004287148,-0.0008057958,0.0002845339
-0.0014027185,-0.0004735266,-0.0012773083
-0.0013587784,0.0002111679,0.0007856173
-0.001147012,0.0003852428,1.3394e-06
-0.0005611451,-0.0010293446,0.0001240163
-0.0020972148,-0.0009010789,-0.0005027957
-0.00114274,-0.0001168258,0.0002570689
-0.0011171084,-0.0004649755,-0.0003166441
-0.0018628681,-0.0007996879,-0.0002067842
-0.0009535539,-0.0013280204,8.98377e-05
-0.0021417651,-0.0004857423,-0.0010795604
-0.0021210157,-0.0002799065,-0.0002391318
-0.0016327933,0.0005953542,-0.0013908302
-0.0015973971,-0.0003880161,0.0002039699
-0.0032152441,0.0004206685,-0.0017399407
-0.0008430935,-0.0007825858,0.0002173973
-0.00261351,-0.0001882881,-0.0013767925
-0.0016987033,-0.0003330451,-0.0002965031
-0.0019434248,0.0008427237,-0.0013828959
-0.0022552768,0.0002649173,0.0004230795
-0.002378553,-0.0006469906,-0.0014372155
-0.0025122039,-0.0016981585,-0.0009483388
-0.0030144627,-0.0001290416,-0.0007127502
-0.0020239815,0.0004768611,-0.000549181
-0.0024389705,8.16806e-05,-0.000607773
-0.0035362503,-0.0008662639,-0.0011021427
-0.002716647,-0.0005327731,-0.0010252407
-0.0027465506,3.52607e-05,-0.000519885
-0.0028997304,0.0002032276,-0.0007310602
-0.0025109833,-0.0001864557,-0.0008964605
-0.0034117536,-0.0006671467,-0.0007066469
-0.0033012933,-0.0008851984,-0.0010868844
-0.0031743555,-0.0001424789,-0.0016624284
-0.002444463,-0.0003220509,0.000105096
-0.0026037456,0.0001177172,-0.0016062778
-0.0024957264,-0.0005230005,-0.0005131713
-0.0029290237,-0.000935283,-0.0004966924
-0.0020819579,-0.0013628353,-0.001080781
-0.0023156943,-0.0001528623,-0.0009251461
-0.0023040991,0.0007865311,0.000163688
-0.0020306945,-1.84888e-05,-0.0009837381
-0.0026605014,-0.0007099019,-0.0017106447
-0.0025067114,-0.0002255462,-0.0006706373
-0.0020825682,0.0009044134,-0.0011735517
-0.0019452556,0.0011188004,-0.0006706373
-0.0018750736,-3.49801e-05,-0.0002781931
-0.0016462194,-0.0015552339,-0.0010905464
-0.0022351377,-0.0008564913,-0.0020231352
-0.0019660051,0.0005287782,-0.0003843911
-0.0011415195,0.0006472712,-0.000545519
-0.0012873759,-0.0007117343,-0.0016062778
-0.0023712296,-0.0010604948,-0.0011088564
-0.0014942602,-0.0006732546,-0.0008439718
-0.0018762942,-0.0001797371,-0.0014268398
-0.0014979218,0.0001287114,-0.0003892737
-0.0012641854,0.0005000711,-0.0007554735
-0.0012287892,-6.42979e-05,-0.0007505909
-0.001796958,-3.68124e-05,-0.0010160857
-0.0012635751,-0.0006744761,-0.0004033114
-0.0016810052,0.0004841906,-0.001755199
-0.0012110912,0.0008579935,-6.03043e-05
-0.0012135323,0.0002930136,-0.0007902625
-0.0015095171,-0.0015949352,-0.0010069307
-0.0023834352,-0.0007447169,-0.0018003636
-0.0023614652,-1.05485e-05,0.0002729376
-0.002095384,-7.16274e-05,-0.0008207792
-0.0023010477,-0.0011197413,-0.0010246304
-0.002804527,-0.0010745429,-0.0007945349
-0.0023602446,-0.0008839768,-0.0006736889
-0.0029027818,-0.0003434285,-0.0014988591
-0.0030852549,0.000341266,-0.0009349114
-0.0027972037,0.0004957956,-0.0013090456
-0.0030889166,0.0003736378,-0.0014701735
-0.0030706082,-0.0006439367,-0.0005259883
-0.0033556081,-0.0005950736,-0.0020213042
-0.0035655437,-3.49801e-05,-0.0012736463
-0.0034447086,0.0013777749,-0.0012522846
-0.002606797,-0.0002139412,-0.0005827493
-0.0036973637,-0.000935283,-0.0020237455
-0.00331594,-0.0013836022,-0.0012248196
-0.0037187235,0.0003363796,-0.0020170319
-0.0035344195,0.0004957956,-0.000532702
-0.0031517752,7.1908e-05,-0.0021946388
-0.0038066035,-0.0002328757,-0.0021671738
-0.0042106075,0.0005953542,-0.0013749615
-0.0030504691,-0.0006366072,-0.0008482442
-0.0042899437,-0.0008381676,-0.0027445488
-0.0044028451,0.0006136779,-0.0018015843
-0.0034355545,0.0015964374,-0.0011509693
-0.0037162824,-0.0001375926,-0.0014274502
-0.0042545476,-0.0014440703,-0.0025199463
-0.0041794834,-0.0010201827,-0.0017674057
-0.0048269883,0.0006888049,-0.0015775921
-0.0034398264,0.0001287114,-0.0012712049
-0.0031957152,-0.0013994827,-0.0016160431
-0.0040336269,-0.0017470216,-0.0018021946
-0.0040989267,-0.0005846902,-0.0016648697
-0.0035319784,-0.0007984663,-0.0005516223
-0.0040256933,-0.0009542175,-0.0023667527
-0.0032762719,0.0002704144,-0.0024052036
-0.0030535205,0.001496268,-0.0005424673
-0.0024133388,-0.0004118369,-0.0013511586
-0.0029961543,-0.0018044358,-0.0034043188
-0.003768156,-0.0003415961,-0.0012455709
-0.0030999016,0.0013362412,-0.0010319544
-0.0021179643,4.99196e-05,-0.0015714888
-0.0029619788,-0.0016065402,-0.0014622392
-0.0026116792,-0.0014055906,-0.0020548725
-0.0030559616,0.0001708558,-0.0019627122
-0.0031554369,0.0002771331,4.391e-06
-0.0020703626,-0.0009187917,-0.0016630387
-0.0025866578,-0.0011912036,-0.0022874094
-0.0030046982,0.0005745874,-0.0007975865
-0.0017536283,-3.8298e-06,-0.0001872535
-0.0027142059,-0.001036674,-0.0021073611
-0.0034471498,-5.39145e-05,-0.0017063724
-0.0024841311,0.0017790633,-0.0009001225
-0.0024493452,0.0010027504,-0.0003862221
-0.002492675,-0.0009878109,-0.0017143067
-0.0021448165,-0.0013200801,-0.0019077823
-0.0031523855,0.0010497812,-0.0016129914
-0.0025555336,0.0013057018,-0.0004008701
-0.0020642598,-0.0006543201,-0.0011735517
-0.0029979852,-0.002281462,-0.0016020054
-0.0031072249,-0.0005779715,-0.001713086
-0.0026781995,0.0003217207,-0.0007542529
-0.0031566574,-0.0001546947,-0.0012480123
-0.0022870113,-0.0009285644,-0.001722241
-0.003691261,-0.00015103,-0.0016685317
-0.0038969246,1.63262e-05,-0.0007615769
-0.0025744522,-0.0010464466,-0.0016178741
-0.0032616252,-0.0009621578,-0.0019041203
-0.0038041624,0.0008445561,-0.0014439292
-0.0026940667,0.0009147968,-0.0009080568
-0.0036699012,-0.0009707088,-0.0011839273
-0.0040836697,-0.0023297143,-0.001795481
-0.0040049439,-0.0012999241,-0.0017100344
-0.0048147828,0.0004096743,-0.0007646285
-0.0039469674,-0.0002805172,-0.0012577776
-0.0038023316,-0.0017824474,-0.0021793804
-0.0050503501,-0.00119609,-0.0016532734
-0.0041556825,0.0001769637,-0.0012278713
-0.0040324064,-0.0005004013,-0.0015470754
-0.0045609071,-0.0009554391,-0.0027006048
-0.0042429523,0.0001690235,-0.0024900399
-0.004367449,0.001047338,-0.0012968389
-0.0041617853,-0.0004582568,-0.0019633226
-0.0041715497,-0.0014483458,-0.0033554921
-0.0052273307,0.0002783547,-0.0026249235
-0.0046762497,0.0016483544,-0.0015324275
-0.004069023,0.0008402806,-0.0026487265
-0.0045541941,-0.0007752563,-0.0021970801
-0.0045706716,-0.0005724744,-0.0027970374
-0.0050247184,0.0001091661,-0.0022013524
-0.0052065812,0.0004316627,-0.001835763
-0.0042136589,-0.0006237807,-0.0026597125
-0.0050466884,-7.71245e-05,-0.0039902384
-0.0051638618,0.0013386844,-0.0023460013
-0.0038658005,0.0007071286,-0.0020066562
-0.0043277809,-0.0011942576,-0.0029343624
-0.0052877482,-0.0005669773,-0.0031412652
-0.0046048471,0.0005831384,-0.0016136017
-0.0050845256,0.0002740792,-0.0019944495
-0.0046054574,-0.0010562193,-0.002431448
-0.0049252431,-0.0007972447,-0.0024827159
-0.0051449432,0.0003626436,-0.0020396142
-0.0046701469,0.0001171064,-0.0018736036
-0.0039732094,-0.0010317877,-0.0020274075
-0.0048776414,-0.0006445475,-0.0031296689
-0.0046701469,0.0011078062,-0.0019852945
-0.0040415605,0.000804244,-0.0007841592
-0.0039835841,-0.0012687738,-0.0027128115
-0.0045236802,-0.0009688764,-0.0034659624
-0.0041794834,0.0008353943,-0.0009666488
-0.0036705115,0.0008378374,-0.0017704573
-0.0040317961,-0.0010330093,-0.0030173676
-0.0049319561,-0.0004417655,-0.0027128115
-0.0041245583,0.0005892463,-0.0013395622
-0.0042630914,0.0001513106,-0.0019395196
-0.0041648367,-0.0010385064,-0.0020103182
-0.0040189802,-0.0003025056,-0.0029953957
-0.0041935198,0.001061997,-0.0016508321
-0.0034221284,0.0014290812,-0.00184858
-0.0030596232,-0.0008186224,-0.0019846842
-0.0042661428,-0.0006818056,-0.0029856303
-0.0037821924,0.0001213819,-0.0015312068
-0.0039762608,0.0003455415,-0.0018595659
-0.0039738197,-0.0001113287,-0.0020170319
-0.0036009398,0.0001690235,-0.00228863
-0.0041538517,0.0008512748,-0.0019114442
-0.0038755649,0.0003913507,-0.0016447287
-0.0031285846,-0.0010995853,-0.0016898934
-0.0044968279,-0.0009988051,-0.0024906503
-0.004650618,0.0004670885,-0.0017033207
-0.0032335525,0.0004011233,-0.0010575884
-0.0042374598,-0.0010684351,-0.002372856
-0.0044083376,-0.0007990771,-0.0027921548
-0.0035454045,0.000592911,-0.0017436027
-0.0039896869,0.0005306106,-0.0020005529
-0.0040067747,-0.0004075614,-0.0026981635
-0.003594837,-0.0008064066,-0.0017356683
-0.0043076417,-0.0003006733,-0.0016758557
-0.0039725991,-0.0002304325,-0.0025004156
-0.003397107,-0.0003318235,-0.0018650589
-0.0041331022,0.0002404858,-0.0021293331
-0.0040726847,0.0006155102,-0.0022184417
-0.0035997193,1.63262e-05,-0.0012553363
-0.0034312825,-0.0013774943,-0.0020036045
-0.0037773102,-0.0008161792,-0.0028483054
-0.0039445263,0.0008879221,-0.0011094667
-0.0034898692,0.0005214487,-0.0007798869
-0.00338185,-0.0013970395,-0.0026853465
-0.0045438193,-0.001028123,-0.0026609332
-0.0041935198,0.0007364464,-0.0012449606
-0.0032408758,0.0005245027,-0.0016374047
-0.0036772246,-0.001326188,-0.0022245451
-0.0043875882,-0.0011967007,-0.0029697617
-0.004308252,-0.0002829604,-0.0017021
-0.0041154042,-9.91129e-05,-0.0014262295
-0.0035862931,-0.0011759339,-0.0020939338
-0.0046384124,-0.0007532679,-0.0027646898
-0.0044168815,-2.27643e-05,-0.0012669326
-0.0041202864,-0.0002683015,-0.0023496633
-0.0040653614,-0.0012199107,-0.0022306484
-0.0040122672,-0.000773424,-0.0019981115
-0.0038511538,-0.0001516408,-0.0022263761
-0.0041599545,0.000115274,-0.0019431816
-0.0035905651,-0.0008082389,-0.0021860941
-0.0043460893,-0.0008039634,-0.002928259
-0.0044162712,0.0002307132,-0.0019602709
-0.0039970102,0.0004151714,-0.0019785809
-0.0043717209,-0.0006341641,-0.0025333736
-0.0043711107,-0.0012003655,-0.00232525
-0.0043772134,-0.0007447169,-0.0024595233
-0.0048953395,0.0003913507,-0.0028092441
-0.0039512394,2.8889e-06,-0.0020286282
-0.004132492,-0.0002237139,-0.0029325314
-0.0045487016,-0.000257918,-0.002387504
-0.0044107787,-0.0001424789,-0.0025327632
-0.0044046759,-0.00048391,-0.0027268491
-0.0046402432,0.000150089,-0.003038119
-0.0045072026,0.0003357689,-0.0019553882
-0.0047226308,2.97636e-05,-0.0021671738
-0.0046634338,-0.0008711502,-0.0027439385
-0.0049960353,-0.0004362684,-0.0026169892
-0.0049301253,0.0001629156,-0.0020896615
-0.0045981341,0.0006655949,-0.0027537038
-0.0045609071,0.0001806285,-0.0021299435
-0.0048721489,-0.0003214401,-0.0025120119
-0.0043155754,-0.0007325011,-0.0028257231
-0.0048025772,0.0001537537,-0.0026053929
-0.0044174918,0.0005666471,-0.0019132752
-0.0041794834,0.0001690235,-0.0032761488
-0.0046475666,-6.42979e-05,-0.002946569
-0.0047745044,0.0007230091,-0.0028422021
-0.0041837553,0.0004408246,-0.0022660477
-0.0044187123,-0.0001656889,-0.0027720138
-0.0044449543,0.0001006151,-0.0033628161
-0.0046744188,0.0007846988,-0.0024949226
-0.0046213246,0.0006442173,-0.002332574
-0.0043338837,-0.0003703032,-0.0028422021
-0.0045493118,-0.0006671467,-0.0027213561
-0.0047043224,0.0002038384,-0.0026066135
-0.0042911642,0.0006680381,-0.0026145479
-0.0041727703,0.0001158848,-0.002394828
-0.0044272562,-0.0003067812,-0.0030747389
-0.0044467851,0.0004035664,-0.0030027197
-0.0044351898,0.0004102851,-0.0019700362
-0.004466314,0.0001879579,-0.0029709823
-0.0041007575,-0.0004759697,-0.0024015416
-0.0049124272,-0.0001388142,-0.0026591022
-0.0048227164,0.00027469,-0.0024064243
-0.0041495797,-0.0001888989,-0.0020652482
-0.0045047615,-0.000449095,-0.0024857676
-0.0045139157,9.93935e-05,-0.0027939858
-0.0041453078,0.0007908067,-0.0022935127
-0.0038865499,-2.03211e-05,-0.0020078769
-0.0042472242,-0.0002896791,-0.0031467582
-0.0038621388,-0.0001687429,-0.0021488638
-0.004341207,0.000118328,-0.0024027623
-0.0041379845,-0.0002078334,-0.0023887247
-0.0039378133,5.72491e-05,-0.0028092441
-0.004047053,-0.0004533705,-0.0019248716
-0.0044510571,0.000248426,-0.0031894816
-0.0036186379,0.0003626436,-0.0019859049
-0.0044296973,-0.0002279894,-0.0021763288
-0.0043210679,-0.0004332145,-0.0030747389
-0.0035685951,-4.16987e-05,-0.0020933235
-0.004433359,-0.0003715248,-0.0014433188
-0.0041013678,-0.0008992465,-0.0027994788
-0.003419077,-0.0009975835,-0.002317926
-0.0045279521,-0.000425885,-0.0016953864
-0.0038139268,7.92375e-05,-0.0028782117
-0.003102953,-0.0004820776,-0.0018803173
-0.0042856717,-0.0005798039,-0.0021836528
-0.003572867,-0.0005401026,-0.0030356776
-0.0034318928,-0.0001803478,-0.0017869363
-0.0041642264,-0.0001907313,-0.001762523
-0.0032994625,-0.0006298885,-0.0026908395
-0.0036949226,-0.0005321623,-0.0020213042
-0.0040134877,-5.26929e-05,-0.0022489584
-0.0033324175,-0.0003232725,-0.0021470328
-0.0034801048,-0.000836946,-0.0017197997
-0.0034868178,-0.0009126839,-0.003036288
-0.0034068714,-8.14e-05,-0.0027994788
-0.003441047,0.0005599284,-0.0014836008
-0.0029052229,-0.0007520463,-0.0024528096
-0.0033043447,-0.0012425099,-0.0032578388
-0.0036186379,-0.0003806866,-0.0019968909
-0.0030413149,0.0002325455,-0.0021824321
-0.003146893,-0.0004466518,-0.0023484427
-0.0031127174,-0.0007056264,-0.0022288174
-0.0029760151,2.36557e-05,-0.0026304165
-0.0033458436,0.0003235531,-0.0022672684
-0.0028564007,-0.0002218815,-0.0017088137
-0.0023315616,-0.0008540481,-0.0021152955
-0.0032121927,-0.0002628044,-0.0027244078
-0.002966861,2.91528e-05,-0.0016416771
-0.0021301698,-0.0003874053,-0.0015354791
-0.002705662,-0.0013225233,-0.0022477377
-0.0030144627,-0.0006072894,-0.002396659
-0.0025726214,7.00756e-05,-0.0012889046
-0.0025421075,-0.0004344361,-0.0017558093
-0.002797814,-0.0014226927,-0.0021909768
-0.0027849981,-0.0005126171,-0.0019511159
-0.0025006086,0.0006546007,-0.0015006901
-0.0024523966,-1.23809e-05,-0.0015745404
-0.0023199663,-0.0007728132,-0.0021427605
-0.0019562406,-0.0003519796,-0.0017472647
-0.0023993024,0.0006808646,-0.001676466
-0.0019507481,0.000115274,-0.0011918616
-0.001566273,-0.0005480428,-0.0018491903
-0.0026031353,-0.0001888989,-0.0021073611
-0.0025335636,0.0006289476,-0.0012681533
-0.0015699346,-0.0002249354,-0.0010472127
-0.0025561439,-0.0008625992,-0.0022855784
-0.0024432424,-4.59743e-05,-0.0014903145
-0.0017298275,0.0005434371,-0.0007975865
-0.0022143882,0.0002362103,-0.0015513478
-0.0019177931,-0.0003666385,-0.0017051517
-0.0018158767,-0.0003519796,-0.0012919563
-0.0026141203,0.0006985775,-0.0017326167
-0.0017450844,0.0009770973,-0.0013871682
-0.0018677503,-5.819e-05,-0.0013505482
-0.0028142915,0.0004902985,-0.0025077396
-0.0019678359,0.0010198525,-0.0011271663
-0.0021570221,0.0001720774,-0.0008207792
-0.0025726214,-0.0007080695,-0.0026139375
-0.0017475255,-0.0001449221,-0.0013621445
-0.0024475144,0.000318056,-0.0001414785
-0.0021619043,5.29736e-05,-0.0019016789
-0.0012373331,-0.0006793625,-0.0011607347
-0.002466433,-0.0004087829,-0.0005357537
-0.0020966045,0.0005861923,-0.0021256711
-0.0014088212,0.0006118455,-0.0010179167
-0.0020587673,0.0003131697,-0.0007121399
-0.0016126541,0.0003095049,-0.0027134218
-0.0018994848,0.0007895851,-0.0010710157
-0.0021075896,0.000752327,-0.000507068
-0.0015150096,-9.78913e-05,-0.0024967536
-0.001981262,-0.0001009453,-0.001121063
-0.0023089813,0.0003516494,-0.0009684798
-0.0019348809,0.0001812392,-0.0020188629
-0.0019367117,-0.0006250022,-0.0006584306
-0.0020081142,-0.0008387784,-0.001764354
-0.0020630393,0.0004023449,-0.0026194305
-0.0019751592,0.0009190724,-0.0001256099
-0.0013307057,-0.0004900179,-0.001221768
-0.0016230288,-0.0009633793,-0.0029697617
-0.0021973004,0.000306451,-0.0007444876
-0.0016242494,0.0010210741,-0.0007035952
-0.0011573867,-0.0001107179,-0.0020200835
-0.0017963478,-0.0004820776,-0.0015092348
-0.0018634784,0.0005690903,-0.0016160431
-0.0014423865,0.0009416715,-0.0015348688
-0.0015339282,-0.0003959564,-0.0009581041
-0.0011653203,-0.0008558805,-0.0020518208
-0.0015247741,1.38831e-05,-0.0018864206
-0.0016315727,0.0005098437,-0.0004252834
-0.0006819801,-0.0008882523,-0.0010319544
-0.0009303633,-0.0018526881,-0.001687452
-0.0016626969,-0.0006146188,-0.0011289973
-0.0010829328,0.0005764197,-0.0011332697
-0.0010609628,5.23628e-05,-0.0011912513
-0.001103072,-0.0007398306,-0.0014738355
-0.0011805773,-1.7878e-05,-0.002336236
-0.0015540674,0.0008103519,-0.0011344903
-0.0009547744,0.0001879579,-0.0007432669
-0.000569689,-0.0010617164,-0.0019993322
-0.0014484893,-0.0003532011,-0.0015482961
-0.0011518942,0.0004499864,-0.0005845803
-0.0005342929,-0.0005834686,-0.0009526111
-0.0010823225,-0.0016120373,-0.001758861
-0.0008296674,-0.0007856397,-0.0013413932
-0.0009352455,0.000419447,-0.0007261776
-0.0008797102,-0.0001656889,-0.0010441611
-0.0003682972,-0.0014049798,-0.0016752454
-0.0008632327,-0.0006146188,-0.0015440238
-0.0008693355,0.0007333925,-0.0006968816
-0.000227323,-0.0001876773,-0.0006401206
-0.0004512951,-0.0010464466,-0.0014482015
-0.0006783185,-0.000269523,-0.0015482961
-0.0006056954,0.0007346141,-0.0007615769
-0.0006172907,0.0001305438,-0.0008268825
-9.91647e-05,-0.0010806508,-0.0015891884
-0.0005422265,-0.000761819,-0.0014366052
-0.0010035966,0.0002753007,-0.0010020481
2.47218e-05,-0.0003544227,-0.0005485707
-0.0002517342,-0.0014281898,-0.0012889046
-0.0006807596,-0.0009560499,-0.0014054782
-0.000209625,6.64109e-05,-0.0005760356
-0.0003945392,-0.0002359296,-0.000609604
-0.0002157278,-0.0010391172,-0.0015263241
-0.0001211347,-0.0004167232,-0.001071626
-0.0005495498,0.0008518856,-0.0009343011
-0.0002560061,0.0007382788,-0.0012681533
0.0002773769,-0.000226157,-0.0011625657
-0.0002248819,-9.78913e-05,-0.0013438346
-8.39077e-05,0.0006729244,-0.0012425193
-7.0127e-06,0.0003174452,-0.0007182432
-0.0001089291,-0.0005877441,-0.001230923
0.0002438116,-0.0006915782,-0.001212613
-0.0002889611,-9.36158e-05,-0.0008714368
-0.000341445,-4.78066e-05,-0.0006419516
0.0003750214,-0.0007911368,-0.0012419089
-3.38649e-05,-0.0007514356,-0.001124725
-0.0003585328,0.0005703118,-0.0009684798
0.0003853961,0.0006167318,-0.0005211057
0.0001882763,-0.0005712528,-0.0006218106
-8.8435e-06,-0.0005242221,-0.0016758557
0.0004073661,0.0004066204,-0.0004191801
-6.19377e-05,0.0006784215,2.39217e-05
0.0005349142,-0.0004045074,-0.0007719525
0.000666124,-0.0007856397,-0.0009587144
-0.0002547855,6.58001e-05,-0.0001066896
0.0003377944,0.000482969,-0.00060228
0.0008363915,-0.000538881,-0.0001805399
2.35012e-05,-0.0006274454,-0.0006871163
0.000389668,0.0002362103,-0.0008598405
0.0006356101,0.0002777439,0.0002570689
0.000312773,-0.0006304993,-0.0003410574
0.0010377833,-0.0005889657,-0.0011784343
0.0004616808,0.0005733658,-0.0002604935
0.0003207066,0.0009917562,-0.0003074891
0.0013020336,0.0002838518,-0.001230923
0.0007948926,-0.000315943,-0.0004051424
0.0002407602,0.0005977973,-0.0013633652
0.0010139824,0.0010626078,-0.0006974919
0.0006966379,0.0002478152,-8.65486e-05
0.000797944,-0.0007337227,-0.0009434561
0.0010249674,-5.02498e-05,-0.0009794658
0.0004183511,0.0003040078,0.0007959929
0.0010103208,-0.0004185556,-0.0004130767
0.0014271406,-0.0009358938,-0.0007133606
0.0006630726,0.0002838518,0.0002888062
0.0009474621,0.0009496118,-0.0002336388
0.0013539073,4.25901e-05,-0.0001726055
0.0010243571,-0.0005297192,-0.0001933569
0.0010200852,0.0003937938,-0.0007359429
0.0012800636,0.0012110295,0.0001832186
0.0010817233,0.0002624742,0.0004804508
0.0015681148,-0.0005364378,-0.0010142547
0.0011787575,-0.0001473652,-0.0001878639
0.0008559204,0.0005977973,0.0005005918
0.0015510271,0.0001904011,-0.0004405417
0.0017078685,-0.0009566607,1.187e-07
0.0008064879,-0.0001870665,-0.0007829385
0.0014747423,0.0007975253,-0.0001188962
0.0017890355,0.0001610832,0.0006269307
0.0014051706,-0.0007276148,-0.0006981022
0.0014936609,0.000352871,-0.0012828013
0.0014881684,0.0011249082,0.0013471236
0.0016291426,0.0002850734,-0.0002855171
0.0018738641,-0.0004423763,-0.0013310176
0.0014698601,0.0003583681,0.0006482924
0.0014509415,0.0012098079,-0.0001134032
0.0019654058,0.000318056,-0.0002928411
0.0017542496,-0.0004936826,0.0005475874
0.0018171083,-0.0001925636,-0.0004429831
0.0015601812,0.0008763171,-0.0002409628
0.001805513,0.0002032276,0.0013959503
0.0021362837,-0.0009041328,-0.000554674
0.0017414338,-0.0002432591,-0.0005192747
0.0014472798,0.0008213461,0.0012329914
0.0022748168,0.0001836824,0.0002424209
0.0023224185,-0.0004979581,-0.0004558
0.001533329,0.0003003431,0.0004419998
0.002253457,0.0013209715,0.0003150505
0.0022253843,0.000572755,0.0001649086
0.0020465728,-0.0005254436,0.0002778202
0.0022876326,0.0003553141,-0.0006120453
0.0020892923,0.001148729,0.0009406419
0.0022009731,0.0007083501,0.0007984343
0.0028094203,-0.0007489924,-0.0004252834
0.0018598277,3.46499e-05,5.44383e-05
0.002268714,0.0010564999,0.0013764196
0.002448746,0.0004524296,-0.0003013858
0.002213789,-0.0006457691,0.0003187125
0.0022961765,0.0003589788,0.0002082423
0.0022772579,0.0009789297,0.0005323291
0.0018592174,0.0005373292,0.0004828921
0.0027837886,-0.0005034552,0.0004401688
0.0021448276,0.0001207711,-0.0002965031
0.0019165836,0.0007688183,0.0011213004
0.0025268616,0.0006863617,0.0003608255
0.002426776,4.0147e-05,3.5518e-05
0.0020892923,0.0003040078,0.0004127038
0.0026391527,0.0008268432,0.0003455672
0.002198532,0.0006210073,0.0003589945
0.002426776,-5.88008e-05,0.0005121881
0.0026055874,-8.07892e-05,-5.17596e-05
0.0020545064,0.0008873113,0.0003834078
0.002459731,0.0006985775,0.0009662758
0.0026635639,-0.0003134998,0.0002491346
0.0022272151,-0.0001498084,2.4532e-05
0.0022510159,0.0007242307,0.000653175
0.0022113479,0.001061997,0.0003840182
0.0023694099,0.0007346141,0.0002979612
0.002622065,-4.78066e-05,0.000697119
0.0024426432,0.0004292196,-0.0001774882
0.002389549,0.0008329511,0.000160026
0.0027227608,0.0010003073,0.0010413468
0.0031023537,-1.90995e-05,0.0005579631
0.0023822257,-2.21535e-05,-0.0002568315
0.0023041101,0.0003663083,0.0011060421
0.0027416794,0.0004902985,0.0004664131
0.0025293027,-2.03211e-05,0.0002039699
0.0022626112,0.0006637626,0.0003119989
0.0027551056,0.0007022423,0.0007184806
0.0021973115,0.0003204991,0.0001758946
0.0025884997,-0.0004594784,0.0007306873
0.0027764653,0.0003773025,0.0001972563
0.002433489,0.0009966426,0.0009156182
0.0025775147,0.00060757,0.0009107355
0.0029589384,-0.0006781409,0.0004950988
0.002371851,-0.0003819082,0.0004108728
0.0025482213,0.000263085,0.0010895631
0.0028234567,0.0005434371,0.0008637399
0.0028435959,-0.0001003345,0.0006910157
0.0027715831,-0.0001491976,0.0007178703
0.0027660906,0.0002374318,0.0009412522
0.0027966045,0.0001971198,0.0008381059
0.0030114223,-0.0001632458,0.0010120508
0.00283078,0.0004768611,0.0004267415
0.0031999982,0.0003999017,0.0011084834
0.0029143881,0.0001971198,0.0009443039
0.0029979962,-0.000327548,0.0003773045
0.0032225785,7.98483e-05,0.000708105
0.0028649556,0.0004676993,0.0013172173
0.0031792488,0.0002276592,0.0004835024
0.0032054907,-0.0003415961,0.0005915314
0.0026299986,-5.45253e-05,0.0010260885
0.0032469896,0.0002178866,0.0007715796
0.0030663473,-9.23942e-05,0.0011231314
0.0027795167,-0.0001821802,0.0008759466
0.0036107153,0.0001757421,0.0007386216
0.0029717542,0.0002551447,0.0011530377
0.0029595487,0.0001989521,0.0008362749
0.0035765397,7.55727e-05,0.0005591837
0.0029461226,0.0001537537,0.0011512067
0.0030883173,0.0003522602,0.000742894
0.0036052228,1.38831e-05,0.0009858065
0.0028295595,0.0001213819,0.0011145868
0.0032360046,-7.83461e-05,0.0008777776
0.0033440238,3.09851e-05,0.0010352435
0.0029217114,-0.0003080027,0.0013904573
0.0030559726,-0.000257918,0.0002753789
0.003320223,-0.0002237139,0.0015515852
0.0029217114,0.000138484,0.0008423782
0.0036180386,-2.52074e-05,0.0006232687
0.0029729748,0.0001739098,0.0010620981
0.0034416683,0.0001708558,0.0012586254
0.0034642486,-9.3005e-05,0.0002430312
0.002988842,5.29736e-05,0.0010822391
0.00359912,0.0001916227,0.0010938354
0.0033708761,0.0002423181,0.0004700751
0.0032335635,0.0002075032,0.0011341174
0.0034831672,0.0002013953,0.0006324237
0.0033348697,0.0002539231,0.0009491865
0.0030462082,0.0001757421,0.000629372
0.0036204798,7.7752e-06,0.0010126612
0.0031444629,0.0005849708,0.0006580577
0.0033385313,0.0002734684,0.0010859011
0.0034264114,7.4962e-05,0.0009150079
0.003397118,0.0001177172,0.0009491865
0.0034972036,-0.00012782,0.0011072628
0.0030193559,0.0002465937,0.0007288563
0.0033672144,0.0006087915,0.0011505964
0.0036204798,0.0004774719,0.0008069789
0.0030047093,0.0002985107,0.0006446304
0.0033074071,0.000694302,0.0005585734
0.0037199551,0.0002655281,0.0012110194
0.0026361013,0.000118328,7.3969e-05
0.0035850836,0.0006771999,0.000660499
0.0036467217,0.0004304412,0.0015827122
0.0027306944,0.0002062816,0.0003492292
0.0037797623,-7.83461e-05,0.0007679176
0.0035588417,0.000173299,0.0012995177
0.0028704481,0.0003046186,0.000633034
0.0038658115,0.0005330537,0.0007947723
0.0035325997,0.0003119481,0.0016260458
0.0029937243,0.0005794737,-0.0001463612
0.0039872568,0.000592911,0.0013086727
0.0032964221,0.0004738072,0.0016181115
0.0032134243,0.0002801871,2.57527e-05
0.0038389593,0.000616121,0.0010169335
0.0032414971,0.0006387202,0.0015857638
0.0031890132,0.0004420461,0.0002222799
0.0035502978,0.000341266,0.0007770726
0.0031298162,6.45785e-05,0.0013953399
0.0030394951,0.0005422155,-0.000567491
0.0035100194,0.0002496476,0.0015119135
0.0030248484,-8.87295e-05,0.001228719
0.0032958119,-0.0001058316,-0.0003831704
0.0032292916,0.0002142218,0.0013855746
0.0029796879,0.000184904,0.0013831333
0.0033482958,-3.25369e-05,-0.0004399314
0.0032372252,0.000184904,0.0015949188
0.0028759406,0.0002643065,0.0007636453
0.0034715719,0.0003968478,-0.000558336
0.0028728892,0.0004542619,0.0018024321
0.0031023537,0.0005739766,0.0004438308
0.0033574499,0.0003754701,-0.0005388053
0.0028796023,0.0001690235,0.001882996
0.0033299874,-0.0005309407,0.000755711
0.0032128141,-0.0004130585,-0.000525378
0.00263305,0.0003547033,0.0019971283
0.0035197839,0.0003913507,0.0008600779
0.0031194415,-0.000257918,-0.0001481922
0.0025787352,-0.0002939546,0.0011414414
0.0033605013,0.0001757421,0.0004975401
0.0030175251,0.0005049574,0.0002772099
0.002889977,0.0002044492,0.0010877321
0.0031884029,0.0001610832,0.0002735479
0.0030803837,0.0005299998,0.0005207328
0.003037054,-0.0001223229,0.0013965606
0.0030639062,-0.0003574767,-4.01633e-05
0.0030681782,-3.19261e-05,0.0007551006
0.0028960798,0.0004505972,0.0009778722
0.0028539706,0.0002539231,0.0003058955
0.0031078462,-1.36024e-05,0.0002900269
0.0030095915,-0.0006537093,0.0012073574
0.002496958,-2.88722e-05,-0.0003770671
0.0032036599,0.000150089,0.0008741156
0.0027953839,-7.10166e-05,0.0009150079
0.0028515295,-0.0001400358,0.000141716
0.0031743665,3.58715e-05,0.0007221426
0.0028655659,7.43512e-05,0.0009925202
0.0025939922,0.0002551447,-0.0002647658
0.0034648589,8.53454e-05,0.0011060421
0.0029149984,-0.000191342,0.0008899842
0.0025817866,0.0002032276,-0.0005772563
0.0032640774,0.0002722468,0.0013898469
0.0030889276,-0.0004613108,0.0012903627
0.0029180498,-0.0006439367,-0.0003196958
0.0031444629,5.9428e-06,0.0009772618
0.0027300842,0.0002252161,0.0011957611
0.003168874,3.4996e-06,4.95557e-05
0.003430073,-0.000304338,0.0008228476
0.0024847524,0.0001494782,0.0005054744
0.0028496986,0.0007138473,0.0001081476
0.0035545697,0.0001561969,0.0011780614
0.0026940778,-0.0006915782,0.0003126092
0.0027215403,0.0006203965,-0.0005296503
0.0035728781,0.0007920282,0.0018842167
0.0024780393,-0.0002792957,0.0006049587
0.0030779426,-0.0006347749,-0.0006944402
0.0031853515,0.0004298304,0.0008753362
0.0022211123,0.0007773693,0.0013355273
0.0032103729,0.0003278286,-0.0005754253
0.0034697411,-0.0008662639,0.0010505018
0.0018726436,0.0001189388,7.9462e-05
0.0030803837,0.0012745516,6.78657e-05
0.0033165613,0.000486023,0.0017310231
0.0023395062,-0.0007526571,3.06354e-05
0.0032372252,0.0005025143,-0.0008451925
0.0028185745,0.0012574495,0.0022845951
0.0023681893,0.0003675299,0.0005475874
0.0037309401,-0.0004020643,-0.0009745831
0.0024652235,0.0004927416,0.0014276876
0.002077697,0.0013686131,0.0004377275
0.003801122,9.38964e-05,3.7807e-06
0.0026702769,-0.0007575435,0.0011695167
0.0022613907,0.0003608112,-0.0003550951
0.0033116791,0.0012556171,0.0005506391
0.0026379322,0.0005183948,0.0017151544
0.0029058442,-0.0006109541,-0.0007414359
0.0031304265,-6.73519e-05,-3.10083e-05
0.002202804,0.0012940968,0.0014508802
0.0030126429,0.001163388,-7.61729e-05
0.0031572788,-0.0001125503,0.0002790409
0.0023877182,0.0001158848,0.0005976347
0.0027660906,0.0010656617,-0.0002012912
0.0027239814,0.0008769279,0.0012519117
0.0027526644,-0.0002597504,0.0008344439
0.0028167436,0.0002148326,-0.0008293238
0.002367579,0.000980762,0.0014453873
0.0025415083,0.0005055682,0.0010273091
0.0027972147,-0.0004558137,-0.0005900733
0.0023919901,0.0001433703,0.0005707801
0.0021948704,0.0011047522,0.0009803135
0.0025817866,0.0010992551,-6.15249e-05
0.002731915,-0.000515671,0.0010053372
0.0021222473,-0.0002053902,-0.0004588517
0.0024286068,0.0012159158,-0.0002421835
0.0024640029,0.0013057018,0.0016516798
0.0025354055,-0.0001284308,5.07763e-05
0.0025061121,-0.0002041686,-0.0009904518
0.0022510159,0.0005214487,0.0016767035
0.0022998382,0.0007773693,0.0003083369
0.0030193559,-8.68971e-05,-0.0001372062
0.0021826648,9.57288e-05,0.0009827548
0.0022131787,0.0009178508,-9.6466e-06
0.0027435103,0.0007730938,0.0005005918
0.0024475254,-0.0003147214,0.001221395
0.0022705448,-8.7161e-06,-0.0008866951
0.0022113479,0.0014052604,0.0002320452
0.0023706304,0.0009716002,0.0019299917
0.0024579002,-0.0005926304,-0.0006822336
0.0022742065,-0.0005572047,-0.0001756572
0.001812226,0.0006228397,0.0013874056
0.0023822257,0.0008763171,0.0003980558
0.0025994847,-0.0006195051,0.0004883851
0.0020111767,-0.0008766473,0.0006489027
0.0018189391,0.0005849708,-0.0003630294
0.0023120437,0.0009850376,0.0015009276
0.002286412,-0.0002463131,0.0008258993
0.002110652,-0.0004148908,-0.0010148651
0.0019428255,0.0007834772,0.0009693275
0.0022406412,0.0004267764,0.0016626658
0.0021143137,-0.0006182836,-0.0008586198
0.0022510159,8.96209e-05,0.0003614358
0.0019519797,0.0008763171,0.001353227
0.0020264336,0.0004719748,3.3687e-05
0.0024847524,-0.0010360632,0.0005695594
0.0018885108,-0.001036674,0.0002802616
0.0015736073,0.0009184616,-0.0003892737
0.0024945168,0.0012116403,0.0016651071
0.0022565084,-0.0006390504,0.0007697486
0.0016578257,-0.0011771555,-0.0012565569
0.0021472687,0.0002417074,0.0011103144
0.0019922581,0.0008097411,0.0012915833
0.0018628791,0.0004554835,-0.0009214841
0.0024743777,2.18233e-05,0.0007874483
0.0016486715,0.0002856842,0.0005756627
0.0016590463,0.0002099463,-0.000563829
0.0022394206,-0.0001571379,0.0007294666
0.0016566052,8.96209e-05,0.0003510602
0.001592526,0.0006405526,-0.0007054262
0.0021002773,0.0002068924,0.00126717
0.0016199885,-0.0008839768,0.000645851
0.0016151063,-0.0008381676,-0.001155852
0.001963575,0.0001262682,0.0010920044
0.0014497209,0.0009734326,0.000704443
0.0020709839,0.0001641372,-0.0002550005
0.0015345496,-0.0004930718,0.0004145348
0.0016083932,-0.0001015561,0.0003022335
0.0018146672,0.0004921308,-0.0002427938
0.0015839821,0.0006484928,0.0010877321
0.0017530291,0.0003418767,3.0025e-05
0.0018598277,-0.000281128,-0.0002842965
0.0014747423,0.0001794069,0.0006836917
0.0019672367,0.0002490368,0.0004084315
0.0013764876,0.0001751314,-0.0002318078
0.0016334146,0.0001244359,0.0004389481
0.0017292282,6.39678e-05,-6.21353e-05
0.001201948,-1.3867e-06,-3.46703e-05
0.0016944424,6.3357e-05,0.0001093683
0.0017963588,-1.54348e-05,2.02597e-05
0.0011476333,0.0007566025,-0.0003593674
0.0017841533,0.0006448281,0.0005475874
0.0014625368,0.0002215513,-0.0003038271
0.0012458881,-0.0001015561,-0.0004014804
0.001735331,0.0006350555,-5.35906e-05
0.0013954062,0.0009398392,0.0004889954
0.0012312414,0.0004035664,-0.0002177702
0.0016389071,-0.0002737986,-8.89899e-05
0.0011903528,-1.54348e-05,0.0002735479
0.001364282,0.0004072312,0.0002521862
0.0017072582,0.0001745206,0.0003046749
0.0011281044,0.0002691929,-0.0001329339
0.0014448387,0.0003968478,0.000108758
0.0016315838,0.0004591482,0.0001276783
0.0011287147,0.0005183948,-0.0001835915
0.0013868623,0.0005880247,-0.0002342492
0.0015760485,0.0004951848,0.0002442519
0.0012428367,0.0005623716,-0.0004600724
0.0011995069,0.0005617608,-0.0002232632
0.0014985432,0.0002355995,0.0004017178
0.0011976761,0.0001207711,-0.0006834543
0.0011811986,0.000315002,-0.0003074891
0.0010316805,0.0007639319,0.0001240163
0.0013728259,0.0002930136,-0.0001463612
0.0009645499,0.0002447613,-0.0008891365
0.0013044747,0.0003968478,0.0003181022
0.0012806739,0.000419447,-0.0002220425
0.000874839,0.0003021755,-0.0005742046
0.0012562628,0.0004768611,7.45793e-05
0.0013990678,0.000216665,0.0002241109
0.0008540896,0.0004304412,-0.0006706373
0.0013154598,0.0003351581,0.0002643929
0.0012111022,0.0001293222,0.0002412002
0.0008614129,0.0003773025,-0.0007670699
0.0012111022,0.0008867005,1.7208e-05
0.0008894857,0.0005507666,0.0003473982
0.0011476333,-0.0002450915,-0.000571153
0.0012330722,-0.000362363,-0.0002550005
0.0005501711,0.0005599284,-0.0002189908
0.0011708239,0.0007761477,-0.0001866432
0.0013221728,-1.54348e-05,7.51897e-05
0.0007839076,-0.0003586982,-0.0004301661
0.001021916,0.0001024475,-0.0006511066
0.0010463272,0.0004731964,0.0003034542
0.0009547855,0.0002453721,-9.81449e-05
0.0012593142,0.000138484,-0.0007176329
0.0008150318,0.0004310519,0.0003107782
0.0009578368,0.0004316627,7.88517e-05
0.0012867767,-0.0002237139,-0.0004173491
0.0007613273,1.99909e-05,-9.32622e-05
0.0009926227,0.0009215155,7.15277e-05
0.0011750958,0.0007688183,1.47667e-05
0.0007741432,-0.0002279894,6.23727e-05
0.0009401388,-0.0004826884,-0.0006047213
0.0009206099,0.0001085554,0.0002241109
0.0006941967,0.0005464911,0.0003992765
0.0009663807,0.0001427595,-0.0004698377
0.000945021,-0.0002273786,0.0001429366
0.0008406635,-0.0002670799,0.0003693702
0.0009145071,-0.0003232725,-0.0001384269
0.0007973337,0.0001042798,-8.04452e-05
0.0011818089,7.25188e-05,0.0006580577
0.0008827727,0.0004389922,-0.0004564104
0.001010931,0.0001055014,0.0005591837
0.0011354277,-0.0001333171,-4.62666e-05
0.0010078796,6.94649e-05,-0.0001304926
0.0008864343,0.0006771999,0.0001996976
0.0013825903,0.0002972892,0.0005561321
0.0009138968,-0.0002139412,-0.0002641555
0.0010304599,-7.2849e-05,9.83823e-05
0.001287387,-4.71958e-05,0.0003187125
0.0007778048,4.38117e-05,-0.0001976292
0.0011433614,0.0002869057,5.50487e-05
0.0012532114,-1.7878e-05,0.0002332659
0.0005782439,0.0001726882,-0.0005906836
0.0013056953,0.0002026169,4.40627e-05
0.0012452778,-1.84888e-05,0.0004688545
0.0006758884,0.0002777439,-0.0004936407
0.0012355133,0.0004133391,2.087e-05
0.0010768411,2.12125e-05,0.00077219
0.0007143359,-0.0002047794,-0.0006218106
0.0012623656,4.7212e-06,6.2983e-05
0.0008675157,0.0004750288,0.0005756627
0.0010322908,0.0003107265,-0.0001994602
0.001327055,-4.53635e-05,-1.0257e-05
0.0010237469,-0.0003672493,0.0006043484
0.0009389182,0.0003015647,-0.000611435
0.0013465839,0.0007395004,0.0005640664
0.0012843356,5.29736e-05,0.0009931305
0.001212933,-0.0001876773,-0.0008787608
0.0010823336,0.0004615914,2.56e-06
0.0012519908,0.0004921308,0.0011805027
0.0012849459,0.0002343779,-0.0008952398
0.0014979329,5.84707e-05,2.14804e-05
0.0010158133,0.0003797457,0.0006452407
0.0012324619,0.0005764197,-0.000490589
0.0015607915,-0.0001797371,0.0003406845
0.0012562628,-0.0001589702,0.0004645821
0.0012306311,0.0007914175,-0.0008403098
0.0013233934,0.0011426211,0.0008405472
0.0014131042,1.20507e-05,0.0009070735
0.0014362948,-0.0004417655,-0.0013352899
0.0011879116,0.000702853,0.0004371171
0.0010988111,0.0014596206,0.0010230368
0.0018067335,0.0005208379,-0.0003886634
0.0013111878,-0.0001553055,-4.44356e-05
0.0010579224,0.0001452027,0.000665992
0.0012892178,0.0008793711,-0.0004368797
0.0015656737,0.0003394336,0.0007660866
0.0012605347,5.90814e-05,1.187e-07
0.0014265303,0.0008677661,-0.0006834543
0.0012788431,0.0007908067,0.0010450088
0.0013063056,-0.0001235445,0.0002521862
0.0017139713,-0.0004814668,-0.0008812021
0.00118425,0.0007083501,0.0005835971
0.0010939288,0.0014095359,0.00075388
0.0018854594,0.0005128977,-0.0005101197
0.0015852026,-0.0005010121,0.0005805454
0.0009657705,0.0003687515,-0.0001933569
0.0016395174,0.0012629466,-6.15249e-05
0.0014912198,0.00056115,0.0010614878
0.0015534682,9.93935e-05,-0.0005827493
0.0015455346,0.0006460497,-0.0006462239
0.0011915733,0.0009935886,0.0012976867
0.0016962732,0.000141538,0.0001819979
0.0017072582,-0.0002347081,-0.0008708265
0.0009376977,0.0004768611,0.0008753362
0.0016205988,0.0011200219,0.0002143456
0.0017212946,0.0002856842,0.0001765049
0.0011757061,-0.0003397638,0.0004859438
0.0015699457,0.0002410966,-0.0004399314
0.0012825047,0.0012049216,0.0003687598
0.0011091858,0.0010051936,0.0008710639
0.0019318405,-0.0001320955,-0.0003062685
0.0011232222,0.0002001737,-0.0002983341
0.0011061344,0.0009563305,0.0010944458
0.0019202453,0.0005806952,0.0001832186
0.0012330722,-0.0001577487,0.0002393692
0.001452162,0.0003895183,0.0002973509
0.0016199885,0.0003870751,0.0004383378
0.0010426655,0.0005012927,0.0001960356
0.0018695922,-0.0001241553,0.000592752
0.0016077829,4.07578e-05,3.5518e-05
0.0011964555,0.0006460497,0.0003889008
0.0019678469,0.0007541593,0.0004658028
0.0017890355,-2.09319e-05,0.0005243948
0.0012904384,3.40391e-05,1.96494e-05
0.0018988855,0.0008329511,0.0002180076
0.0015162412,0.0007675967,0.0008857119
0.0015052562,0.0001977305,9.2737e-06
0.0019770011,9.75611e-05,0.0001185233
0.0014271406,0.0003321041,0.0006653817
0.0013172906,0.0003504278,0.0002473036
0.0019495386,0.0001342085,0.0001612466
0.0014027295,-3.37585e-05,0.0008222373
0.0015504168,2.18233e-05,0.0001838289
0.0018097849,0.0001568077,0.0004041592
0.0012111022,0.0001604724,0.0008722846
0.0015284468,0.0001427595,-0.0001298822
0.001897665,8.83993e-05,0.0006666023
0.0012001172,0.0005794737,0.0006635507
0.0017115302,-2.52074e-05,0.0002271626
0.0016511127,-1.90995e-05,0.0003138299
0.0014899993,0.0002130003,0.0009912995
0.001897665,0.0004451001,3.61284e-05
0.0016169371,1.14399e-05,0.0007764623
0.0015034254,0.0002184974,0.0004084315
0.0021558126,2.5488e-05,0.0003791355
0.0014594854,4.80872e-05,0.0005036434
0.0016846779,0.0004866337,0.0002790409
0.0021344528,0.0002881273,0.0004920471
0.001441177,0.0002343779,0.0005469771
0.0019367228,1.32723e-05,0.0002741582
0.0019104808,0.0001775745,0.0002186179
0.0014771834,0.0001946766,0.0008112513
0.0019477078,0.0005251134,-0.0001707745
0.0020429111,0.0001623048,0.0011426621
0.0014533826,0.0002068924,1.9497e-06
0.0018293138,-3.219e-06,0.000161857
0.0016663696,0.0003864643,0.0009302662
0.0018073438,-0.0001351495,0.0005256154
0.001735331,-0.0001412573,-0.0003721844
0.0014729115,0.0004780827,0.0009192802
0.0017194638,0.0005489342,0.0006318134
0.0017969691,-0.0002542533,-1.26983e-05
0.0014716909,-6.91842e-05,0.0004249105
0.001823211,0.0003925722,0.0003754735
0.0014875581,0.0005544313,0.0002936889
0.0017908663,0.0002258268,0.0006922363
0.0019751703,-0.0001009453,0.0003046749
0.0014503312,0.0002581987,0.0002503552
0.0017347207,0.0002355995,0.0007843966
0.0021368939,7.74051e-05,0.0005787144
0.0017188535,0.0002197189,0.0001612466
0.0018616586,0.0007346141,0.0004224691
0.0020191103,0.0005055682,0.0009754308
0.001838468,0.0001287114,-0.0001201169
0.0020618297,0.0001342085,0.0003449569
0.0018085644,0.0009245695,0.0004841128
0.0019928683,0.0008976947,0.0004371171
0.0019824936,0.0002288808,0.000147209
0.0017896458,-0.00010461,0.0005347704
0.0018885108,0.0003485954,6.35933e-05
0.0017475366,0.0005580961,0.0006159447
0.0018268727,0.0002673605,0.0007068843
0.002077697,0.0002722468,-6.27456e-05
0.0016712518,0.0004255548,0.0006232687
0.0016791854,0.0003217207,0.0007660866
0.0020465728,0.0001952874,0.000125237
0.0017884252,0.0002710252,0.0005164604
0.0015272262,0.0005684795,0.0007691383
0.0019586928,0.000749273,9.2279e-05
0.0018531147,9.45072e-05,0.0007605936
0.0016663696,8.71777e-05,0.0004438308
0.002011787,0.0007071286,9.2737e-06
0.0017469263,0.0007504946,0.0009278249
0.0018085644,0.0005568745,0.0004969298
0.0022589495,8.65669e-05,0.0001063166
0.0015711662,0.0004884661,0.0004243001
0.0018226008,0.0005971866,0.00069895
0.0022784784,0.0005074006,0.0001929839
0.0019117014,0.0003101157,0.0008295613
0.0018482324,0.0003101157,0.0001819979
0.0020606092,0.0006515468,0.0002759892
0.0019245172,0.0007761477,0.0009656655
0.0021265192,0.000349817,0.0003284779
0.0019647955,0.0004548727,-0.0001951879
0.0018653202,0.0009215155,0.0009900788
0.0020392495,0.0006423849,0.000614724
0.0021161445,0.00025148,1.1715e-05
0.001757301,0.0004762503,0.000693457
0.0018049027,0.0010009181,0.0007239736
0.0020612195,0.0004200577,0.0006049587
0.0018592174,-0.0001455329,0.0006592783
0.0016645388,0.000138484,0.0002955199
0.0018793566,0.0009166292,0.0005872591
0.0016761341,0.0008976947,0.0009906892
0.0019617442,9.87827e-05,0.0004371171
0.0018183288,8.53454e-05,4.4673e-05
0.0016376865,0.0005825276,0.0008344439
0.0018287036,0.000882425,0.0006720953
0.0020606092,0.0002917921,0.0004816714
0.0017530291,0.0001109985,0.0006537853
0.0018152774,0.0004249441,0.0002680549
0.0019611339,0.0007083501,0.000759373
0.0018415194,0.0003889075,0.0007306873
0.002095395,0.0003418767,0.000147209
0.0018177185,0.0007871419,0.0005677284
0.001750588,0.0006600978,0.0010871218
0.0021979217,-8.99511e-05,7.45793e-05
0.0019123116,0.0001061122,0.0002607309
0.0017420441,0.0009129645,0.0011884371
0.0022613907,0.0009770973,0.0005268361
0.0020185,-1.651e-07,0.0005091364
0.001735331,1.02183e-05,0.0005402634
0.0021692387,0.000396237,0.000664161
0.0015150207,0.0008934192,0.0002729376
0.0019019369,0.0006784215,0.0012336017
0.0022217226,0.000196509,0.0002357072
0.0014771834,0.0001580293,0.0001411056
0.001658436,0.000569701,0.0011341174
0.0022168404,0.0004451001,0.000649513
0.0015717765,-8.01784e-05,0.0001984769
0.0015430934,0.0006674273,0.0003553325
0.002253457,0.0007272846,0.0011975921
0.0015717765,-1.11593e-05,0.0004267415
0.0017634038,-0.0003251048,0.0003724218
0.0020636606,0.0004505972,0.0003986662
0.0014338537,0.0009777081,0.0010401261
0.0020526756,0.0003577573,0.0006812503
0.0022626112,-0.0002744094,0.0003235952
0.0015168515,0.0002276592,0.0004059902
0.0018811875,0.0010436733,0.0007142083
0.0025470008,0.0007431651,0.0009906892
0.0016413482,2.79312e-05,7.0307e-05
0.0019556414,0.000341266,0.0003968352
0.0023199773,0.0006087915,0.0009803135
0.0016230399,0.0004854122,0.0003040645
0.0021417762,0.0002203297,0.0002668342
0.0020526756,0.0004524296,0.0007105463
0.0017267871,0.0006961344,0.0006104517
0.0021069903,4.99196e-05,0.0005097468
0.0020178897,-0.0001406466,0.0006269307
0.0016981041,0.000462813,0.000156364
0.0018720333,0.0009007487,0.0006104517
0.0020264336,0.0008152382,0.0011145868
0.0018988855,-0.000217606,-7.8156e-06
0.0016865088,-0.000182791,0.0002894165
0.0019519797,0.0005440479,0.0012097987
0.0019953094,0.0004939632,0.0004450515
0.0016590463,0.0002997323,0.0003925628
0.0019257378,0.0002942352,0.0009974028
0.0019794422,0.0004286088,0.0004035488
0.0016877293,0.0002533123,0.0005835971
0.0019867656,0.0005587068,0.0006800297
0.0020477934,0.0006081808,0.0002381486
0.0016413482,0.0008750955,0.0003998868
0.0022259945,0.0004994603,0.0008252889
0.0019031575,0.0001256574,0.0002235006
0.0017646244,-3.49801e-05,0.0005921417
0.0020807484,0.0005202271,0.0005262258
0.002121637,0.0005324429,0.000739232
0.0017963588,0.0003827996,0.0003565532
0.0020496242,0.0002710252,0.0005671181
0.0019861553,0.0005257242,0.0004633615
0.0019275686,0.000503125,0.0004041592
0.0018024616,0.0005275566,0.0004981504
0.0019715086,0.0005715334,0.0004548168
0.0019782217,0.0002606418,0.0006025174
0.0016389071,0.000694302,0.0004145348
0.0020978361,0.0007529377,0.0008478712
0.0018488427,0.00027469,0.0006830813
0.0014094426,0.0002374318,0.0004249105
0.0021393351,0.0002643065,0.000730077
0.0014906095,0.0003577573,0.0002546276
0.0013722156,0.0005055682,0.0005854281
0.0021881573,0.0004231117,0.0009620035
0.0016096137,-4.16987e-05,0.0005378221
0.0012208667,0.0001739098,2.2701e-05
0.002121637,0.0005214487,0.0011359484
0.0017048171,0.0003882967,0.000724584
0.0015400421,0.0005782521,-0.0002305872
0.0020941745,0.0008292864,0.0011139764
0.0013935753,0.0005654255,0.0006434097
0.0016352454,0.0003284394,-0.0001787089
0.0019672367,0.0003327149,0.0008466506
0.0015967979,0.0008500532,0.0005817661
0.0016267015,0.0007107933,-8.89899e-05
0.0017774402,0.0003388228,0.0010968871
0.0017829327,3.52607e-05,0.0005543011
0.0015388215,0.0002838518,-0.0004051424
0.0014478901,0.0007181228,0.001347734
0.0017920869,0.0004347167,0.0005628457
0.0018445708,-0.0001650781,3.1856e-05
0.0012361236,0.0003681407,0.0005774937
0.0016987143,0.0006808646,0.0011109248
0.0017493674,0.0006875833,0.0001697913
0.0014546031,-1.42132e-05,0.0009687172
0.0014906095,0.0007181228,5.1997e-05
0.0015888643,0.000627726,0.0008387162
0.0012178153,0.0003107265,0.000730077
0.0015369907,0.0001274898,5.68797e-05
0.0014478901,0.0007425543,0.0002747686
0.001168993,0.0004695317,0.0013080623
0.0013679437,0.0002087247,-0.0001384269
0.0015498065,-0.0002518102,0.0005457564
0.0010805027,0.0002075032,0.0007477766
0.0016242604,0.0006008513,0.0001026547
0.0014002884,0.0003999017,0.0009052425
0.001320342,-3.55909e-05,0.0005500287
0.0016114446,0.0002435397,-0.0003154235
0.0012519908,0.0008555503,0.0006116724
0.0014356845,0.0005849708,0.0010834598
0.001570556,0.0004261656,-0.0007255672
0.0012959309,0.0002136111,0.0009327075
0.0013929651,0.0006436065,0.0005268361
0.0015821512,0.0002429289,5.6117e-06
0.0013496353,0.0003919614,0.0006995603
0.001452162,0.0003363796,0.0008344439
0.0015168515,0.0004469325,-9.0363e-06
0.001179978,8.22914e-05,0.0008112513
0.001309357,-1.66564e-05,0.0004651925
0.0013606203,0.0004200577,-0.0003715741
0.0012757917,0.0005067898,0.0010950561
0.0011482436,0.0001830716,0.0003876802
0.0012855561,2.30449e-05,-0.0002702588
0.0011097961,0.0003516494,0.0004792301
0.0010225263,0.0005165624,0.0006891847
0.0015199029,0.0005678687,-0.0003502124
0.0009737041,2.91528e-05,0.0006537853
0.0008846035,0.0003327149,5.44383e-05
0.0015754382,0.0004090635,-5.60319e-05
0.0011586183,-1.90995e-05,0.0009772618
0.0008150318,-4.41419e-05,-7.06799e-05
0.0016828471,0.000326607,-5.3743e-06
0.0009065735,0.0002490368,0.0010572155
0.0011220016,0.0003351581,-6.51869e-05
0.0016260913,0.0002203297,-5.29803e-05
0.0008644643,0.0006851402,0.0007801243
0.0011439716,0.0008048548,-0.0002977238
0.001790256,0.0004793043,0.0002863649
0.0007881796,0.0002191082,0.0005878694
0.0011561772,0.0007633212,-0.0006852853
0.0015876437,0.0002997323,0.0010328021
0.0007338648,-1.11593e-05,0.0002576792
0.0014729115,-0.0002072226,-0.0004399314
0.0009852994,0.000286295,0.000731908
0.0010756205,0.0005770305,0.0007642556
0.0014039501,0.0002233837,-0.0007164122
0.0009328154,3.77038e-05,0.0008423782
0.000896809,0.0005104545,9.10583e-05
0.0013630614,0.0004426569,-0.0002202115
0.0007466807,0.0005067898,0.00077219
0.0012178153,0.0003675299,-0.0001115722
0.0011244427,0.0004438785,-0.0001103516
0.0006905351,0.0005330537,0.0008649606
0.0014332434,0.0001226035,1.65977e-05
0.0009383079,0.000138484,-0.0004246731
0.0006502567,0.0006637626,0.0006983397
0.0015095282,0.0004603698,0.0001404953
0.000835171,0.0001592508,-0.0002202115
0.0007930618,-9.23942e-05,0.0005536907
0.0012294106,0.0003858536,-0.0003294611
0.0008827727,0.0006881941,0.0002338762
0.0009804171,0.000627726,0.0005543011
0.0015412626,-5.26929e-05,3.67387e-05
0.0007887898,0.0003235531,-0.0003721844
0.0010078796,0.0006753675,0.0008484816
0.0013667231,0.0009435039,-0.0003611984
0.0011494641,0.0004921308,0.0004139245
0.0008040468,0.0006179534,4.95557e-05
0.0012483292,0.0004933524,2.94147e-05
0.0007576657,0.0004762503,9.16687e-05
0.0010646355,0.0004249441,0.0005103571
0.0010603635,0.0003504278,-0.0001219479
0.0008107598,0.0005275566,0.0002491346
0.0009431902,1.20507e-05,0.0004127038
0.0009297641,0.0001091661,-8.41072e-05
0.0009682116,0.0001213819,0.0005793247
0.0007668198,0.0005086221,-4.56563e-05
0.0010060488,0.0008976947,0.0002942992
0.0009273229,0.000404788,0.0001777256
0.0007692609,0.000138484,3.49077e-05
0.0009700424,0.0007199551,-7.80039e-05
0.000934036,0.000815849,0.0005738317
0.0007143359,0.0006289476,-0.0003026065
0.0011458025,0.0004060096,4.6504e-05
0.0009852994,0.000517784,0.0005512494
0.000716777,0.0003754701,-3.10083e-05
0.0008913165,0.0003388228,-0.0002134978
0.0009352566,0.0005019035,0.0003712012
0.0007161668,0.0003137805,0.000158195
0.0009169482,0.0004237225,-0.0001628402
0.0008400532,0.0002478152,0.0003034542
0.0007668198,0.0003223315,4.52833e-05
0.0010737897,0.0005886355,0.000136223
0.0009688218,0.0007767585,0.0003058955
0.0008601924,0.000714458,0.0001789463
0.000912066,0.0003974585,-9.02106e-05
0.0010420552,0.0003376012,0.0003583842
0.0006423231,0.000647882,-0.0001146239
0.001092098,0.0005458803,0.0004395585
0.0006301176,0.0004964064,-0.0002067842
0.0007723123,0.0002343779,0.0002161766
0.0008223551,0.0002795763,-9.0363e-06
0.0006777192,0.0003773025,0.0003425155
0.0007717021,0.0003021755,5.81003e-05
0.0006478156,7.00756e-05,0.000154533
0.0007637684,0.0002759115,0.0001148613
0.0007601068,0.0005782521,1.65977e-05
0.0007381368,0.0005245027,0.0003657082
0.0010243571,0.0001995629,0.000110589
0.0006349998,0.0003870751,-0.0002226528
0.0006679548,0.0007309493,0.0003266469
0.0010505991,0.0005416048,0.0004560375
0.0009389182,0.0004267764,-0.0002318078
0.0006899248,0.000286295,0.0002363176
0.0010255777,0.0005776413,0.0003235952
0.000977976,0.0004634238,0.0002265522
0.0006703959,0.0002221621,5.62693e-05
0.0011647211,0.0001543645,0.0003773045
0.0008302887,0.000639331,0.0001710119
0.0007027406,0.0003669191,0.0002161766
0.0010567019,6.51893e-05,7.7631e-05
0.0008540896,0.0002545339,0.0001276783
0.0006911454,0.0006100131,0.0001313403
0.0009145071,0.0004554835,0.0002296039
0.0009553957,0.0002960676,0.0001209646
0.0008156421,0.0002020061,0.000132561
0.0007985543,0.0002698036,0.0003199332
0.0007710918,0.0003602004,-0.0001420889
0.0008772801,0.0003748594,0.0002112939
0.0007350854,0.0002410966,0.0001502606
0.0009065735,0.0002698036,-0.0001744365
0.0008229654,0.0003113373,0.0002338762
0.000661852,0.0004133391,0.0002112939
0.0010274085,0.0001763529,-0.0002385215
0.0007338648,0.0002429289,0.0002991819
0.0007808562,0.0001842932,0.0004401688
0.0009883507,3.7093e-05,-0.0002519488
0.0008406635,1.38831e-05,0.0002509656
0.0008052673,0.0003400444,0.0003284779
0.0011647211,0.0005868031,7.9462e-05
0.000912066,0.0004383814,0.0002137353
0.0008797213,0.0003876859,1.1715e-05
0.0010896569,0.0003656975,-3.10083e-05
0.0008699568,0.0001787961,0.0003803562
0.0009419696,0.000439603,-1.88016e-05
0.0010609738,0.0003046186,8.8617e-05
0.0009700424,5.29736e-05,0.0004584788
0.0008559204,-0.0001259876,2.75837e-05
0.0010091002,0.0004707532,-0.0001549059
0.0008504279,0.0003492062,0.0006855227
0.0009157277,4.0147e-05,-9.81449e-05
0.0010170338,0.0001598616,-0.0003935461
0.0008052673,0.0005568745,0.0005768834
0.000754004,0.0004676993,0.0001911529
0.0011335969,0.0002539231,-0.0003184751
0.0007826871,0.0001549753,0.0004450515
0.0007076229,0.0004261656,0.0001203543
0.0010536505,0.0003986801,-9.50932e-05
0.0008485971,3.4996e-06,0.0006269307
0.0008492074,3.46499e-05,-0.0003251888
0.0008919268,0.0006106239,-0.0001414785
0.0008113701,0.0006368878,0.0008454299
0.0009138968,-7.22382e-05,-0.0003776774
0.0009865199,0.0001226035,-0.0003544848
0.0008058776,0.0006228397,0.000766697
0.0009309846,0.0004188362,4.52833e-05
0.0009755349,0.0001946766,-0.0002958928
0.0011104063,7.7752e-06,0.0007203116
0.0007814665,0.0003608112,-0.0002250942
0.0009993357,0.0005623716,0.000105096
0.0010725691,0.0002924028,0.0005317187
0.0010066591,0.0001079446,-0.0001994602
0.0011104063,0.0005251134,-0.0001500232
0.0009682116,0.0005923002,0.0007489973
0.000977976,0.0003278286,-0.0001146239
0.0012861664,0.0002856842,-9.57036e-05
0.0009981152,0.0003553141,0.0009198905
0.0007839076,0.0004041772,-0.0001054689
0.0012208667,0.0003992909,-0.0001298822
0.0007710918,0.0005306106,0.0005018124
0.0009547855,0.000439603,0.0002900269
0.00120622,0.0003956262,-0.0004716687
0.0006783295,0.0001708558,0.000708105
0.0007875693,0.0007511054,-0.0002562212
0.0014332434,0.0002429289,0.0003083369
0.0006142503,0.000271636,0.0002942992
0.0009474621,0.0004426569,-5.05389e-05
0.0011146783,0.0004310519,0.0001539226
0.0008058776,0.0002887381,0.0004206381
0.0011348175,0.0004530403,-0.0004240627
0.001070128,0.0007327817,0.0004438308
0.0007241004,0.0007566025,0.0003077265
0.0012715197,0.0002374318,-0.0002488972
0.0010707383,0.0001757421,0.0005109674
0.0008614129,0.0005556529,0.0002430312
0.001173265,0.0007877527,-0.0001646712
0.0010658561,0.0005715334,0.0007398423
0.00116228,0.0001317653,0.0001429366
0.0010756205,0.0001775745,-0.0002153288
0.0008327299,0.0008494424,0.0005616251
0.0013661128,0.0007419435,0.0004096521
0.0011653314,0.0001769637,-0.0001982395
0.0011671622,0.0002123895,0.0005085261
0.0010170338,0.0004994603,0.0001484296
0.0010011666,0.000517784,0.000136223
0.0012458881,0.0003785241,0.0004261311
0.0014503312,0.0004121175,0.0003199332
0.0008516485,0.0006600978,-3.28393e-05
0.0009901816,0.0006735352,0.0003913422
0.0014460592,0.0003272178,0.0004230795
0.0010847747,0.000173299,-0.0001347649
0.0009413593,0.0006148994,0.0003181022
0.001239175,0.0008237893,0.0004706854
0.0010805027,0.0003809672,0.0001514813
0.0010414449,0.0002331563,0.000108758
0.0012995925,0.0004133391,0.0004932678
0.0010408347,0.0007016315,0.0001246266
0.000971263,0.000338212,0.0002027493
0.0013484148,0.0002435397,7.82413e-05
0.0011537361,0.000373027,0.0003235952
0.0009413593,0.0007486622,0.000103265
0.0013783184,0.00056115,0.0005433151
0.0012318517,9.5118e-05,0.0004291828
0.0012214769,-7.65137e-05,0.0001520916
0.0012965411,0.0006558223,0.0002918579
0.0011342072,0.0008665445,0.0009436935
0.0016999349,0.0003278286,0.000592752
0.0014637573,-0.0001730184,-7.86143e-05
0.0009114557,0.0006374986,0.0005402634
0.0015107487,0.0009526657,0.000658668
0.0015052562,0.0004273872,0.0001649086
0.0010695177,0.000427998,5.44383e-05
0.0013978473,0.0008885329,0.0003095575
0.001015203,0.0005489342,0.000616555
0.0011531258,0.0001635264,1.3394e-06
0.0015241748,-0.0001614134,0.0002399796
0.0009096249,0.0007340033,0.0003303089
0.0012580936,0.0008867005,0.0004914368
0.0014485004,0.0001525322,0.0003937835
0.0010847747,-0.0002469238,0.0003583842
0.00122819,0.000239875,1.04944e-05
0.001125053,0.0009343421,0.0004596995
0.0011647211,0.0006924696,0.0007386216
0.0016950527,5.11412e-05,-3.16186e-05
0.0010493785,0.0002795763,0.0001661293
0.0011043036,0.0012342395,0.0005280568
0.0016907807,0.0006356663,0.000700781
0.0011818089,0.0001012259,0.0001350023
0.0012208667,0.0003595896,1.04944e-05
0.0014899993,0.0007382788,0.0008912049
0.0009547855,0.0004793043,0.0005219534
0.0014680293,0.000184904,-0.0001188962
0.0014967123,0.0001623048,0.0009247732
0.0008852138,0.0006631518,0.0005805454
0.001621209,0.0001134417,0.0002289936
0.0012080508,-0.0002286002,0.000642189
0.0013191214,0.0003443199,0.0005219534
0.0015351598,0.0008793711,0.0004243001
0.0012867767,0.0008109627,0.0010157128
0.0012269694,0.0001568077,0.0001722326
0.0014997637,0.0002197189,8.06827e-05
0.0009456313,0.0010797099,0.0005341601
0.0013294961,0.0013435707,0.0004004972
0.0014338537,0.0007627104,0.0002222799
0.0010145927,0.0002966784,0.0001075373
0.001136038,0.0003253854,0.0002997922
0.0013673334,0.000338212,0.0005640664
0.0009242716,0.000294846,0.000128899
0.0011482436,0.0003321041,0.0004462721
0.0013465839,0.000315002,0.0009479659
0.0012043892,-5.94116e-05,0.0004841128
0.0009840788,-2.27643e-05,2.02597e-05
0.001298372,0.0006527684,0.0008374956
0.0012068303,0.0010058044,0.0004505445
0.0013301064,0.000650936,0.0004102625
0.0012879972,0.0006222289,0.0004474928
0.0014149351,0.0007669859,0.00077219
0.0013581792,0.0006051268,0.0005420944
0.0013978473,0.0005739766,0.000592752
0.0013233934,0.0009135753,0.0005658974
0.0012709095,0.0006869725,0.0004072108
0.0014179865,9.75611e-05,0.0006617197
0.0014448387,0.0002264376,0.0003266469
0.0012153742,0.0005770305,0.0002979612
0.0010530402,0.0006124563,0.0006574473
0.001507087,0.0004371598,0.0002912475
0.0013954062,-0.0001449221,0.0006647713
0.0009334257,0.0001555861,0.0004224691
0.0014271406,0.000694302,0.0003309192
0.0013410914,0.0008335619,0.0008802189
0.0011439716,0.0007792017,0.0004853334
0.0014185967,0.0007010207,-9.57036e-05
0.0011220016,0.0008671553,0.0007966033
0.0011097961,0.0008787603,0.0004377275
0.0015119693,0.0006558223,5.0014e-06
0.0011653314,0.0007785909,0.0008826602
0.00111834,0.0004560943,0.0005182914
0.0013111878,0.0001928442,0.0002088526
0.001151295,-0.0001168258,0.0010877321
0.0011274941,0.0002294916,0.0004310138
0.001239175,0.0006503252,0.0002448622
0.0010628047,0.0005067898,0.0010462295
0.0013148495,0.0002313239,0.0003223745
0.0013496353,0.0002276592,-0.0001396476
0.0010689074,0.0007871419,0.0009601725
0.0013722156,0.0008873113,0.0005677284
0.0015699457,0.0005452695,0.0001862703
0.000923051,0.0003522602,0.0007422836
0.0013514662,0.0007566025,0.0003834078
0.0016883396,0.000839059,0.0004975401
0.0010457169,0.0006148994,0.0008582469
0.0013569587,0.0004689209,0.0001240163
0.0013819801,0.0008256216,1.3394e-06
0.0009431902,0.0004127283,0.0013452926
0.0014826759,0.0001464243,0.0001002133
0.0013154598,1.6937e-05,0.0001392746
0.0006447642,0.0006888049,0.0011322864
0.0016187679,0.000529389,0.0007129877
0.0013679437,3.15959e-05,0.0001594156
0.000754004,0.0001439811,0.0006891847
0.0014600956,0.0008066872,9.10583e-05
0.0012379544,0.0008439453,0.0006580577
0.0007924515,0.000726063,0.0003382432
0.0016639285,0.0003467631,0.0003004025
0.0008009954,0.0007938606,0.0002332659
0.0010292394,0.0004780827,0.0009455245
0.0016669799,-0.0001009453,0.0003766942
0.0008711774,3.83146e-05,0.0002149559
0.0009279332,0.0007773693,0.0007966033
0.001669421,0.0002545339,0.0011737891
0.001054871,-2.03211e-05,-4.38253e-05
0.0010780616,0.000260031,0.0001826083
0.0014845068,0.0008677661,0.0010779668
0.0011988967,0.000569701,0.0003577738
0.0010396141,0.0003229423,-9.87552e-05
0.001456434,0.000482969,0.0008014859
0.0011811986,0.0006527684,0.0004950988
0.0011818089,0.0004640345,0.0004346758
0.0015034254,0.0001287114,0.0008240683
0.0009968946,0.0003430983,-2.97876e-05
0.0012092714,0.000769429,0.0004969298
0.0014735218,0.0004872445,0.0010743048
0.0008431046,2.91528e-05,-0.0001433095
0.0012556525,0.0004249441,0.000134392
0.0012263592,0.0006252828,0.0010566051
0.0008473765,0.0005141192,0.0002381486
0.0014582648,0.000349817,0.0001710119
0.0011458025,0.0003834104,0.0010810184
0.0006960276,0.0005751981,0.0001350023
0.0014582648,0.0004921308,5.3828e-05
0.0010194749,0.00022827,0.001307452
0.0007625479,0.0006356663,-8.89899e-05
0.0015241748,0.0004231117,0.0001337816
0.0007021304,0.0001598616,0.0012976867
0.0009462416,0.0004933524,-0.0001555162
0.0014930507,0.0004212793,0.0003193229
0.0007082331,0.0003889075,0.0011615824
0.001168993,0.0004994603,-0.0002885688
0.0015211234,0.0003369904,0.0005976347
0.0003744111,0.0003492062,0.0009076839
0.0015437037,0.0005348861,-0.0003813394
0.0014137145,0.0006356663,0.000750218
0.0003634261,0.0005513774,0.0008771672
0.001632194,0.0004005125,-0.0004783824
0.0012886075,0.000419447,0.0009577312
0.0003091113,0.0008396698,0.0006672127
0.001702376,0.0004029556,-8.47176e-05
0.0008614129,0.0003864643,0.0007728003
0.0005288114,0.0004334951,0.0006800297
0.0015534682,0.0003889075,-0.0003355644
0.0006136401,0.0005806952,0.0010096095
0.0007686507,0.0006515468,0.0004279621
0.0013996781,0.000427998,-0.0003508228
0.000404925,0.0005868031,0.0010578258
0.0010066591,0.0005324429,0.0004462721
0.0012446675,4.0147e-05,-0.0001152342
0.000213908,0.0006222289,0.0005579631
0.0013593998,0.0006643733,0.0008570262
0.0010530402,0.0003192776,-5.3743e-06
0.0003438972,0.0004676993,0.0004566478
0.0014802348,0.0003589788,0.0006592783
0.0010231366,0.0005385508,0.0001282886
0.0005123339,0.0007712614,0.0006074
0.0012941,0.0008421129,5.5659e-05
0.0011177297,0.0004127283,0.0008960876
0.0004244539,0.0005580961,-0.0002373008
0.0014423976,0.00027469,0.0005420944
0.0007875693,0.0005049574,0.0002900269
0.0007594965,0.0007327817,0.0004621408
0.0014179865,0.0004750288,0.0003937835
0.0007558348,0.0001366516,0.0005829867
0.0007222695,0.0006491036,1.3394e-06
0.0014021192,0.0006833078,0.0007032223
0.0006270662,0.0004231117,0.0008448196
0.0009663807,0.0006613194,-0.0005522327
0.0012190358,0.0008237893,0.0006635507
0.000198651,0.0009447255,0.0005024228
0.001401509,0.0003950154,-0.0001262202
0.0011439716,0.0003376012,0.0003168815
-0.0001559205,0.0006240613,0.0006470717
0.0013661128,0.0008225677,-0.0004216214
0.0010676869,0.000260031,0.0009754308
0.0001376232,0.0002917921,0.0004627511
0.0015937465,0.0002429289,-0.0003050478
0.00052576,0.0002991215,0.0009766515
0.0003835652,0.0004872445,0.0005988554
0.0020361981,0.0001458135,-2.85669e-05
0.0001803427,0.00089403,0.0004896058
0.0006313381,0.0011493398,0.0009668862
0.0020490139,0.0003669191,-0.0001512439
0.0001693577,0.0003204991,0.0005970244
0.0005599356,0.0010742128,1.29357e-05
0.0019019369,0.0009935886,0.0005451461
8.4529e-05,0.0002881273,0.000609231
0.0008907063,0.0001690235,-0.0004442037
0.0016779649,0.0002294916,0.000695288
-0.0001058777,0.0007370572,0.0006434097
0.0010524299,0.0002942352,-0.0002458455
0.0013142392,0.0002319347,0.0002698859
-2.7407e-06,0.0003290502,0.0008045376
0.0009816377,0.0004579267,-0.0005870216
0.0012526011,0.0002075032,0.0010352435
0.0002840899,0.0001879579,0.0004560375
0.0009852994,0.0007938606,-0.0007988072
0.0009517341,0.0010583322,0.0012775457
0.0003640364,0.0005434371,0.0004743474
0.0011531258,-1.90995e-05,-0.0007145812
0.0005513917,0.0007040746,0.0004773991
0.0003121627,0.0010363438,0.0006391374
0.0011506847,0.0005941326,-0.0002720898
0.0008723979,-0.0002102765,0.0009357592
0.0002340471,-0.0002298218,-0.0003428884
0.0009584471,0.0005348861,-0.0001286616
0.0008339504,0.0005910787,0.0014710212
0.0005123339,3.58715e-05,-0.0001207272
0.0009975049,4.99196e-05,-0.0006303553
0.0005135545,0.0008408914,0.0009290455
0.0006337792,0.0004634238,0.0006391374
0.0014143248,0.0001201603,-0.0004496967
0.0005001283,0.0004939632,0.0005433151
0.0004030941,0.0015035974,0.0001954253
0.0013789287,0.0008408914,0.0002802616
0.0005526123,-0.0002328757,0.0003889008
0.0005495609,7.55727e-05,-0.0005449087
0.0009944535,0.0011572801,0.0003174919
0.0004873125,0.0008671553,0.0010126612
0.0007350854,-0.0002011147,-0.0004234524
0.0009322052,-0.0001156042,-7.37316e-05
0.0002883619,0.0005226703,0.0009833652
0.0006941967,0.0005849708,-8.96002e-05
0.0010225263,-8.93403e-05,0.0002979612
0.0002810385,0.0002142218,0.0001801669
0.0005416272,0.0008500532,-0.0001140136
0.0007625479,0.0007651535,0.0006702643
0.0005404067,0.0001714666,2.6363e-05
0.0006581903,0.0003229423,-0.0006852853
0.0005245395,0.0009160184,0.0008985289
0.0006569698,0.0006326123,0.0003327502
0.0005361347,0.0001842932,-0.0010868844
0.0004830406,0.0002893489,0.0008069789
0.0008540896,0.0006723136,0.0003535015
0.0006234045,0.0001928442,-0.0003904944
0.0004177408,5.332e-06,0.0004102625
0.0007009098,-6.8838e-06,0.000139885
0.000775974,0.0004872445,-0.0002989445
0.0003646466,0.0004108959,0.0008643502
0.0008876549,0.000474418,-7.43419e-05
0.0005709206,0.0001800177,-0.0003868324
0.000422623,0.0004536511,0.0005726111
0.0008217449,0.0007205659,-3.71116e-05
0.0006905351,0.000619175,-3.34496e-05
0.000246863,0.0006081808,0.0002442519
0.0009883507,0.0004786935,3.06354e-05
0.0005904495,0.0004493756,6.8324e-06
0.0004342183,0.0001580293,0.0005030331
0.0006801604,0.0004188362,-0.0004393211
0.0004683939,0.0004334951,0.0002686652
0.0005642075,0.000126879,0.0004755681
0.0006166914,-1.66564e-05,-0.0002623245
0.0003402355,0.0003314933,-1.08673e-05
0.0006386615,0.0003070618,0.000700781
0.0007265415,0.0005165624,-0.0004356591
0.000290803,0.0008531071,8.55653e-05
0.0007259312,0.0004786935,0.0004767888
0.0005751925,0.0002991215,-0.0004710584
0.0005355245,0.0005183948,5.07763e-05
0.0006862631,0.0005916895,0.0004743474
0.0006423231,0.0004304412,-0.0002073945
0.0005605459,0.0004683101,5.1997e-05
0.0007228798,0.0001684127,0.0007380113
0.0006368306,0.0001305438,-0.0001378166
0.0004940256,0.0004560943,-0.0001396476
0.0007814665,0.0005422155,0.000737401
0.0004799892,0.0006423849,-0.0004124664
0.0007454601,0.0006674273,-0.0001243892
0.0005672589,0.0004053988,0.0004633615
0.0006380512,0.0002447613,-0.0001072999
0.0005855673,0.0003742486,-0.0002501178
0.0005776337,0.0007101825,0.0005817661
0.0005965523,0.0005342753,-6.76283e-05
0.0007131154,0.00015864,-0.0002110565
0.0005245395,-0.0001088855,0.0005823764
0.0005343039,0.0004035664,-0.0003337334
0.0006996893,0.0004542619,0.0002192283
0.0003750214,0.0005916895,0.0002387589
0.000754004,0.0004805259,-7.55626e-05
0.0005886187,0.0005104545,-0.0002733105
0.0004622911,0.0002673605,0.0007435043
0.0007747534,0.0001103877,-0.0002501178
0.0006783295,0.0003339365,-0.0001109619
0.0004561883,0.0006399418,0.0007544903
0.0007436293,0.0006338339,-0.0004033114
0.0008656849,4.56441e-05,0.0003504498
0.0004574089,6.82433e-05,0.0003101679
0.0006520876,0.0004151714,-0.0001292719
0.0006465951,0.0007627104,-4.916e-07
0.0007820768,0.0002142218,0.0009443039
0.0005800748,0.0002410966,-0.0007493702
0.0006850426,0.0005226703,0.0002076319
0.0005843467,0.0005330537,0.0007947723
0.0007393573,0.0001641372,-0.0001665022
0.0008803315,0.0003082834,-0.0002080048
0.000339015,0.0008201245,0.0003687598
0.0008003851,0.0008781495,0.0002161766
0.0009529546,7.12972e-05,0.0002802616
0.000433608,6.82433e-05,-0.0001140136
0.0006966379,0.0005428263,0.0001221853
0.0007546143,0.0008085195,0.0005073054
0.0008431046,-0.0001101071,0.0002741582
0.0005648178,1.02183e-05,-0.0006895576
0.0006447642,0.0009777081,0.0006598887
0.0007381368,0.0006686489,0.0006360857
0.0006917556,-0.0001058316,-0.0005485707
0.0005416272,0.0002917921,0.0001185233
0.0007247106,0.0009349529,0.0005463667
0.0004763275,0.0007425543,-0.0001622299
0.0008595821,0.0002557555,0.0001386643
0.0008223551,7.43512e-05,0.0004944884
0.0004152997,0.0003186668,-0.0003117615
0.0006301176,0.0005654255,0.0003254262
0.0010689074,0.0002722468,0.0006025174
0.0003365738,0.000138484,-0.0005040164
0.0007588862,0.0007718722,0.0002875855
0.0008662951,0.0003070618,0.0009107355
0.0006130298,5.332e-06,-0.0003618088
0.000666124,0.0003944046,-0.0004155181
0.0008260168,0.0007511054,0.0011798924
0.0006588006,0.0007456083,-0.0001494129
0.0007417984,0.0001158848,-9.14312e-05
0.0005965523,0.0003168344,0.0005585734
0.0005617664,0.0003687515,8.00723e-05
0.0007564451,0.0006607086,-0.0002037325
0.0006941967,0.0004994603,0.0008661812
0.0005715309,0.0003980693,-0.0002482868
0.000885824,0.0002154434,5.07763e-05
0.0006215737,0.0002691929,0.000609231
0.0005709206,0.0005684795,6.54243e-05
0.0009639396,0.0007156796,-0.0002189908
0.0004043147,0.0004414354,0.0006171654
0.000536745,0.0003455415,-0.0001152342
0.0010676869,0.0002325455,3.3687e-05
0.0002566274,0.0003540925,0.0005201224
0.0005495609,0.0007804233,-0.000532702
0.001327055,0.0006228397,0.0005439254
0.0001620343,0.0006649841,0.0003626565
0.0008150318,0.0002392642,-0.0002305872
0.0009956741,0.0003211099,0.0001899323
0.0003542719,0.0007107933,0.0008539746
0.0010414449,0.0004664777,4.71143e-05
0.0007631582,0.000283241,0.0001771153
0.0004012633,0.000329661,0.0005890901
0.0008937577,0.000208114,-0.0001121826
0.0008937577,0.0004371598,0.0005677284
0.0003384047,0.0005831384,0.0001978666
0.0012306311,0.0006649841,0.000150871
0.0008077085,0.0005135085,0.0003492292
0.0003652569,0.0006399418,0.0001588053
0.0012031686,0.0007052962,-9.57036e-05
0.0006984687,0.0004060096,0.0005750524
0.0006032653,0.0008231785,-0.0001231686
0.0011274941,0.0004676993,0.0001819979
0.0004464239,0.0003650867,0.0003351915
0.0006685651,0.0005745874,-0.0001719952
0.0009834685,0.0004249441,0.0005848177
0.000536745,0.0001256574,0.0005817661
0.0007607171,-3.86448e-05,-0.0004820444
0.000786959,0.0007883635,0.0003699805
0.0007710918,0.0009624384,0.0010523328
0.0010780616,0.0003718054,-0.0003923254
0.0007015201,0.0002160542,0.0004554271
0.0008229654,0.0005403832,0.0006360857
0.0008315093,0.0007547701,-0.0001732159
0.000710064,0.0009538873,0.0008081996
0.0010499888,0.0006991883,0.0006153344
0.0009254921,0.0002441505,-0.0004161284
0.0002816488,0.0003889075,0.0005347704
0.0011946247,0.0005550421,0.0007148186
0.000841884,7.25188e-05,-0.0001457509
0.000400653,0.0007401112,0.0002668342
0.0012471086,0.0006613194,0.0008551952
0.0008546999,-0.0001614134,0.0003669288
0.0004311669,-0.0002573073,-1.81913e-05
0.0011519052,0.0006582655,0.0002796512
0.0006423231,0.0015390232,0.0006153344
0.0007820768,0.0006936912,0.0003791355
0.0013294961,8.16806e-05,-0.0001726055
0.0004439828,0.000361422,0.0003657082
0.0007936721,0.0010943688,0.0002869752
0.0012855561,0.0006851402,0.0006562267
0.0004409314,0.0005849708,-9.81449e-05
0.0010969802,0.0002496476,0.000691626
0.0007692609,0.0004426569,0.0001404953
0.0005758028,0.0005019035,0.0005835971
0.0010695177,0.0003650867,5.3828e-05
0.0007710918,0.0006778107,0.0003742528
0.0005892289,0.0010082475,0.0002942992
0.0010750102,-0.0001198797,0.0006305927
0.0006636828,-0.0002231031,0.0001691809
0.0006813809,0.0008573827,-8.65486e-05
0.0012220872,0.0008378374,0.0014502699
0.0007491218,0.000349817,0.0003504498
0.0008608026,-0.0002011147,-0.0003288508
0.0007680404,0.0004683101,0.0004706854
0.0005745823,0.0013460139,0.0005897004
0.0014076117,0.000928845,0.0004291828
0.0006057064,-0.0001601918,0.0002180076
0.0005666486,0.0003492062,-7.80039e-05
0.0011635005,0.0006808646,0.0005897004
0.0006240148,0.0004683101,0.0011335071
0.0010560916,6.39678e-05,-7.61729e-05
0.0011970658,8.96209e-05,0.0005591837
0.0001772913,0.000952055,0.000600076
0.0012556525,0.0004848014,0.0005073054
0.0011464127,3.09851e-05,0.0002930785
0.0003438972,0.0008195137,0.0002540172
0.0011079652,0.0011786577,0.0002650032
0.0007436293,0.0005660363,0.0005848177
0.0006435437,0.000419447,0.0001246266
0.0011726547,0.0004591482,0.0001923736
0.0005697,0.000804244,0.0007526593
0.0007741432,0.0007486622,0.0002863649
0.0012123228,-4.9639e-05,0.0004859438
0.0004018736,-9.48374e-05,0.0003699805
0.0009474621,0.0007566025,0.0002741582
0.0010866055,0.0006472712,0.0008301716
0.0002566274,0.0002496476,0.0001356126
0.0010902672,0.0002618634,-7.2053e-06
0.0008974193,0.0004817474,0.0007911103
0.0004622911,0.0009123537,0.000724584
0.0010621944,0.000471364,-7.80039e-05
0.0010994213,0.0002997323,0.0008741156
0.0004781583,0.0007132365,0.0003101679
0.0012367339,0.0007553809,0.0004535961
0.0009193893,0.0002856842,0.0009766515
0.0006581903,0.0002331563,-1.3919e-05
0.0012495497,0.0005507666,0.0003107782
0.0006588006,0.0007767585,0.0012152917
0.0008388326,0.0004115067,0.0001465986
0.0012068303,-9.17834e-05,2.14804e-05
0.0006057064,0.000604516,0.0008252889
0.0008888754,0.0010815422,0.0004066005
0.0011329866,0.0005501558,0.0005359911
0.0004769378,0.000193455,0.0004230795
0.0008009954,0.0007101825,-0.0004606827
0.0010383935,0.0011297946,0.0009388109
0.0004738864,0.0007883635,0.0007288563
0.0009547855,1.02183e-05,-0.0004344384
0.0007552245,5.41951e-05,0.000618386
0.000411638,0.0008305079,0.0006727057
0.001136038,0.0005452695,0.0003565532
0.0007375265,8.59562e-05,0.0006855227
0.0009328154,0.0001910119,0.0006708747
0.0009023015,0.0005690903,-5.3743e-06
0.0004702247,0.0007150688,0.0010132715
0.0010951494,0.0003834104,0.0004438308
0.000901081,0.0004530403,-0.0002910101
0.0006203531,0.0009184616,0.0010596568
0.0009730938,0.0007358357,0.0003895112
0.0010274085,0.0001598616,0.0002680549
0.0006758884,0.0002807978,0.0005860384
0.0012580936,0.0002661389,0.0009882478
0.0006331689,0.0007950822,-0.0002379112
0.0007851282,0.0004646453,0.0010352435
0.001217205,1.57154e-05,0.0005506391
0.0008864343,0.0002618634,-2.24636e-05
0.0005886187,0.000807298,0.0006287617
0.0008290682,0.0008653229,0.0005042538
0.0011128475,0.0004695317,0.0001282886
0.0008534793,0.0006051268,0.0002680549
0.0007454601,0.0007853096,0.0009119562
0.0008827727,0.0008396698,-5.3743e-06
0.0010383935,0.0001262682,0.0008796086
0.0005825159,0.00051473,5.0166e-05
0.0010341216,0.000818903,0.0005634561
0.0007106743,0.0006295584,0.0007001707
0.0005495609,0.0001397056,0.0003467879
0.001125053,0.0001739098,-8.47176e-05
0.0005764131,0.0005580961,0.0009876375
0.0005770234,0.0008439453,0.0005250051
0.0012941,2.48773e-05,0.0001484296
0.0006099784,4.74765e-05,0.0005103571
0.0006075373,0.0008671553,0.0003748632
0.0011970658,0.0009080782,0.0007349596
0.0005513917,0.0002288808,0.0003071162
0.0007790254,0.0006680381,-0.0002122772
0.0012092714,0.000804244,0.0008759466
0.0003811241,0.0006698704,0.0006830813
0.0010359524,0.0003437091,-0.0003343438
0.0010872158,0.0004176146,0.0008545849
0.0005013489,0.0003510386,0.0011261831
0.0008894857,0.0003589788,-0.000534533
0.0012379544,0.0001390948,0.0010559948
0.0001833941,0.0008176814,0.0006061794
0.0013337681,0.000592911,2.39217e-05
0.0008742288,0.0003345473,0.0006080104
0.0002615096,0.0007071286,0.0004468825
0.0012342928,0.0008005793,-0.0001518542
0.0007570554,0.0005214487,0.0010541638
0.0004696144,0.0006881941,8.1293e-05
0.0012910486,0.0006753675,1.3394e-06
0.0002737152,0.0006985775,0.0013159967
0.0007076229,0.0005306106,-0.0001439199
0.0012275797,5.332e-06,1.47667e-05
0.0001534904,0.0006558223,0.0010401261
0.0009193893,0.000639331,-0.0001005862
0.0009193893,0.0001281006,3.12457e-05
0.0002633405,0.0004634238,0.0012018644
0.0011635005,0.0006875833,-0.0004136871
0.0006978584,0.0004518188,0.000627541
0.0003377944,0.0003840212,0.0009687172
0.001485117,0.00025148,-0.0004002597
0.0003316916,0.0008280648,0.0005097468
0.0006130298,0.0011029198,0.0011286244
0.0014216481,0.0002887381,-0.0004301661
0.0002706638,0.00051473,0.0002228903
0.0006209634,0.000818903,0.0009711585
0.0014399565,0.0004670885,0.00011242
0.0002291649,0.0001867363,0.0003223745
0.0007710918,0.0006600978,0.0006592783
0.0014076117,0.0005770305,0.0005750524
0.0001705782,0.0002789655,0.0002784306
0.0007588862,1.02183e-05,0.0002296039
0.0011958453,0.0005941326,0.0002942992
0.0001193149,0.0009887023,0.0004700751
0.0009254921,0.0006387202,0.0002167869
0.0011635005,0.0002869057,0.0002088526
5.64562e-05,0.000737668,0.0002802616
0.0008394429,0.0006863617,0.0004328448
0.0011049138,0.000451208,0.0004206381
0.0003298608,0.0002606418,0.0005268361
0.0007918412,0.0005324429,8.80067e-05
0.0008516485,0.0006753675,0.0008698432
0.0004128586,0.0002233837,0.0005860384
0.0010213058,-1.23809e-05,-2.97876e-05
0.0005440684,0.0006765891,0.0005079158
0.0004958564,0.0007511054,0.0008533642
0.0012330722,0.000369973,9.28893e-05
0.0004506958,0.0006460497,4.16214e-05
0.000595942,0.0008775387,0.0007837863
0.0009663807,0.000506179,0.0001679603
0.0006710062,0.0002184974,8.25137e-05
0.0006044859,0.0003742486,0.0002460829
0.0007948926,0.0011200219,0.0004120935
0.0007918412,0.0007981361,0.0004828921
0.0007027406,-0.0002267678,0.0003211539
0.0006008242,0.0002111679,-0.0001603989
0.0006594109,0.0004896877,0.0005903107
0.0005123339,0.0005373292,0.0002790409
0.0008809418,0.000526335,0.0001392746
0.0008846035,0.0005135085,0.0005201224
0.0003951605,0.0005245027,0.0002717169
0.0007271518,0.0003913507,8.053e-06
0.000857141,0.0003363796,0.000603738
0.0004275053,0.0006839186,5.44383e-05
0.0006386615,0.0011377348,-5.11493e-05
0.0008211346,0.0005880247,0.0010694221
0.0005343039,-8.99511e-05,-6.82386e-05
0.0006472053,-4.47527e-05,-8.96002e-05
0.0004824303,0.0006521576,0.0009632242
0.0005794645,0.0008421129,0.0001972563
0.0007491218,0.0002453721,0.0002186179
0.000602655,7.4962e-05,0.0006653817
0.0006423231,0.0001757421,-0.0001671125
0.0003573233,0.0005507666,0.0001832186
0.0008064879,0.0009190724,0.0008149133
0.0006801604,0.0008268432,-0.0007481496
0.0003695289,0.0003919614,0.0007013913
0.0006819912,0.0003540925,0.0004236898
0.0009004707,0.0001763529,-0.0003282404
2.77732e-05,0.000659487,0.0005176811
0.0009877405,0.0008097411,0.0008777776
0.0009199996,0.0002197189,-0.0002751415
-0.0002199997,0.0002655281,0.0002430312
0.0011549566,0.0003534817,0.0007947723
0.0008504279,0.000173299,-0.0002952825
-0.0002523444,0.0007553809,0.0001002133
0.0011256633,0.0010424517,0.0007068843
0.0007448498,0.0003088941,-3.40599e-05
-0.0001553102,0.0001250467,-0.0002879585
0.0011201708,0.000471364,0.0007160393
0.0006142503,0.0008201245,0.0002454726
-0.0002791967,0.000702853,-0.0001805399
0.0013075261,0.0003870751,0.0005744421
0.0005434581,-6.79627e-05,0.0001704016
-0.0001772802,0.0003565357,-0.0002379112
0.001173265,0.0004878553,0.000686133
0.0004354389,0.0005000711,0.0001569743
2.04498e-05,0.0004982387,-0.0001951879
0.0012147639,0.0004060096,0.0005671181
0.0001351821,0.0003895183,0.0001557536
9.00215e-05,0.0005819168,-0.0003770671
0.0013703848,0.0004414354,0.0007288563
7.72057e-05,0.0006875833,8.19033e-05
0.0002480835,0.0006778107,-0.0002629348
0.0012965411,0.0001659695,0.0008808292
2.28909e-05,0.0002099463,-0.0001915259
0.0005703103,0.0004334951,-0.0001304926
0.0009242716,0.0004823582,0.0010303608
0.0001309102,0.0003540925,-6.27456e-05
0.0006221839,0.0001372624,-0.0005082887
0.0005812953,0.0006906373,0.0008185753
0.0003811241,0.0008292864,3.49077e-05
0.0006105887,0.0004426569,-0.0005534533
0.0004244539,0.0006313907,0.0007294666
0.0003780727,0.0005477126,-0.0001689435
0.0005648178,0.0002465937,-0.0006468343
0.0002676124,0.0007730938,0.000689795
0.0005965523,0.0006265044,0.0001685706
0.0005532225,-0.0001320955,-0.0001671125
0.0002212313,-9.66698e-05,0.0004792301
0.000530032,0.00027469,9.34997e-05
0.0004470342,0.0002905705,0.0001771153
0.0003695289,0.0008103519,0.0003937835
0.0007454601,0.0004646453,0.0002698859
0.0004165203,0.0002814086,-0.0001134032
0.0002956852,0.0003418767,0.0001862703
0.0007582759,0.0009202939,8.19033e-05
0.0004567986,0.0005654255,0.0004432205
0.0002956852,0.0005226703,-0.0003782878
0.0006819912,0.0005055682,0.0001557536
0.000323758,0.0005923002,0.0003492292
0.0004690042,4.1104e-06,8.00723e-05
0.0008101496,-9.42266e-05,-1.51396e-05
0.0001888866,0.0005385508,0.0001374436
0.000220621,0.0007230091,1.9039e-05
0.000738747,0.0003547033,0.0003113885
0.0006063167,-0.0002621936,0.0003473982
0.0001852249,0.0002099463,-0.0007548632
0.0004665631,0.0009661031,0.0004566478
0.0005269806,0.0009581629,0.0004743474
0.0007253209,0.0001812392,-0.0004039217
0.0004287258,0.0003687515,-0.0001994602
0.0003085011,0.0008995271,0.0006025174
0.0005678692,0.0006790323,-0.0002122772
0.0004122483,3.4996e-06,0.0001911529
0.0004275053,0.000341266,-2.30739e-05
0.0004165203,0.0008610474,-9.81449e-05
0.0002901927,0.0001775745,0.0009552899
0.0007698712,-0.0005962952,-9.99759e-05
0.0004873125,-0.0001791263,-0.000452138
9.9786e-05,0.0014095359,0.0007911103
0.0008449354,0.0007999685,0.0006720953
0.000617912,-0.0001858449,-0.0005705426
0.0002962955,-0.0001058316,0.0003040645
0.0004995181,0.0010277928,-0.0001658919
0.0002682227,0.0012238561,0.0003510602
0.0007741432,0.0005819168,0.0002796512
0.0007588862,1.87694e-05,-0.0003904944
-3.75266e-05,0.0006619302,-1.575e-05
0.0005239292,0.0005452695,0.000665992
0.0007503423,-0.0003098351,-1.45293e-05
0.0001418952,0.0001348193,-0.0003611984
0.0006240148,0.0008769279,0.0005463667
0.0005123339,0.0007052962,0.0002802616
0.0004366594,-0.0001406466,0.0001948149
0.0006966379,-5.51361e-05,-0.0002281458
0.0002871413,0.0010723804,0.000128899
0.0004830406,0.0012495092,0.0004749578
0.0006331689,0.0002123895,0.0001551433
0.0004757172,-5.45253e-05,-0.0004313867
0.0002767666,0.0006491036,6.72553e-05
0.0005001283,0.0012696652,0.000706274
0.0005654281,0.0005135085,6.1152e-05
0.0004348286,-0.0004252742,-0.0002324182
0.0001559316,0.0001928442,3.06354e-05
0.0004201819,0.0007126257,0.0005005918
0.0004757172,0.000373027,0.0002418106
0.0005532225,-0.0001088855,-0.0002128875
0.0004732761,0.0006790323,0.0001630776
0.0004207922,0.0006472712,0.0007886689
0.00043788,5.72491e-05,-0.0002208218
0.000536745,0.0002575879,-0.0003117615
0.0005709206,0.0010577215,0.0005341601
0.0005050106,0.0011890411,0.0001026547
0.0005385759,0.0006448281,9.5941e-05
0.0006301176,-0.0001351495,0.0002595102
0.0004214025,-1.29917e-05,-0.0002836861
0.0003011777,0.0009703786,0.0002216696
0.0008138112,0.001125519,0.0009949615
0.0005282011,4.0147e-05,-0.0002183805
0.0002450321,-6.73519e-05,-0.0003526538
0.000602655,0.0006454389,0.0005579631
0.0002950749,0.0009019703,0.0001819979
0.0002602891,0.0003974585,-7.49523e-05
0.0008040468,0.0002301024,3.97904e-05
0.0002962955,0.0007223983,7.2138e-05
3.99787e-05,0.0009422823,0.0001874909
0.0009517341,0.0002472045,0.0007215323
0.0004519164,9.2064e-05,-0.0004496967
1.98396e-05,0.0005006819,0.0003156609
0.0007985543,0.0009691571,0.0008216269
0.0003335225,0.0001109985,-2.55153e-05
0.0002779872,-3.43693e-05,-0.0001201169
0.0009309846,0.0008115735,0.0005109674
0.0001406746,0.0011982029,0.0003986662
0.0001852249,0.0004121175,5.62693e-05
0.0011305455,-0.0004771913,0.0001862703
-8.2332e-06,0.000373027,2.94147e-05
0.0004342183,0.0011988137,0.0007032223
0.0010585327,0.0006655949,0.0002765996
0.0001577624,0.0001226035,3.3687e-05
0.0006545287,0.0003522602,0.0001917633
0.0009791966,0.0002777439,0.0005909211
-0.0003329011,0.0006552115,-0.0003325128
0.0009419696,0.0006063484,0.0003809665
0.0009407491,0.0004982387,0.0003498395
-0.0002010811,0.0007083501,-0.0001817605
0.0006624623,0.000740722,0.0002778202
0.0009096249,-0.0002457023,0.000731908
-0.0002102352,0.0003388228,-0.0008305445
0.0009047427,0.0011957598,0.000752049
0.0005886187,0.0009728218,0.0009632242
-0.0001107599,2.06017e-05,-0.0009019535
0.0008797213,-0.00017424,0.0002180076
0.0006349998,0.0003534817,0.0010932251
-0.0002517342,0.0008085195,-0.0006822336
0.0007839076,0.0007346141,0.0005353807
0.0008485971,7.74051e-05,0.0010083888
4.85226e-05,-1.05485e-05,-0.0007792765
0.000716777,0.0005678687,0.0006171654
0.0007955029,0.0004591482,0.0014508802
0.0001364027,0.0002099463,-0.0011949133
0.0008357812,0.0008366158,0.0001923736
0.0006636828,0.0011548369,0.0016022428
0.0001968202,0.0003620328,-0.0007597459
0.0008284579,-0.000182791,-0.0002409628
0.0006124195,0.0005049574,0.0014563732
0.0001962099,0.0010369546,-0.0006968816
0.0008138112,0.0005006819,0.0005420944
0.0006343895,-8.26216e-05,0.0011145868
0.0005684795,-2.45967e-05,-0.0008488545
0.0004921947,0.0007199551,0.0004261311
0.0003853961,0.0007657643,0.0014539319
0.0008394429,0.0001842932,-0.0010447714
0.0003902783,0.0002924028,0.0001819979
0.0004677836,0.0010125231,0.0012079677
0.0006679548,0.0004066204,-0.0003990391
0.0004250642,0.0002661389,0.0001850496
0.0006581903,0.000341266,0.0011298451
0.0004207922,0.0007798125,-0.0004619034
0.0004329978,0.0005354969,0.000631203
0.0005001283,0.0004011233,0.0005158501
0.0007662096,0.0004053988,-8.16659e-05
0.000339015,0.000639331,0.0001966459
0.0003664775,0.0005782521,0.0008069789
0.0006105887,0.0001287114,-8.34969e-05
0.0006581903,7.4962e-05,0.0002015286
0.0003554925,0.0006448281,0.0006336444
0.0007173873,0.000714458,0.0004926574
0.0007314237,0.0002032276,0.0001404953
0.0004433725,0.0002759115,0.0001716223
0.0005660384,0.0005342753,0.0005445357
0.0007790254,0.000503125,0.0002320452
0.0002639508,0.0004866337,0.0003419052
0.0007308134,0.0007669859,0.0003351915
0.0008925371,0.0003082834,0.0005768834
0.0002926338,0.0005110653,9.5941e-05
0.0006783295,0.0006484928,0.0004841128
0.000824186,0.0004591482,0.0005225638
0.0002926338,0.0002227729,8.19033e-05
0.0006777192,0.0006985775,2.88044e-05
0.0006984687,0.0006906373,0.0008985289
9.73449e-05,0.000581306,-0.0003257991
0.0007131154,0.0002093355,0.0002222799
0.0005648178,0.0003040078,0.0006800297
0.0002200107,0.0003626436,4.22317e-05
0.0006923659,0.0003632544,0.0004633615
0.0006282867,0.000419447,0.000634865
0.0003152141,0.0004848014,6.60347e-05
0.0004781583,0.0008757063,0.0004029385
0.0007564451,0.0004053988,0.0009369799
0.0004940256,-0.0001662997,-0.0002745311
0.0003622055,0.0005800845,0.0001246266
0.0008937577,0.0014987111,0.0008381059
0.0003542719,0.0007254522,0.0003156609
0.0007631582,1.6673e-06,3.1856e-05
0.0007424087,0.0002594202,0.0001533123
0.0002236724,0.0004780827,0.0009546795
0.0006234045,0.0003113373,0.0002149559
0.0011561772,0.0004341059,0.0002430312
7.23235e-05,0.0006533791,0.0006757573
0.000650867,0.0005190056,0.0004712958
0.0010524299,-3.55909e-05,0.0001282886
6.4134e-06,0.0001891795,0.0002155663
0.0008717876,0.0011566693,0.0003321399
0.0009938432,0.0014070928,0.0006489027
0.0003066702,0.0002038384,0.00068064
0.0007662096,-0.0001522516,-0.0006962712
0.0007717021,0.000659487,0.0006098414
6.37796e-05,0.001339906,0.0008960876
0.0010341216,0.0002087247,0.000141716
0.0005776337,0.0001348193,-0.0001939672
0.0002230621,0.0006130671,0.000759373
0.0006655137,0.000639331,0.0003150505
0.0008797213,0.0001409272,0.0004773991
0.000286531,0.000239875,0.0002839236
0.00048182,0.0008347835,0.0002375382
0.0007137256,0.0008085195,0.0007996549
0.0005605459,-0.0001467545,0.000594583
0.0006081476,0.0002099463,-0.0001878639
0.0006795501,0.0009294558,0.0005848177
0.0002541863,0.0011395672,0.0007959929
0.0009462416,7.43512e-05,5.6117e-06
0.0008009954,-0.0001553055,0.0003840182
0.0001632549,0.0008378374,0.0004755681
0.000857141,0.0013173068,0.0002790409
0.0007631582,0.00060757,0.0009058529
0.000536745,-0.0001662997,0.0004102625
0.0008046571,5.05304e-05,-0.0003251888
0.0003756316,0.0006497144,0.0010175438
0.0006258456,0.0009038026,0.0006763677
0.0012025583,0.0003003431,-3.40599e-05
9.00215e-05,0.0004725856,0.0003168815
0.000710064,0.0007529377,0.0005573527
0.0008473765,0.0001952874,0.0002021389
0.0002090257,0.0002301024,0.0005207328
0.0008955885,0.0009514442,0.0001789463
0.0008290682,0.0010143554,0.0008338336
0.0001852249,0.0005947434,0.0006287617
0.0009529546,-0.0001327063,-8.59382e-05
0.000562987,0.0002013953,0.0005268361
0.0001602035,0.0011664419,0.0005372117
0.0009804171,0.0008482208,0.0005140191
0.0004458136,0.0002209405,0.0003333605
0.0004555781,1.75478e-05,0.0002137353
0.0009267127,0.0006747568,0.0003870698
0.0004482547,0.0006851402,0.0008045376
0.000444593,0.0003424875,0.0001154716
0.0008730082,0.0003027863,0.0001746739
0.0003695289,0.0008066872,0.000675147
0.0005111133,0.0005544313,0.0006263204
0.0009114557,0.0001800177,0.0002027493
0.0005294217,0.0003834104,0.0002192283
0.0004122483,0.0007773693,0.0008289509
0.0010664663,0.0007126257,0.0005481977
0.0005928906,0.0002435397,0.0002387589
0.0004189614,0.0005849708,0.0003748632
0.0012422264,0.0008720416,0.0008991392
0.000389668,0.0006484928,0.0001978666
0.0003597644,0.0003449307,0.0003028439
0.000977976,0.0005916895,0.000141716
0.0004555781,0.0007859204,0.0006611093
0.0004677836,0.0005128977,0.0004316241
0.0009199996,0.0001409272,0.0001673499
0.0002230621,0.0004139499,0.0002460829
0.0004616808,0.0007138473,0.0003718115
0.0010121516,0.000462813,0.0008197959
0.0002700535,0.0004121175,-4.44356e-05
0.0004134689,0.0003925722,0.0003693702
0.0007710918,0.00060757,0.0004334551
0.0004055353,0.0003876859,0.0003834078
0.0005129442,0.0005941326,4.52833e-05
0.0004854817,0.0005910787,0.0005445357
0.0006270662,0.0006332231,0.0003950042
0.0006978584,0.0001262682,0.0004865541
0.0005532225,0.0005507666,0.0001697913
0.000492805,0.0011450643,0.0002552379
0.0006972481,0.0009196831,0.0008393266
0.0007027406,0.0003406552,0.0001081476
0.0006215737,-8.14e-05,0.0003852388
0.0002822591,0.0005000711,0.0002259419
0.0008620232,0.0008225677,0.0005494184
0.0006752781,0.0005984081,0.0005176811
0.000606927,0.0001488674,0.0005762731
0.0007009098,0.0002502584,-3.03979e-05
0.0003756316,0.0005849708,0.0005012021
0.0006752781,0.0009306773,0.0004322345
0.0009584471,0.0006063484,0.0003040645
0.0002145182,0.0007443867,0.000123406
0.0006142503,0.0007340033,0.0003620462
0.0009444107,0.0002649173,0.0003791355
0.0002608994,0.0004579267,1.65977e-05
0.0006484259,0.0008500532,0.0005140191
0.0007710918,0.0006436065,0.0006067897
9.5514e-05,0.0001140525,0.0001227956
0.0006905351,9.45072e-05,0.0002723272
0.0006569698,0.0001806285,0.0005976347
0.0002596788,0.0008170706,0.0002314349
0.0008205243,0.0008127951,0.0005378221
0.0005434581,0.0003547033,0.0005005918
0.0002267238,1.6937e-05,-6.82386e-05
0.0008803315,0.000471364,0.0001697913
0.0004085866,0.0009667139,0.0008429886
0.0003969914,0.0008561611,0.000114251
0.0010396141,0.0003009539,4.22317e-05
0.0003133833,0.0004041772,0.0005420944
0.0004085866,0.0006930804,0.0001789463
0.0009236613,0.000549545,0.0001679603
0.000279818,0.0004127283,0.0005579631
0.0005837364,0.0003504278,3.61284e-05
0.0007363059,0.0004359383,0.000123406
0.0001644754,0.0002337671,0.0009278249
0.0007472909,0.0002533123,-0.0002012912
0.0007753637,0.0003107265,0.0001679603
-1.73874e-05,0.0011468967,0.0006305927
0.0008522588,0.0006753675,0.0003394639
0.0006795501,-0.0002078334,-0.0001726055
-6.43788e-05,0.0003620328,0.00014904
0.0009236613,0.0011145248,0.0004200278
0.0005513917,0.0007669859,0.0006940673
0.0001541007,0.000103669,1.59874e-05
0.0008730082,0.0002239945,-2.85669e-05
0.0005184367,0.0006320015,0.0010755255
2.9604e-05,0.0006374986,6.222e-06
0.0009157277,0.0001861256,-5.3743e-06
0.0004043147,0.0004805259,0.0003937835
3.02143e-05,0.0006454389,0.0003205435
0.0009535649,0.0003321041,-0.0001127929
0.0001486082,0.0001781853,0.0003931732
0.0003158244,0.0004786935,0.0003559428
0.000923051,0.0005116761,8.19033e-05
-7.0127e-06,0.000494574,0.0003742528
0.0004238436,0.0005617608,0.0001612466
0.0012794534,1.6937e-05,0.0005048641
-0.0001223552,0.0006014621,2.51424e-05
0.0007448498,0.0005923002,0.0005512494
0.0007723123,0.000671092,8.92273e-05
8.08674e-05,0.0002624742,0.0005121881
0.0007485115,0.0006546007,-0.0002311975
0.0007790254,0.0003223315,0.0008222373
-0.0001272374,0.0006808646,-9.93656e-05
0.0010335113,0.0004414354,0.0001057063
0.0004482547,0.0002917921,0.0005518597
0.0001827838,0.0004505972,0.0001807773
0.0007729226,0.0005440479,-0.0002574418
0.0003792933,0.0005257242,0.0008155236
0.0002602891,0.0002313239,0.0002491346
0.0009511238,0.0002276592,-0.0004551897
-0.000124186,0.0005306106,0.0007978239
0.000220621,0.0007401112,-0.0001494129
0.0010786719,5.48059e-05,0.000125237
-0.0001717877,0.0005043466,0.0003174919
0.0004195716,0.000784088,0.000114251
0.000879111,0.0001775745,0.0004090418
-0.0001382224,-2.33751e-05,0.0001942046
0.0007289826,0.0005739766,-0.0002598832
0.0005074517,0.0008335619,0.0007673073
5.52357e-05,0.0007101825,0.000611062
0.0010267983,-9.05619e-05,-0.000481434
0.0002352677,9.32856e-05,0.0003535015
2.1415e-06,0.0009783189,0.0003956145
0.0011757061,0.0004402138,0.0002808719
0.0001620343,-1.11593e-05,0.0002241109
0.0001931585,0.000352871,-0.0001774882
0.0010493785,0.0007034638,0.0003119989
-0.0002560061,0.0006179534,0.0007471663
0.0007460704,8.10698e-05,-0.0003093201
0.0008180832,5.11412e-05,-7.55626e-05
-0.0005165948,0.0013533433,0.0003345812
0.0010036077,0.0007663751,0.0006141137
0.0006093681,-0.0004032858,-0.0002092255
-0.0004744856,0.0005684795,-0.0002690381
0.0009480724,0.0009471686,0.000642189
0.0002486938,0.0003101157,0.0003889008
-0.0001205244,0.0001458135,-0.000571153
0.0010359524,0.0004731964,0.0005079158
-2.59313e-05,0.0004994603,0.0007947723
6.01179e-05,0.0005440479,-0.0007689009
0.0010719588,5.29736e-05,0.0006025174
-0.0001046572,0.0003999017,0.0006373064
0.0004391005,0.0006423849,-0.0006480549
0.0006679548,0.0008011901,0.000592752
-9.06208e-05,0.0004848014,0.0006904053
0.0007088434,0.0001519214,-0.0008604508
0.0004665631,0.0004389922,0.0006141137
-8.14666e-05,0.0006985775,0.0006965087
0.0006746679,0.0003876859,-0.0008500752
0.0004183511,0.0004951848,0.0007587626
0.0002017024,0.0006649841,0.0005988554
0.0007741432,0.0001250467,-0.0005577257
-3.26443e-05,0.0003443199,0.0004413895
0.0002053641,0.0007107933,0.0001893219
0.0007546143,0.0002539231,-0.0002971135
-3.81369e-05,0.0006662057,0.0003748632
0.0005233189,0.0006790323,0.0002772099
0.0004519164,0.0001250467,-0.0003996494
-2.47107e-05,0.0002899597,0.0005085261
0.0007942823,0.0005855816,-4.13839e-05
0.0001339615,0.0006081808,0.0001881013
-6.55994e-05,0.0006008513,0.0006177757
0.0011256633,-9.91129e-05,-0.0001518542
-0.0001351711,0.0002740792,-0.0001994602
-3.6306e-05,0.001027182,0.0008301716
0.0012226975,0.0003137805,0.0003022335
-0.0002505136,-8.56756e-05,-0.0005644393
8.20879e-05,0.0007132365,0.0004450515
0.0010731794,0.0007871419,0.0005567424
-0.0002523444,0.0002972892,3.0025e-05
0.0002804283,0.0001830716,-0.0003392264
0.0007765843,0.0004023449,0.0004737371
-0.0005025584,0.0009196831,-2.91773e-05
0.000721049,0.000303397,4.71143e-05
0.0008211346,-5.51361e-05,0.0002497449
-0.0003377834,0.0004603698,0.0001893219
0.0005941112,0.0007266738,-0.0002983341
0.0006075373,0.0003009539,0.0007752416
-7.53638e-05,7.86267e-05,0.00013073
0.0008333401,0.0003131697,-0.0004448141
0.0002419808,0.0009789297,0.000750218
3.32657e-05,0.0008305079,0.0002790409
0.0010847747,0.0001604724,-0.0003599778
7.634e-06,0.0005519882,0.000163688
2.7518e-06,0.0010766559,0.0003876802
0.0009499032,0.0005587068,-0.0001701642
3.26554e-05,0.0001482566,0.0005994657
0.000209636,0.0001806285,-0.0001311029
0.000694807,0.0005098437,3.30767e-05
-0.0001382224,0.0006527684,0.0008094203
0.0003908886,0.0001061122,-6.88489e-05
0.0007778048,-0.0002744094,0.0001227956
-0.0003518197,0.0006607086,0.0003779148
0.0006209634,0.0006961344,0.0001569743
0.0003945503,0.0002142218,1.9039e-05
-3.9613e-06,0.0004383814,0.0002296039
0.0004683939,0.0008781495,-0.0003703534
0.0005391861,0.0007382788,0.0008802189
-3.02032e-05,0.0002508692,-0.0001072999
0.0006673445,0.0001989521,-0.0005864113
0.000180953,0.0008268432,0.0007697486
0.0001675268,0.0008421129,0.0003321399
0.0006307278,0.0001109985,-0.0005980076
-0.0001101497,-4.29203e-05,0.0006043484
0.0004024839,0.0002447613,0.0004108728
0.0005239292,0.0005281674,-0.000536364
-3.50855e-05,0.000486023,0.0009919098
0.0005178264,0.0003278286,-0.0001079102
0.0005483403,0.0002252161,-0.0002940618
-0.0002059633,0.0008353943,0.000684302
0.0007985543,0.0004603698,0.0002894165
0.0002377088,0.0006130671,-0.0007469289
-9.5503e-05,0.000972211,0.0008442092
0.0009553957,0.0005953542,0.0001441573
1.5312e-06,0.0001879579,-0.0004338281
-0.0001662952,0.0003553141,0.0007129877
0.0010933186,2.60988e-05,0.0003889008
-0.0001980297,0.0002972892,-0.0002958928
0.0001223663,0.0007352249,0.000728246
0.0009944535,9.02317e-05,0.0004243001
-0.0004000317,0.0002575879,-0.0006358483
0.0004665631,0.0006723136,0.000724584
0.0006893145,0.0003522602,0.0001984769
-0.0003072694,0.0005196163,-0.0006822336
0.0005025695,0.0008903653,0.0002430312
0.0007582759,0.0006197857,0.0008698432
-0.0001345608,0.0001079446,-0.0005412467
0.0005288114,0.0002624742,0.0001905426
0.0004586294,0.0004377706,0.0010151025
2.59423e-05,0.000427998,-0.0003868324
0.0008675157,0.0002496476,0.0004682441
0.0002920235,0.0003253854,0.0006122827
-6.13274e-05,0.0005361077,-0.0004808237
0.0007405779,0.0005910787,0.0004633615
0.000213908,0.0004383814,0.0008112513
5.1574e-05,0.0006289476,-0.0008873055
0.0006826015,0.000604516,0.0003370225
3.69273e-05,0.0008207353,0.0007215323
0.0004171305,0.0004750288,-0.0004637344
0.000536745,0.000170245,3.5518e-05
-0.0002376978,0.0004976279,0.0007489973
0.0005086722,0.0005299998,-0.0002867378
0.000764989,-0.0001662997,0.0004419998
-0.0003805028,8.22914e-05,0.0004084315
0.000716777,0.0006350555,-6.09146e-05
0.0006063167,0.0002685821,0.0007349596
-0.0003798925,0.0003272178,0.0001710119
0.0010164235,0.0006313907,-5.60319e-05
0.0003139936,0.0006753675,0.0004310138
-0.0003390039,0.0009392284,0.0001404953
0.0013197317,0.0006124563,-0.0002012912
3.08246e-05,0.000306451,0.0007599833
-0.00024258,0.0008867005,-0.0004448141
0.0012312414,-1.3867e-06,0.000656837
-3.75266e-05,0.0001555861,0.0004438308
1.37368e-05,0.0001604724,-0.0002952825
0.0008882652,0.0006521576,0.0005335497
0.0001095504,6.76325e-05,0.0014264669
0.0002456424,-2.33751e-05,-0.001121063
0.0006526978,0.0001464243,0.0004383378
-0.0002560061,0.0014144222,0.0005225638
0.0007643787,0.001015577,-0.0004319971
0.0002639508,0.0002032276,0.0002613412
5.95076e-05,0.0003956262,0.0001874909
0.0003207066,0.0006729244,-0.000519885
0.0003030086,0.0005446587,0.0011328968
0.0004714453,5.332e-06,0.0003998868
0.0004098072,0.0001262682,-0.0007396049
-4.42396e-05,0.0009135753,0.0011579204
0.0007186079,-1.54348e-05,0.0008667916
0.0003316916,-0.0004771913,-0.0006498859
0.0002157388,0.0004402138,0.0005054744
3.99787e-05,0.0012488984,0.0004066005
0.0007741432,0.0008237893,0.0003699805
0.0003554925,-2.45967e-05,7.45793e-05
0.0002889722,8.83993e-05,0.0003370225
0.0002297752,0.0011291838,-0.0002586625
0.0006008242,0.0008305079,0.0009717688
0.000165696,0.000471364,-4.19943e-05
0.0007082331,8.53454e-05,-0.0001884742
0.0001522699,0.0005257242,0.0005231741
0.0001461671,0.0006026837,0.0004548168
0.0009767555,1.75478e-05,0.0002064113
0.0001022271,1.87694e-05,0.0001716223
0.0002352677,0.0008983055,0.0004780094
0.0007851282,0.0005519882,0.0006098414
2.10601e-05,-9.66698e-05,0.0002119043
0.0004189614,0.0004072312,-0.0002263148
0.0007259312,0.001050392,0.0007935516
-5.1563e-05,0.0009471686,0.0003620462
0.000356713,0.0007211767,-0.0005998386
0.0007771946,0.0001354301,0.0009320972
-0.0001321197,0.0004371598,-0.0002012912
0.000400653,0.0008512748,-0.0003819498
0.0005574945,0.0004420461,0.0014142603
0.0001119915,-0.0001656889,-7.73936e-05
0.0005129442,-5.0514e-06,-0.0006993229
0.0003921091,0.0003430983,0.0017401781
0.0001864455,0.000503125,9.34997e-05
0.0007405779,0.0002111679,-0.000540026
0.0001840043,0.0004145606,0.0013721473
0.0005288114,0.0011102493,1.59874e-05
0.0006954173,0.0007034638,-0.0001066896
0.0001998716,0.0003485954,0.0010828494
0.0008046571,0.0005892463,-0.0003135925
0.000617912,0.0010143554,0.0002613412
-7.47535e-05,0.0008946408,0.001278156
0.0008595821,-0.0001290416,-0.0002220425
0.0006557492,-9.78913e-05,-0.0001158446
-2.41005e-05,0.0004964064,0.0015155755
0.0005471198,0.0009459471,-0.0004124664
0.0007411882,-7.89569e-05,0.0005109674
-1.73874e-05,-0.000124766,0.0005970244
0.000639882,0.000581306,-0.000536364
0.0004287258,0.0010870393,0.0006867433
0.0002590685,0.0004805259,0.0011774511
0.0007509526,0.0003876859,-0.0013462759
0.0003957708,0.0008213461,0.0007679176
-0.0001302888,0.001027182,0.0012567944
0.0009511238,0.0003284394,-0.001091767
0.0002456424,-6.67411e-05,0.000636696
-6.31582e-05,0.0007779801,0.0006928467
0.0010353422,0.0007401112,-9.08209e-05
6.6831e-05,0.0002569771,0.000722753
0.0001528802,-0.0002634151,0.0006379167
0.0010414449,0.0002337671,-0.0005156127
-0.0002553958,0.000839059,0.001221395
0.0003780727,0.000636277,0.0003461775
0.001158008,-1.54348e-05,-0.0004350487
-0.0001162524,0.000604516,0.0007807346
0.0004165203,0.0009752649,0.0003461775
0.0009761452,0.0005635932,-2.18533e-05
-0.0001223552,0.0003119481,0.0004938781
0.0006984687,0.0002386534,0.0002155663
0.0007411882,0.0007230091,-0.0001249996
-0.0001016058,0.0005819168,0.0011188591
0.0007967235,0.0004939632,-0.0003270198
0.0007064023,8.3513e-05,0.0003705908
-8.75694e-05,0.0005739766,0.0008313923
0.0008278476,0.0001329869,0.0003107782
0.0003115524,0.000208114,-0.0002092255
9.5514e-05,0.0006723136,0.0009821445
0.0011110166,0.0008311187,0.0002949095
5.88974e-05,0.0006399418,2.57527e-05
0.0002035332,0.0005128977,0.0005286671
0.0009633293,0.0003492062,5.3828e-05
7.29337e-05,0.0005923002,0.0002564586
0.0002041435,0.0010497812,0.0002839236
0.0008510382,0.0007089609,0.0004975401
0.0002114669,7.31296e-05,0.0003046749
0.0004391005,-0.0003098351,0.0003693702
0.0005507814,0.0006265044,0.0001691809
0.0002267238,0.0005336645,0.0009479659
0.0006801604,0.0004542619,0.0001948149
0.000677109,9.81719e-05,0.0003473982
0.0002059743,0.0005397724,0.0004371171
0.0003670877,0.0007346141,0.000139885
0.000852869,0.0008549395,0.0003803562
0.0004030941,0.0005342753,0.0002894165
0.0005044003,0.0006173426,0.0001166923
0.0005733617,0.0008659337,0.0004560375
0.0004342183,0.0002581987,0.0005939727
0.0005050106,4.32009e-05,5.81003e-05
0.000716777,0.000506179,0.0006763677
0.0003622055,0.0004444893,0.0005994657
0.0001955996,0.0001427595,-1.2088e-05
0.0008711774,0.0003095049,0.0004444411
0.0003951605,0.0004902985,0.000653175
0.0001760707,0.000992367,-0.0002653761
0.0007967235,0.0007327817,0.0004944884
0.0003005674,0.0003101157,0.000594583
0.0004683939,0.0001329869,-0.0001738262
0.0006624623,0.0006484928,0.0003205435
-2.89827e-05,0.0012507308,0.0007959929
0.0007784151,0.0006973559,0.0002216696
0.000655139,-0.0001461437,0.0002106836
-0.0001974194,0.0003467631,0.0003174919
0.0006850426,0.0006014621,0.0003754735
0.0004348286,0.0003082834,0.0004426101
0.0001644754,0.0003925722,0.0002100733
0.000885824,0.0005086221,0.0003193229
0.0004250642,0.0003217207,0.0006287617
-8.4518e-05,0.0003443199,8.4955e-05
0.0012690786,0.0003571465,0.0005103571
0.0003701391,0.0006283368,0.0002619516
0.0001461671,0.0010827638,0.0002521862
0.0011604491,0.0009044134,0.0005335497
0.0004873125,-4.71958e-05,0.0003150505
5.09637e-05,0.0006203965,-0.0004893684
0.0012678581,0.0009526657,0.0009943512
0.0001022271,0.0004854122,0.0006226584
0.0002273341,-9.9377e-06,-0.0003166441
0.0012648067,0.0001177172,0.0006159447
-0.0001003852,0.000572755,0.0008753362
0.0003756316,0.0006759783,-0.0002684278
0.0011323764,8.10698e-05,0.0006702643
-0.0003280189,0.0003986801,0.0004273518
0.0005574945,0.0005953542,-0.000527209
0.0006649034,0.0005892463,0.0007624246
-1.67771e-05,0.0007309493,0.0005182914
0.0008235757,0.0003858536,-0.000558336
0.0003463383,0.0006307799,0.000763035
0.0001302999,0.000772483,0.0005457564
0.0009413593,-6.30764e-05,-0.0001463612
0.0001370129,0.0002093355,0.0005359911
0.0003530513,0.0009453363,0.0002540172
0.0007778048,0.0006472712,0.0003107782
0.0001882763,-2.6429e-05,0.0008197959
0.0005892289,-0.0001143826,-0.0004295557
0.0005159956,0.0004389922,0.0004566478
9.67346e-05,0.0011572801,0.0008991392
0.0010542608,0.000572755,5.26073e-05
0.0003512205,2.67096e-05,0.00011242
0.0001559316,0.0006185642,0.0003089472
0.0007851282,0.0006313907,0.0003693702
0.0002438116,0.0002563663,0.0004145348
0.0005092825,0.0004554835,-0.0001146239
0.0005220984,0.0008586042,0.0003541118
0.0002694433,0.000726063,0.0008973082
0.000738747,-4.9639e-05,-0.0001683332
0.0002889722,-2.9483e-05,0.0001502606
0.0001589829,0.0007107933,0.0006501234
0.0007771946,0.0006771999,0.0003156609
0.0002450321,0.0001836824,0.0001758946
0.0003213169,5.05304e-05,0.0003223745
0.0006173017,0.0004341059,5.44383e-05
0.0001748502,0.0010259604,0.0004651925
0.0005452889,0.0004902985,0.0006940673
0.0005202675,0.0002068924,-0.0004228421
0.0002157388,0.0004664777,0.0005481977
0.0006276764,0.0006454389,0.0008515332
0.0004305567,0.0001659695,-0.0001298822
0.0001663063,0.0006814754,-7.92246e-05
0.0008388326,0.0005385508,0.0012183434
8.39187e-05,0.0004145606,-0.000558336
0.0003652569,7.74051e-05,0.0004304035
0.0005446786,0.0001103877,0.0005073054
0.0002370985,0.0007419435,-0.0004075837
0.0003591541,0.0009911455,0.0004725164
0.0008333401,0.0001397056,0.0009467452
0.0001534904,-0.0001571379,-0.0008470235
0.0002517452,0.0004347167,0.0003480085
0.0006758884,0.000705907,0.0011432724
0.0002956852,0.0007107933,-0.0006419516
0.0003969914,0.0002581987,0.000766697
0.0005922803,7.1644e-06,0.0004999814
0.0001113813,0.0003186668,-0.0006334069
0.0003445075,0.000795693,0.0008069789
0.0006832117,0.0006100131,0.0008954772
0.0002474733,0.0004090635,-0.0009599351
0.0001968202,0.0006136779,0.0005573527
0.0005922803,0.0003400444,0.0010511121
0.0002309957,0.0002111679,-0.0010581987
0.0003768522,0.0003467631,0.0005323291
0.0003408458,0.0008610474,0.0009394212
0.0002328266,0.0006429957,-0.0007530322
0.0003188758,-0.0005315515,0.0008448196
0.0003976016,-8.4454e-05,0.0003406845
0.0005245395,0.0006222289,-0.0004222317
-8.4518e-05,0.0011102493,0.000706274
0.0008608026,0.0003711946,0.0011560894
0.0005800748,-7.40706e-05,-0.0012828013
-0.0001357813,0.0004670885,0.0010163232
0.0006154709,0.0011536153,0.000682471
0.0008266271,0.0005904679,-0.000545519
-0.0003518197,0.0005971866,0.0001923736
0.0008601924,0.0006619302,0.0007947723
0.000655139,0.0002820194,-0.0001103516
-0.0003475478,1.02183e-05,4.71143e-05
0.0006502567,0.0003088941,0.0003956145
0.0006703959,0.0006429957,0.0001649086
-0.0003982009,0.0005025143,0.0005060848
0.0007875693,-4.65851e-05,9.71617e-05
0.0004726658,-0.0003599198,0.0003205435
-0.0002444108,0.0008873113,-1.81913e-05
0.0008693465,0.0010772667,0.0007312976
0.0005532225,0.0004567051,0.0002979612
-0.000102216,0.0001506998,-0.0003734051
0.000797944,0.000702853,2.6363e-05
0.0002596788,0.000862269,0.0009327075
0.0002309957,0.0007278954,-0.0001054689
0.0008711774,0.0002502584,-0.0001268306
-0.0002560061,0.0003553141,0.0004236898
0.0004360492,0.000326607,0.0001539226
0.0008119804,2.12125e-05,0.0001063166
-0.0003933186,0.0004878553,0.0002820926
0.0005562739,0.0007358357,9.47203e-05
0.0007796357,0.000329661,0.0004828921
-0.0004805884,-0.0001125503,0.0002247213
0.0006478156,7.74051e-05,-0.0005754253
0.0004793789,0.0008262324,0.0008356646
-0.0001894858,0.0011224651,0.0003736425
0.0009029118,0.0002252161,-0.0003074891
0.0002004818,0.0001262682,0.0004615305
-0.0001308991,0.0007639319,0.0001111993
0.0007564451,0.0007504946,-0.0001286616
0.000235878,0.0006869725,0.0009388109
0.0003078908,0.000161694,-1.14776e-05
0.0003756316,0.0002239945,-0.0003459401
9.4648e-06,0.0004835798,0.001261677
0.0004098072,0.0004939632,-0.0002910101
0.00037197,0.0004121175,-0.0001884742
-8.69591e-05,0.0006668165,0.0007331286
0.000486092,0.0003522602,-3.71116e-05
0.0002493041,0.0002581987,-0.0003471608
3.57068e-05,0.0003980693,0.00069895
0.000519047,0.0006124563,-0.0002263148
0.0001449465,0.0008347835,-4.44356e-05
0.0002560171,0.0003638652,0.0010370745
0.0003414561,-0.0001730184,-0.000497913
0.0002212313,0.0002044492,2.8194e-05
0.0001565418,0.0008665445,0.0008124719
0.0004085866,0.0009343421,5.32177e-05
0.0003091113,0.0003681407,0.0001429366
0.0001687474,6.51893e-05,0.0004059902
0.0001821735,0.000352871,-0.0003093201
9.79551e-05,0.0011859871,0.0002625619
0.0005068414,0.0003369904,0.0010303608
5.82871e-05,0.0002386534,-0.0010325647
0.000187666,0.0005440479,0.0005347704
0.0002163491,0.0005159516,0.0009674965
0.0003335225,-8.07892e-05,-0.0004490864
0.0003316916,0.0002734684,-0.0002067842
0.0001046682,0.0007401112,0.0010126612
0.0001681371,0.000949001,-0.0003441091
0.0006105887,-0.0001058316,0.0001575846
8.94113e-05,-0.00012782,0.0003736425
0.0001803427,0.0010790991,-0.0005192747
0.0005239292,0.0010436733,0.0009497969
0.0001449465,0.0003711946,0.0001758946
0.0002792077,2.06017e-05,-0.0006968816
0.0004024839,0.0004988495,0.0008417679
-2.16593e-05,0.0005935218,0.000664161
0.000339015,0.0003168344,-0.0009404044
0.000231606,0.0006326123,0.0004853334
0.0003200963,0.0005898571,0.0009375902
6.19487e-05,0.0004005125,-0.0010057101
0.0002706638,-6.9795e-05,0.0007532696
0.0001052785,0.0004102851,0.0002051906
0.0002200107,0.0006332231,-0.0004582414
0.0002297752,0.0008030224,0.0007758519
0.0004604603,-5.14714e-05,0.0006250997
6.13385e-05,-0.0002799065,-0.0010099824
0.0002059743,0.0004353275,0.0007032223
0.0003103319,0.0010925364,0.0006830813
0.0003298608,0.0006271152,-0.0004313867
0.0004348286,0.000369973,0.0003571635
-2.41005e-05,0.0005477126,-9.57036e-05
0.0004140791,0.0004005125,0.0002875855
0.0003377944,0.000419447,0.0001765049
0.0001028374,0.000552599,-5.78629e-05
0.0001992613,0.0008842574,-0.0002080048
0.0005666486,0.0002698036,0.0011365588
8.39187e-05,-0.0002872359,-0.0004606827
0.0001315204,6.45785e-05,-0.0002165495
0.0003707494,0.0009410608,0.0006983397
4.60815e-05,0.0009654923,4.34523e-05
0.0003933297,0.0001549753,8.06827e-05
0.0003463383,-0.0002267678,0.0003443465
-0.0001083188,0.0004298304,-0.0002958928
0.0001705782,0.0011841548,2.14804e-05
0.0005404067,0.0006442173,0.0010956664
8.4529e-05,0.000303397,-0.000627914
9.5514e-05,0.0001561969,-7.31213e-05
0.0001040579,0.0005599284,0.0007294666
0.0003597644,0.0003913507,1.65977e-05
0.000268833,0.000396237,-0.0001756572
8.4529e-05,0.000769429,0.0006873537
0.0002706638,0.0008610474,-3.34496e-05
0.0002242827,-0.0003306019,0.0004499341
0.0002505246,-0.0001424789,3.5518e-05
0.0003255888,0.0006662057,2.88044e-05
-2.89827e-05,0.0014809982,0.0004230795
0.0004915845,0.0004848014,0.0006409684
0.0002773769,-0.0002328757,-0.0006810129
1.98396e-05,-5.45253e-05,0.0002399796
0.0002718844,0.0011163572,0.0003644875
0.0002871413,0.0009435039,0.0002076319
0.000213908,0.0002771331,0.0001642983
0.0005654281,-4.35311e-05,5.1997e-05
-4.30191e-05,0.0004408246,0.000101434
0.000154711,0.0004964064,0.0007386216
0.0004574089,0.0002936244,-0.0001365959
0.000213908,0.0003638652,6.4814e-05
-6.4024e-06,0.0009911455,0.0004108728
0.000426895,0.0005342753,9.9603e-05
1.25162e-05,-0.0001577487,1.41564e-05
0.0003109422,0.00015864,7.82413e-05
0.0002303855,0.0009465579,0.0002454726
4.30301e-05,0.0009355637,0.0005176811
0.0003396252,-2.6429e-05,0.0002051906
0.0005092825,-0.0001919528,-0.0001249996
-2.9593e-05,0.000459759,0.0005720007
0.0003524411,0.0010534459,0.0001887116
0.0003951605,0.0006081808,0.0001423263
-5.1818e-06,0.0001122201,8.98377e-05
0.0004610706,0.0002453721,7.09173e-05
0.0001913277,0.0007340033,7.70207e-05
8.69701e-05,0.0004518188,0.00069895
0.0004299464,4.50333e-05,-0.0001689435
0.0003426766,0.0002850734,6.23727e-05
-0.0001455458,0.0007730938,0.0006983397
0.0003817344,0.0006619302,-2.85669e-05
0.0004171305,5.9428e-06,0.0002430312
7.53749e-05,0.0003107265,0.0002607309
0.0003085011,0.0007169012,0.000103265
0.0002529658,0.0007449975,0.0002668342
0.0001443363,-0.0001052208,0.0006415787
0.0005721411,0.000150089,-0.000488758
0.000191938,0.0005831384,0.0008283406
-0.0001363916,0.0008305079,0.0003803562
0.0006703959,0.0003534817,-0.0002800241
0.000191938,0.000338212,0.0002668342
-3.26443e-05,0.0007645427,0.0003058955
0.0006899248,0.0005709226,0.0001227956
-0.0001077085,0.0004090635,0.000125237
0.0002529658,0.0002453721,0.0002436416
0.0007625479,0.000529389,0.000150871
-3.93574e-05,0.0004872445,0.0009601725
0.000191938,0.0004072312,-0.0003117615
0.0005983831,0.0001787961,0.0003583842
0.0001022271,0.0005684795,0.0007807346
0.0004311669,0.0004341059,-0.0001268306
0.0001534904,0.0005593176,-0.0001365959
0.0001821735,0.0006564331,0.000770359
0.0007143359,0.0004878553,-0.0001030276
0.0001675268,0.0004664777,0.0002106836
0.0002078052,0.0003424875,0.0007435043
0.000279818,0.0004200577,-0.0004673964
0.0001132121,0.0004591482,0.0005298878
0.0005214881,0.0004408246,0.0006116724
0.0003207066,0.000369973,-0.0003703534
4.0589e-05,0.0005788629,0.0003040645
0.00045985,0.0002643065,0.000658668
0.0003860064,0.0002875165,-0.0003465504
0.0001315204,0.0005806952,0.0003071162
0.0002523555,0.0007193444,0.000601907
0.0004421519,0.0003424875,-0.0001488025
0.000345728,0.0001720774,0.0003107782
0.0002285546,0.0004573159,0.0003827975
0.0002663919,0.0009050242,-0.0002592728
0.0002529658,0.0006326123,0.0006946777
0.0004183511,0.0001042798,0.0002686652
0.0003573233,7.25188e-05,-0.000475941
-0.0001052674,0.0006973559,0.0005707801
0.0005910598,0.0007266738,0.0007959929
0.0005709206,0.0001812392,-0.0003685224
-2.996e-07,3.40391e-05,0.000642189
0.0004854817,0.0006167318,0.0003797458
0.0003377944,0.0004933524,-5.11493e-05
7.23235e-05,0.0005544313,0.0004218588
0.0007314237,0.0003913507,0.0004603098
0.0002493041,0.0007413328,-0.0002501178
1.31265e-05,0.0004622022,0.00071726
0.0008608026,7.67943e-05,0.0004816714
0.0003994325,8.41238e-05,-6.09146e-05
-5.1818e-06,0.0007865311,0.0004279621
0.0006697856,0.0012904321,0.0004981504
0.00050379,0.000396237,0.0005903107
0.0001882763,-0.0001327063,-0.0001262202
0.0002737152,0.0005587068,-4.74873e-05
0.0003072805,0.0012977615,0.0006049587
0.0003683083,0.0006753675,0.000596414
0.0005562739,7.25188e-05,-0.000523547
0.0001180943,8.65669e-05,0.0005585734
0.000279818,0.0006081808,0.0004419998
0.0006087578,0.0002606418,0.0001557536
0.0001309102,0.0002227729,8.25137e-05
0.0004000428,0.0005605392,0.0005414841
0.0005050106,0.0007187336,0.0002454726
-4.5716e-06,0.0005385508,4.52833e-05
0.0005947214,0.0002203297,0.0004658028
0.0004690042,0.0006814754,-9.0363e-06
4.85226e-05,0.0008989163,0.0004902161
0.0005721411,0.0004371598,0.0005048641
0.0001998716,0.0002044492,-0.0001921362
0.0002816488,0.0004780827,0.0003748632
0.0005336936,0.0004725856,0.0007898896
0.0005086722,0.0002856842,9.89927e-05
4.97432e-05,0.0003174452,-0.0001188962
0.0004134689,0.0004890769,0.000651344
0.0004140791,0.0006051268,0.0003004025
0.0007222695,1.02183e-05,0.0005720007
-1.49463e-05,0.0003168344,-0.0002226528
0.0003597644,0.000862269,0.0003364122
0.0005928906,0.0008543287,0.0005286671
0.0004256744,0.0004035664,0.0002161766
0.0001864455,0.0007449975,-0.0001549059
0.0004506958,0.0006839186,0.000697119
0.0001486082,0.0003852428,0.0001862703
0.0007186079,0.0002044492,0.0001368333
0.0003164347,0.000338212,0.0003266469
-0.0002541753,0.0011126925,-0.0001976292
0.000874839,0.0004799151,0.0007862276
0.0003890577,-0.0004625324,0.0004084315
-0.0001675158,0.0001390948,-0.0004875374
0.0005166059,0.0007590456,0.000645851
0.0002822591,0.0006985775,0.0010120508
0.0005044003,0.0001470351,-0.0003142028
0.00045985,0.0001665803,0.0001728429
2.71629e-05,0.0007431651,0.0010248678
0.000580685,0.0006558223,-0.0002342492
0.0003292505,0.0004255548,0.0001020443
0.0001058888,0.0007535485,0.0004554271
0.0006258456,0.0009978641,-0.0001005862
0.0002651713,0.0003247747,0.0006244894
0.0004787686,-0.0001687429,0.0004914368
0.0006142503,0.0001085554,-0.0003721844
3.63171e-05,0.0009435039,0.0008521436
0.000606927,0.0005996297,0.0008576366
0.0005330834,-0.0001259876,-0.0003544848
0.0002584583,0.0002905705,0.0003699805
0.0004311669,0.0006423849,0.000724584
0.000378683,0.0010876501,-0.0001768779
0.0005318628,0.0007822556,0.000713598
0.000345728,0.0002325455,0.0001917633
0.0003493897,0.0002679713,-0.0001243892
0.0004592397,0.0007346141,0.0003974455
0.0002084155,0.0006313907,0.0009058529
0.0005800748,0.0002789655,-5.42009e-05
0.0002657816,0.0002374318,8.80067e-05
3.9723e-06,0.000804244,0.0005030331
0.0007112845,0.0005965758,0.0003071162
0.0002554069,0.0001659695,0.0003498395
0.0002761563,0.000260031,6.42037e-05
0.0005538328,0.0006344447,0.0003089472
3.9723e-06,0.0006454389,0.0007056637
0.0005330834,-0.0001223229,0.0003370225
0.0007070126,-0.0001620242,-4.07736e-05
-0.0001260169,0.0011310161,0.0004456618
0.0007436293,0.0013301334,0.0006196067
0.0004836508,0.0001079446,0.0001331713
0.0003640364,-0.0001052208,-4.93183e-05
0.0005044003,0.0008702092,0.0001404953
0.0002743255,0.0010552783,0.0008704536
0.0003158244,0.0003986801,-0.0001292719
0.0009962844,-8.38432e-05,0.0001441573
1.00751e-05,0.0003046186,0.0008863222
0.000279818,0.0007156796,-2.24636e-05
0.000655139,0.0003663083,2.75837e-05
0.0001663063,0.0002215513,0.00069895
0.0004262847,0.0007828664,-0.0002617142
0.0006240148,0.0007046854,0.0004938781
-0.0002059633,0.0002123895,0.0002796512
0.0006173017,6.51893e-05,-0.0002336388
0.0006764987,0.0006338339,0.0006281514
-0.0001650747,0.0009716002,0.0005414841
0.0006777192,0.0005519882,-9.50932e-05
0.000508062,8.10698e-05,0.0004645821
-1.8608e-05,0.0001678019,0.0003876802
0.0006148606,0.0004652561,-2.30739e-05
0.000367698,0.0005605392,0.0005616251
-9.42824e-05,0.0005874139,9.2737e-06
0.000885824,0.0002276592,0.0003596048
0.0003689186,0.0002349887,0.0006763677
-1.61668e-05,0.0005403832,0.0001740636
0.0005593253,0.0006936912,3.42974e-05
0.0004940256,0.0005190056,0.0008081996
0.0002590685,0.0005642039,-9.38726e-05
0.0006349998,0.0005898571,6.96967e-05
0.0003249786,0.0003986801,0.0009473555
0.0002114669,0.0002337671,-0.0003605881
0.0008052673,0.0002386534,0.0003016232
1.49573e-05,0.0006717028,0.0007587626
0.0003914989,0.0004591482,9.2279e-05
0.0006807706,-4.4406e-06,0.0002460829
0.0002761563,4.07578e-05,0.0009046322
0.0004146894,0.0008628798,-0.0004844857
0.0005928906,0.0011120817,0.0008362749
-3.351e-06,0.0007364464,0.0005146294
0.0007802459,-0.0001553055,-0.0003569261
0.0003683083,0.0003027863,0.0002961302
-0.0001376122,0.0009294558,0.0005219534
0.0006246251,0.0008402806,-4.916e-07
0.0005184367,0.000236821,0.0007178703
3.3621e-06,8.41238e-05,5.50487e-05
0.0003750214,0.0005165624,-0.0001896949
0.0005123339,0.0002417074,0.00130379
0.0001791221,4.8698e-05,-0.0001298822
0.0006142503,0.0003620328,-9.26519e-05
0.0002438116,0.0007987469,0.0009357592
0.0001138224,0.0003644759,0.0001276783
0.0006215737,0.0002423181,-0.0001542955
0.0006356101,0.0002978999,0.0010376848
7.29337e-05,0.0010754343,-0.0004185697
0.0002999572,0.0011328485,0.0002436416
0.0007594965,0.0001904011,0.0011231314
0.0002749358,-0.0002524209,-0.0007359429
0.0002584583,0.000729117,0.0002637826
0.000400653,0.0009117429,0.0012329914
0.0003994325,9.38964e-05,-0.0002495075
0.0002608994,-0.0001491976,3.7807e-06
0.0005440684,0.000294846,0.0010871218
-3.69163e-05,0.0003589788,-0.0003557054
0.0001614241,0.0005642039,0.000134392
0.0010017769,0.0004102851,0.0009589518
-0.0001308991,0.0004909093,-0.0006504963
0.0001132121,0.000705907,0.0005127984
0.0008229654,0.0004646453,0.0005536907
-3.99677e-05,8.10698e-05,-0.0003294611
0.0001937688,0.0009563305,-3.28393e-05
0.0008894857,0.0007431651,0.0013208793
-0.0003481581,0.000381578,-0.000571153
0.0004683939,-0.0001107179,2.39217e-05
0.0007021304,5.60275e-05,0.0009198905
-0.0002389183,0.0006930804,-0.0001951879
0.0004702247,0.0004432677,0.0002918579
0.0006368306,-6.00224e-05,0.0009107355
-0.0001846036,-0.00012782,-0.0002867378
0.0006887042,0.0005617608,5.50487e-05
0.0003927194,0.0009612168,0.0011658547
6.80515e-05,0.0008903653,-0.0002580522
0.0009132866,0.0002539231,3.12457e-05
0.0001846146,0.0002801871,0.0004444411
-1.4336e-05,0.0009868699,-5.96939e-05
0.0009975049,0.0004811366,0.0004950988
3.02143e-05,0.0003937938,0.0004444411
0.0003085011,0.0005202271,-0.0002812448
0.0005324731,0.0003999017,0.0005549114
-0.0001077085,3.58715e-05,0.0007251943
0.0004720556,-7.10166e-05,-0.0007341119
0.0005056208,0.0002429289,0.0007935516
-0.0003756206,0.0014400754,0.0001374436
0.0006746679,0.0004676993,0.0001081476
0.0004104175,-0.0003495364,0.0004615305
-1.31155e-05,0.0002838518,-1.2088e-05
0.0004751069,0.0011621664,-0.0001469715
5.21843e-05,0.0010668833,0.0011792821
0.0004567986,0.0003559249,5.44383e-05
0.0005526123,-0.0001528623,-0.0003593674
-0.0002999461,0.0005800845,0.000711767
0.0003994325,0.0008928084,0.0002619516
0.0006606315,6.27462e-05,0.0001008237
-0.0001370019,8.41238e-05,0.0002790409
0.0004781583,0.0006979667,9.7772e-05
0.00035,0.0005074006,0.0003846285
5.5846e-05,-0.0001125503,0.0005372117
0.000650867,1.81586e-05,-0.0003001651
0.0002847002,0.0009245695,0.0004285725
-0.0001772802,0.0008604366,0.0005213431
0.0006606315,0.0001665803,-0.0003312921
0.0003878372,0.0001409272,0.0002119043
5.46254e-05,0.0007846988,0.0004877748
0.0005019592,0.0008286756,0.0001111993
0.0001528802,0.0003980693,0.0001301196
0.000242591,-0.000139425,0.0004517651
0.0003060599,0.0003027863,-5.9846e-06
0.0002120771,0.000859215,0.0003846285
0.0001943791,0.0004560943,0.0004529858
0.0003878372,-0.0001058316,2.33114e-05
0.0003866166,0.0002649173,-4.26046e-05
-8.14666e-05,0.0007914175,0.0002296039
9.06318e-05,0.0009563305,0.0002582896
0.0007045715,0.0003681407,0.000161857
-2.22696e-05,-0.0001895097,0.0001893219
-0.0001028263,0.000639331,-0.0001103516
0.0006246251,0.0005397724,0.0008307819
-0.0001089291,0.0002557555,4.8335e-05
0.0002224519,0.0004909093,-0.0003361748
0.0006569698,0.0007364464,0.000616555
-0.000444582,0.0003565357,0.0005536907
0.0003530513,-4.4406e-06,-0.0006730786
0.0005336936,-5.39145e-05,0.0002338762
-0.0003316806,0.0011829332,0.0004004972
0.0006050962,0.000960606,0.0001539226
0.0005062311,-0.0002218815,0.0004645821
-0.000194368,-0.000417334,-0.0001616195
0.0003542719,0.0008714308,-0.0002861275
0.000514775,0.0009819836,0.0016980651
-0.0001077085,0.0006503252,-0.0004973027
0.0008736185,-8.93403e-05,-0.0002482868
-0.0001168627,0.0005153408,0.0008838809
3.57068e-05,0.0008225677,0.0001789463
0.0006337792,0.0003644759,-0.0004112457
-6.86508e-05,0.0002826302,0.0012494704
0.0001168738,0.0005733658,-0.0004100251
0.0006362203,-9.3269e-06,-5.90836e-05
-0.0005385648,0.0003009539,0.0008930359
0.0006563595,0.0007382788,-0.0004966924
0.0005050106,0.0002771331,0.0004572581
-0.000646584,0.0008549395,0.0001978666
0.0006777192,0.0003492062,-0.0002916205
0.0001138224,0.0001641372,0.0001520916
-0.000323747,0.0003895183,0.0007093257
0.0009724835,0.0008311187,-0.0006529376
-9.73338e-05,0.0004237225,0.0010706428
-0.0003560917,0.0002404858,0.000143547
0.0013081364,-5.26929e-05,-0.0003544848
-0.0001290683,0.0004243333,0.000742894
-0.0002199997,0.0009129645,0.0004438308
0.0010335113,0.0005874139,-0.0004326074
-0.0002541753,5.96922e-05,0.0006141137
-3.75266e-05,0.0003834104,-8.96002e-05
0.0010487683,0.0006014621,1.187e-07
-0.0005611451,0.0005721442,0.0007361803
0.0003506102,0.0002905705,-2.61256e-05
0.0010158133,0.0004310519,0.0001185233
-0.0004494642,0.000341266,0.0011353381
0.0001156532,0.000126879,-0.0006163176
0.0010750102,0.0005446587,0.000136223
-0.0006008132,0.0010962012,0.0008570262
0.0005703103,0.0004982387,-0.0003209165
0.0004165203,-1.66564e-05,-2.06326e-05
-0.0004128475,0.000271636,0.0005732214
0.0004091969,0.000604516,-0.0006602616
0.0004391005,0.0009270126,0.0005579631
-0.0003969803,0.000540994,0.0006336444
0.000552002,-1.60456e-05,-0.0009562731
0.0001791221,5.11412e-05,0.0007654763
-0.0003530403,0.0005269458,0.0004206381
0.000716777,0.0004426569,-0.0005571153
4.24198e-05,0.0005678687,0.000722753
-0.0001650747,0.0007480514,0.0003583842
0.000699079,1.93802e-05,-0.0003593674
-0.0001547,-5.94116e-05,0.0006452407
0.0001486082,0.0003284394,0.0003785252
0.0006606315,0.0008048548,-0.0004271144
-0.0002614986,0.0007718722,0.0008985289
0.0003408458,0.0005666471,-0.0002055635
0.0008064879,6.94649e-05,0.0001411056
-0.0004458026,0.0003522602,0.0004133141
0.0003316916,0.0005733658,-7.98349e-05
0.0005086722,0.0006466605,0.0001319506
-0.0002254922,0.0002362103,0.0008240683
0.0004537472,-5.75793e-05,-0.0003520434
0.0003561027,0.0003241639,0.0003998868
-6.86508e-05,0.0004774719,0.0009449142
0.0003853961,0.0004469325,-0.000569322
0.0002505246,0.0006197857,0.0001862703
-9.79441e-05,0.000636277,0.0005506391
0.0004592397,0.0003656975,-0.0001909155
8.81907e-05,0.0003852428,1.9497e-06
2.89937e-05,0.0003547033,0.0004523755
0.0004189614,0.0007474406,-0.0001762675
5.27946e-05,0.0006094023,0.0006360857
-2.83724e-05,0.0001653587,0.0001057063
0.0003914989,0.0002044492,-0.0002952825
-2.9593e-05,0.0007211767,0.0005683387
0.0001357924,0.0005990189,0.0005164604
0.000224893,1.63262e-05,-0.0001903052
0.0001663063,0.0001366516,0.0003705908
0.0001858352,0.0002435397,0.0002717169
7.04926e-05,0.0007321709,2.02597e-05
0.00045985,0.0004890769,0.0008808292
0.0003738008,0.0003229423,-0.0001109619
-5.40041e-05,0.0005770305,-0.0003105408
0.0003463383,0.0006301692,0.0009211112
0.0004891433,0.0002704144,-3.46703e-05
3.107e-07,7.67943e-05,-0.0003172545
0.0002175696,0.0007877527,0.0005103571
0.0004757172,0.0006833078,0.0002540172
-8.39077e-05,1.63262e-05,-5.48113e-05
0.0004433725,6.0303e-05,0.0005799351
0.0004464239,0.0004701424,-0.0001701642
-0.0004476334,0.0006338339,0.0004194175
0.0006258456,0.0005190056,0.0004072108
0.0006758884,-0.0001058316,-4.01633e-05
-0.0005965412,0.0005501558,-7.80039e-05
0.0005202675,0.0010296252,0.0004511548
0.0004982975,0.0005513774,0.0001386643
-0.0005599245,0.0001146632,-0.0001561265
0.0006764987,0.0003553141,0.0002534069
0.0001412849,0.0004108959,0.0006025174
-0.0005208667,0.0001879579,-4.93183e-05
0.0009364771,0.0003125589,-6.39663e-05
3.20451e-05,0.000627726,0.0006299824
-0.0003029975,0.0008115735,0.0004322345
0.0008553101,9.2064e-05,-0.0002269252
-0.0002816378,0.0001219927,0.0002540172
-0.000106488,0.0007358357,0.0001313403
0.0009767555,0.0008427237,2.57527e-05
-0.0002541753,0.0004841906,0.0004798404
0.0001058888,0.0001403164,-9.0363e-06
0.0010353422,-6.06332e-05,6.6645e-05
-0.0004866912,0.0004438785,0.0006153344
0.0003731905,0.0006906373,0.0002930785
0.0010737897,0.0004231117,0.0002448622
-0.0004439717,0.0003870751,6.2983e-05
0.0002377088,0.0004780827,2.2701e-05
0.0010866055,0.0005373292,0.0004761784
-0.0004604492,0.0005104545,0.0003229849
0.0002993469,0.0006258936,-0.0004106354
0.0009102352,0.0006546007,0.0005543011
-0.0004921837,0.0005226703,0.0004896058
0.0003512205,0.0002673605,-0.0002775828
0.0009590574,-0.0001101071,0.0006708747
-0.0007820657,0.0004695317,-3.77219e-05
0.0004317772,0.0007498838,-3.46703e-05
0.0007112845,0.0005202271,0.0006836917
-0.0004781473,0.0002026169,-4.68769e-05
0.0005465095,0.0004072312,-0.0004789927
0.0004329978,0.0005330537,0.0011255728
-0.0004305456,0.0006020729,-6.09146e-05
0.0008559204,4.8698e-05,-0.0002897895
0.0002236724,0.0005141192,0.0009125665
-0.0001846036,0.0006210073,0.0001697913
0.0008125907,0.0003394336,-0.0002855171
0.000213908,0.0003430983,0.0009870272
3.63171e-05,0.0005904679,5.87107e-05
0.0007576657,0.0005861923,-0.0001414785
-4.30191e-05,0.0004053988,0.0008466506
0.0002017024,0.0001219927,-8.41072e-05
0.0009523443,0.0002478152,-3.22289e-05
-0.0001522588,0.0007358357,0.0008167443
0.0002169594,0.000827454,-0.0001353752
0.000896809,7.61835e-05,0.0001935943
-0.0002651603,0.0002673605,0.0002918579
0.00037197,0.0005800845,-0.0001463612
0.0004873125,0.0006228397,0.0002930785
-0.000249293,0.0005635932,0.0004932678
0.0005086722,0.0003241639,-0.0004112457
0.0004836508,0.0003052294,0.0005897004
-0.0003341217,0.0004389922,0.0005146294
0.0005800748,0.0003131697,-0.0004081941
0.0003738008,0.000448154,0.0005854281
-0.0002004708,0.0009380068,0.0004645821
0.0007216593,0.0004884661,-5.17596e-05
6.2559e-05,0.0001018367,0.0002527966
-6.37685e-05,0.0002960676,0.0002949095
0.0006600212,0.0007920282,-0.0002061738
7.72057e-05,0.0005861923,0.0010584361
0.0002078052,0.0002917921,-3.77219e-05
0.0006173017,-9.05619e-05,9.2737e-06
-0.0002657705,0.0005000711,0.0005414841
0.0005611561,0.0007914175,0.0002924682
0.0006038756,0.000486023,3.42974e-05
-0.000106488,0.0005092329,0.0005189018
0.0005983831,0.0003791349,-5.48113e-05
0.0002267238,0.0002533123,0.0002900269
0.0001998716,0.0004316627,0.000633034
0.0007106743,0.0005587068,-0.0002086152
0.0002334369,0.0008115735,0.0006379167
0.0004592397,0.0007034638,0.0004682441
0.0005745823,-6.1244e-05,-4.764e-06
-6.37685e-05,0.0004084528,0.0001758946
0.0003280299,0.0009716002,0.0003766942
0.000448865,0.0007932498,0.0001954253
9.42935e-05,0.0001977305,0.0006171654
0.0004793789,-0.0001015561,-0.0002891791
-9.48927e-05,0.0004377706,0.0002216696
0.0001589829,0.0009734326,0.0008277303
0.0007546143,0.0003510386,5.3828e-05
-4.42396e-05,2.8889e-06,0.0002119043
0.0001248074,0.0005220595,0.0001868806
0.0007845179,0.0004121175,0.000689795
-8.0246e-05,0.0003522602,4.2842e-05
0.0003988222,0.00060757,-3.46703e-05
0.000562987,0.0005440479,0.0005005918
-0.0001247963,0.0005080114,0.0004609201
0.0004592397,0.0002704144,-0.0003203061
0.0005928906,0.0002966784,0.0003846285
4.18096e-05,0.0009062458,0.0007526593
0.000677109,0.0007309493,-0.0001811502
0.0003579336,9.38964e-05,0.0004590891
-5.52246e-05,0.0001568077,0.0003248159
0.0009871302,0.0003479846,7.33587e-05
0.000180953,0.000685751,0.0003382432
-4.97321e-05,0.0007944714,0.0006250997
0.0011012522,0.0001061122,0.0002820926
9.85654e-05,-0.0001290416,0.0002112939
-0.0002633294,0.0004273872,0.0004096521
0.0012257489,0.0011676635,0.0002155663
0.0001583727,0.0006332231,0.0007618143
-0.0002438005,0.0005739766,-0.0002629348
0.0012599245,0.0003253854,0.0001704016
-0.000389657,0.0005464911,0.0004371171
-0.0002108455,0.0007211767,4.8335e-05
0.0015205132,0.0003070618,8.8617e-05
-0.0004390895,0.0001171064,0.0009082942
-0.0002132866,0.0005617608,-0.0002470662
0.0013783184,-3.86448e-05,0.0005488081
-0.0006130187,3.52607e-05,0.0005951934
0.0003408458,0.0009178508,-0.000452138
0.0011097961,0.0009074674,0.0008185753
-0.0007899993,0.000439603,0.0006598887
0.0006465951,3.77038e-05,-0.0011582933
0.0009163379,0.0004121175,0.0008216269
-0.000841873,0.0009410608,0.0008948669
0.0010908774,0.0006032944,-0.0008952398
0.0005672589,0.0001971198,0.0007801243
-0.0005361237,0.0005776413,0.0006794193
0.0011866911,0.000326607,-0.0004692274
0.0002993469,0.000384632,0.0011054318
-0.0001327299,0.0004273872,0.0003486188
0.0010286291,0.000451208,-0.000600449
0.0001168738,0.0007034638,0.0014606456
5.09637e-05,0.0002942352,5.1997e-05
0.0009059632,-2.09319e-05,-0.0003801188
4.85226e-05,0.0005648147,0.0012055264
0.0001205354,0.0006814754,-0.0001024172
0.0005965523,0.0006320015,-0.0002501178
0.0001583727,0.0005733658,0.0011695167
0.0001577624,0.0003479846,-0.000505237
0.000448865,0.0003046186,-0.0001768779
5.8032e-06,0.0008091303,0.0011158074
0.0003725802,0.0005684795,-0.0002623245
0.0004043147,-5.6622e-06,0.0001227956
0.000117484,-7.65137e-05,0.0011792821
0.0003023983,0.0002349887,-0.0003508228
0.0002621199,0.0004738072,0.0003412949
0.0002474733,0.0008066872,0.0010138818
0.0006630726,0.000486023,-0.0003880531
0.0001144326,0.000471364,0.0001557536
0.0001620343,0.0002520908,0.0008606882
0.0006374409,0.0002679713,-0.000540026
0.0001626446,0.0006527684,0.0001795566
0.0002523555,0.0009728218,0.0009687172
0.0006758884,0.0007169012,-0.0002134978
0.0002627302,-0.0001846234,0.0005536907
0.0003341327,-0.0002713554,0.0004267415
0.0004537472,0.000671092,-0.0002745311
7.84262e-05,0.0011853764,0.0008301716
0.0004921947,0.0003895183,0.0004371171
0.0005001283,-0.0002237139,-0.0003654708
-3.93574e-05,4.8698e-05,0.0005481977
0.0004067558,0.0003473739,0.0004877748
0.0002413705,0.0009196831,-0.0002476765
0.0004421519,0.0008176814,0.0008704536
0.0003841755,0.0004518188,2.4532e-05
0.0001510493,0.0002618634,1.59874e-05
0.0004384903,6.58001e-05,0.0007148186
0.000360985,0.0003724162,-9.50932e-05
8.02571e-05,0.0012513416,-3.28393e-05
0.0005135545,0.0010485596,0.0010401261
0.0002169594,3.64822e-05,-5.72526e-05
8.51393e-05,-0.0005541507,-0.0002379112
0.000492805,2.91528e-05,0.0008838809
6.19487e-05,0.0009410608,-6.595e-06
0.0002834797,0.0008915868,0.0003834078
0.0005996037,9.32856e-05,0.0007544903
0.0001888866,-0.0001052208,-0.0003508228
0.0001126018,0.0002246053,0.0002552379
0.0003359636,0.0010210741,0.000684302
0.0005275909,0.0010076368,0.0001673499
8.8546e-06,0.0004420461,-6.57973e-05
0.00043788,0.0003864643,0.0004474928
0.0001894968,0.0005513774,-0.0002189908
5.76768e-05,0.0003308825,0.0006269307
0.0006038756,0.0003852428,0.0003345812
0.0002432013,0.0004457109,-0.0002025118
-0.0002926228,0.0005654255,0.0003986662
0.0006209634,8.29022e-05,0.0005280568
0.000400653,-0.000272577,-3.83323e-05
-9.97749e-05,0.0002160542,0.000158195
0.0005025695,0.000784088,0.000611062
0.0001058888,0.0007627104,3.49077e-05
0.0003121627,-6.24656e-05,0.0005543011
0.0005672589,8.41238e-05,-5.78629e-05
5.1929e-06,0.0010393978,0.0003388535
0.0002322163,0.0008451669,0.0007782933
0.0006386615,0.0002178866,-7.80039e-05
0.0001180943,0.000286295,-0.0001677229
-0.0001247963,0.0010888717,0.0003510602
0.0006203531,0.0006503252,0.0007325183
0.0002700535,-0.0001516408,-0.0002550005
0.0001370129,-0.0002884575,0.0002265522
0.0002962955,0.0008103519,0.0003071162
3.32657e-05,0.0007382788,0.0005457564
0.0003463383,-7.4946e-06,0.0002381486
0.0005697,-0.0001284308,-0.0001402579
-0.0001357813,0.0006576547,0.0004059902
0.000297516,0.0009190724,0.0005787144
0.0006417128,0.0002899597,-0.0001457509
-0.0001717877,0.0005794737,-0.0001945775
0.0005440684,0.0008549395,0.0009070735
0.0004177408,0.0004609806,7.51897e-05
-0.0001351711,2.18233e-05,0.0002045803
0.0005922803,0.0004176146,8.06827e-05
0.0003933297,0.0008219569,0.0004334551
-0.000249293,0.0008011901,0.0002680549
0.0005861775,5.48059e-05,0.0001118096
0.0002840899,-0.0002212707,0.0001533123
-0.0003298497,0.0003559249,0.000138054
0.0007717021,0.0005519882,0.0005030331
0.0001425054,0.0002911813,0.0005463667
8.39187e-05,2.91528e-05,-8.10556e-05
0.0005843467,0.0002331563,6.35933e-05
1.06854e-05,0.000674146,0.0009565105
0.0003707494,0.0010094691,-0.0002769725
0.0005233189,0.0004347167,0.0001081476
-0.0001998605,0.0007999685,0.0002662239
0.0004549678,0.0005190056,-0.0001939672
0.0002871413,0.0004041772,0.000103265
-9.48927e-05,0.0003406552,0.0006141137
0.0006539184,0.0003913507,-0.0003825601
0.0002157388,0.0002557555,0.0006836917
-0.0002328155,0.0003131697,0.0005530804
0.0006874837,2.60988e-05,-0.0002360802
0.000187666,-0.0001284308,0.000600076
-9.5503e-05,0.0008329511,0.0003364122
0.0008815521,0.0004463217,0.0004719061
-0.0001760597,0.0004218901,3.1704e-06
0.0001229765,0.0003718054,0.0002253316
0.0008693465,0.0007871419,0.0001130303
-1.98285e-05,0.0006436065,0.0007398423
-0.0001254066,0.0007529377,-0.0006437826
0.0008162523,0.0003785241,0.0004108728
-0.0001107599,0.0005953542,0.0004590891
5.1574e-05,0.0002972892,-5.23699e-05
0.0005599356,0.0003449307,5.99313e-05
4.85226e-05,2.48773e-05,0.0008899842
-5.1563e-05,0.0002496476,-0.0002513385
0.0007802459,0.0001354301,0.0005201224
-0.0002785864,0.0004212793,0.0002833132
0.0001840043,0.000616121,-0.0001426992
0.0008168626,0.00053794,0.0004035488
-0.0002578369,0.0004237225,0.0003986662
2.59423e-05,0.0008005793,-0.0007170226
0.0010396141,0.0007138473,0.0008191856
-0.0005648068,0.0004536511,0.0003980558
0.0005105031,0.000494574,-0.0006193693
0.000694807,0.0001916227,0.0008655709
-0.0006911343,0.0004353275,0.0002643929
0.0006575801,0.0004267764,-0.0003343438
0.0006307278,2.36557e-05,0.0010480605
-0.0007735218,0.0002013953,0.0002894165
0.0007692609,0.0005892463,-0.0006804026
0.0003011777,0.0003321041,0.0013880159
-0.0004085756,0.0005287782,-5.60319e-05
0.0009376977,0.0004524296,-0.0007750042
-0.0001974194,0.0004731964,0.0013013487
-0.0002474622,0.0007846988,-0.0004442037
0.0011531258,0.0002569771,-0.000459462
-0.000492794,0.0005599284,0.0010755255
0.000191938,0.0004902985,-0.0001365959
0.0008839932,0.0001794069,-0.0003813394
-0.0007417874,0.0001348193,0.0011231314
0.0002883619,0.0004909093,-0.0006102143
0.0009676013,0.0002276592,0.0004072108
-0.0007741321,0.0004579267,0.0008802189
0.0004323875,0.0004664777,-0.0005790873
0.0007887898,0.0002643065,0.0004438308
-0.0005245284,0.0002795763,0.0009845858
0.000486092,0.000729117,-0.0008812021
0.000655139,0.0005330537,0.0007941619
-0.0003957598,0.0004017341,0.0005781041
0.000694807,0.0003821888,-0.0007084779
0.0003451177,0.0004536511,0.0006049587
-0.0004866912,0.0005385508,0.0004670235
0.0006887042,0.0002636958,-0.0004698377
0.0004433725,0.0001146632,0.0007831759
-0.0004403101,0.0002178866,0.0001923736
0.0005635973,0.0007223983,-0.0004381004
0.0004915845,0.0006533791,0.001254353
-0.0002981153,-4.90282e-05,-0.0003105408
0.0004671733,0.0002465937,-0.0005760356
0.0002303855,0.0006839186,0.0012458084
-0.000275535,0.0004823582,-0.0002379112
0.0006697856,0.0002001737,-0.0005278193
0.0002181799,0.0007456083,0.0010559948
-0.0003121517,0.0005098437,4.16214e-05
0.0004842611,0.0002184974,-0.0006645339
0.0003420663,0.0001073338,0.0011469344
-0.0003255778,0.0008573827,-0.0006602616
0.0004873125,0.0008244001,0.0002747686
0.0003072805,0.0002539231,0.0009778722
-3.6306e-05,-0.0002817388,-0.0006627029
0.0002053641,0.0001128309,0.000108758
0.0002187902,0.0005874139,0.0013599406
-1.12846e-05,0.0005074006,-0.000523547
0.0003097216,0.0002917921,9.71617e-05
0.0002962955,0.0001873471,0.0010370745
5.8032e-06,0.0006637626,-0.0008024692
0.0002120771,0.0004957956,0.0004712958
0.0002572377,0.0005947434,0.0005005918
0.0002023127,0.0005501558,-0.0006559893
0.0001644754,0.0005116761,0.0004950988
0.0002145182,0.0002930136,0.0007624246
0.0004342183,2.36557e-05,-0.0004216214
-6.43788e-05,0.0002771331,0.0003242055
0.0003048394,0.000671092,0.000700781
0.0002511349,0.0002520908,-0.0002299768
4.18096e-05,9.5118e-05,0.0003754735
0.0002523555,0.0002789655,0.0001942046
0.0001827838,0.0007034638,-0.0002214322
6.6831e-05,0.00056115,0.0008759466
0.0002926338,0.0005208379,-0.0001622299
0.0002194005,0.0002172758,-1.94119e-05
4.36404e-05,0.0005617608,0.0004297931
0.0005373553,0.0006057376,0.0002192283
-0.0001711775,0.0005373292,-0.0003312921
0.0001559316,0.000552599,0.0004407791
0.0004030941,0.0003724162,-7.06799e-05
-7.65844e-05,-0.0001485868,0.0002924682
-1.31155e-05,1.26615e-05,3.5518e-05
0.0005709206,0.0002380426,0.0002058009
-0.0002895714,0.0006888049,0.0005427047
0.0003573233,0.0002661389,0.0002894165
0.0004555781,2.91528e-05,-8.10556e-05
-0.0003811131,0.0002966784,0.0002680549
0.0003738008,0.0007706506,0.0002436416
0.000710064,0.0004909093,0.0002515759
-0.0004427512,0.000662541,-4.44356e-05
0.000694807,0.0007511054,0.0002961302
0.0004720556,0.0002142218,0.0003492292
-0.0004427512,0.0003992909,-0.0001237789
0.0007698712,0.000341266,0.0004767888
7.72057e-05,0.0004212793,0.0001588053
-0.0004799781,0.0004249441,-7.55626e-05
0.0008516485,0.0002991215,0.0001111993
3.87582e-05,-3.25369e-05,0.0006922363
-0.0003341217,0.0002362103,-0.0003880531
0.0008144215,0.0003632544,0.0003821872
-0.0001168627,0.0006637626,0.0007013913
-3.26443e-05,0.0004902985,-0.0002629348
0.000802216,0.0002270484,0.0003187125
-9.73338e-05,0.0003913507,0.0007239736
-2.1304e-06,0.0007395004,-0.000530871
0.0005709206,0.0009117429,0.0002668342
-9.4538e-06,0.0005709226,0.0009882478
0.0002853105,0.0001348193,-0.0006523273
0.0001571521,0.0002123895,0.0001447676
-4.17985e-05,0.0004218901,0.0011859957
0.0003652569,0.0001977305,-0.0006700269
0.000312773,0.000196509,0.0003699805
-0.0002010811,0.0004872445,0.0007874483
0.0004976872,0.0001794069,-0.0003581468
9.5514e-05,-1.84888e-05,0.0002228903
0.0001333513,0.0003211099,0.0006836917
0.0003860064,0.000804244,-0.000521716
-0.0001217449,0.0011291838,0.0004926574
0.0003951605,0.0003211099,0.000697119
0.0004940256,-0.000425885,-0.0007115296
-0.000209625,0.0006576547,0.0001826083
0.0002718844,0.0009984749,0.0009662758
0.0004653425,0.0004579267,-0.0003093201
-9.099e-07,3.46499e-05,0.000141716
0.0001864455,0.0002856842,0.0004279621
9.5514e-05,0.0004341059,-8.426e-06
0.0001003963,0.0003895183,0.0003950042
0.0005709206,-5.63577e-05,0.0004053798
-0.0002224408,0.0005324429,-0.0006388999
-2.996e-07,0.0010644401,0.0004865541
0.0006044859,0.0001671911,0.0009656655
-0.0001363916,-0.000257918,-0.0007548632
0.0001418952,0.0006845294,9.16687e-05
0.0005306422,0.0009282342,0.0013892366
-0.00022061,0.0004115067,-0.0003978184
0.0005483403,-0.0002328757,-0.0001500232
0.000422623,0.0001739098,0.0009943512
-0.0003231367,0.0011102493,-0.0001903052
0.0004763275,0.0007877527,-0.0001060792
0.0004744967,7.43512e-05,0.0010718635
-0.000231595,0.000506179,-0.0008525165
0.0006630726,0.0005446587,0.0002448622
-0.0001693466,0.0004286088,0.0009742102
0.0004140791,0.0001543645,-0.0002891791
0.0007039612,0.0002392642,2.02597e-05
-0.0003255778,0.0005171732,0.0011890474
0.0004659528,0.0005128977,-0.0003734051
0.0007289826,0.0001531429,0.0002692756
-0.0003670767,0.0003681407,0.0007892793
0.0006819912,0.0005483234,-0.0003465504
0.0003927194,0.0007737046,0.0003565532
-0.0003383936,0.0005587068,0.0006666023
0.0006868734,0.0003834104,-0.0006230313
0.0005288114,0.0005391616,0.000742894
-0.0003774514,0.0007602672,0.0005042538
0.0005928906,0.0003003431,-0.0003215268
0.00035,0.0002875165,0.0004462721
-0.00017667,0.0004261656,0.0004267415
0.0004433725,0.0006094023,-0.0004081941
0.0002785974,0.0004212793,0.0009424729
-0.0001412738,5.29736e-05,0.0001038753
0.0004842611,-6.73519e-05,-0.0004118561
0.0002444219,0.0005806952,0.0009937408
7.7816e-05,0.0008482208,0.0001258473
0.0003207066,0.0002960676,-0.0003654708
0.0005648178,0.0004157822,0.0007819553
0.0002291649,0.0004402138,0.0002875855
0.0001321307,0.0007285062,-0.0003270198
0.000378683,0.0007272846,0.0007093257
0.0004629014,0.0003547033,0.0003150505
0.0002261135,0.0005440479,-0.0002806345
0.0002621199,0.0004212793,0.0009198905
0.0001510493,0.0004286088,7.88517e-05
0.0005227086,6.09138e-05,4.95557e-05
0.0002547966,0.0002404858,0.0006116724
4.11993e-05,0.0003809672,0.0003504498
0.0003207066,0.0005110653,-0.0002287562
0.0003927194,8.04591e-05,0.0009424729
0.0001309102,0.000540994,-0.0002806345
0.0003286402,0.0008079088,-1.14776e-05
0.0002297752,0.0008207353,0.0007398423
5.64562e-05,0.0004066204,-0.0002690381
0.0005935009,0.0001311545,7.3969e-05
8.8801e-05,0.0005324429,0.000687964
-2.77621e-05,0.001050392,-0.0001744365
0.0005617664,0.0002264376,0.0005658974
0.0002962955,-0.0003641953,0.0008295613
-3.351e-06,0.0001824608,-0.0005943456
0.0001534904,0.0006967452,0.0004676338
0.0001681371,0.0009428931,0.0010163232
0.000694807,0.0002026169,-0.0002867378
0.0002724947,-0.0001491976,0.0002045803
-0.0002889611,0.0006973559,0.0003168815
0.0007308134,0.0009038026,0.0001667396
0.0003011777,0.0002520908,0.0004780094
0.0002151285,0.0003803565,2.69734e-05
0.0003902783,0.0006313907,6.2983e-05
6.92721e-05,0.000526335,0.0010413468
0.00050379,-0.0001760723,-0.0001500232
0.0002474733,0.0001488674,-0.0004728894
7.84262e-05,0.0011731606,0.0012073574
0.0005227086,0.0007553809,5.13867e-05
0.0001119915,-0.0002340973,-0.0003599778
0.0002895824,-2.82614e-05,0.0007459456
0.0006295073,0.0005513774,0.0002473036
-0.0003432759,0.0010265712,-6.51869e-05
0.0004653425,0.0004933524,0.0008472609
0.0007228798,-0.0001601918,1.47667e-05
-0.0002389183,0.0001366516,8.98377e-05
0.0001864455,0.0010051936,0.0004066005
0.0006710062,0.0006423849,0.0006196067
-0.0001339505,0.0003858536,-0.0001097412
0.0004696144,0.0003773025,0.0001136406
0.0003225374,0.0002972892,0.0006012967
-0.0001827727,0.0006631518,5.6117e-06
0.0007192181,0.0002239945,0.0003980558
0.0001376232,-3.31477e-05,0.0004383378
7.84262e-05,0.0004353275,0.0001697913
0.0004751069,0.0003101157,0.0002881959
-0.0001211347,0.0002930136,0.0005683387
0.0005904495,0.0003858536,-0.0001805399
0.0006478156,0.0005153408,0.0005384324
-0.000492794,0.0011041414,0.0002961302
0.0005379656,0.0005336645,-0.0001780985
0.0007179976,-9.97237e-05,0.0004755681
-0.0003725692,0.0004786935,0.0001893219
0.0005855673,0.0008586042,1.23254e-05
0.0004494753,0.000294846,0.0008564159
-0.0001040469,0.0001018367,-3.71116e-05
0.0006960276,-0.0001553055,3.79594e-05
0.0001760707,0.0005128977,0.0006800297
-0.0002834686,0.0008610474,0.0001783359
0.0008785007,0.0002276592,7.33587e-05
0.0003847858,-0.0001846234,0.0008136926
-0.0002737042,0.0007865311,-0.0004515277
0.0006783295,0.0011120817,0.0005445357
0.0002871413,0.0005990189,0.000731908
8.94113e-05,3.58715e-05,-0.0003099305
0.0005495609,0.0004182254,6.4814e-05
-0.0001510383,0.0010143554,0.000603738
0.0001248074,0.0004249441,5.5659e-05
0.0008235757,3.15959e-05,-0.0001115722
-7.96358e-05,0.0003040078,0.0004542065
-0.0001699569,0.0007065178,-7.67833e-05
0.0008223551,8.71777e-05,0.0006012967
6.07282e-05,-0.0001461437,9.5941e-05
-0.00017667,0.0002117787,-0.0001042482
0.0009108454,0.0009862591,0.0008667916
4.54712e-05,0.0001452027,0.0007911103
-5.1818e-06,-0.0001620242,-0.0006895576
0.000949293,0.0005825276,0.000656837
-6.9261e-05,0.0013789965,0.0008100306
0.0001113813,0.0008036332,-0.0001768779
0.0010505991,0.0001103877,0.0001972563
-0.0001608027,0.0002404858,0.0003974455
6.80515e-05,0.0009025811,-5.84733e-05
0.0011152886,0.0005923002,0.0009156182
-2.7407e-06,-7.2849e-05,0.0002900269
2.53321e-05,0.0001201603,-0.0003422781
0.0008516485,0.0002606418,0.0009980132
-0.0001302888,0.0001445919,0.0004932678
4.79123e-05,0.0005440479,-0.0006163176
0.0009126763,0.0007065178,0.000766697
-0.0002395286,0.0005916895,0.0004102625
0.0002224519,0.0005745874,-0.0006999332
0.0007570554,0.0003760809,0.0007398423
-0.0003396142,0.0006521576,0.0002100733
0.0003060599,0.0006961344,-0.0003343438
0.0010725691,0.0002264376,0.0011823337
-0.0007411771,6.0303e-05,3.12457e-05
0.0004519164,0.0003626436,-0.0004301661
0.0009877405,0.0003791349,0.0015851535
-0.0006050851,0.0005122869,-0.0001738262
0.0005178264,0.0005629824,-0.0003709638
0.0006258456,0.000439603,0.0013044003
-0.0002993358,0.0003858536,-7.06799e-05
0.000683822,0.0003974585,-0.0004252834
0.0004903639,0.0005849708,0.0014160913
-0.0002694322,0.0004505972,-9.63139e-05
0.0007125051,0.0001922334,-0.0004710584
0.0003945503,0.0003406552,0.0012647287
-0.0001528691,0.0007822556,-0.0003245784
0.0007149462,0.0003082834,-9.38726e-05
0.0002676124,0.0001372624,0.0009882478
-6.9261e-05,0.0003913507,-0.0004283351
0.0005611561,0.0006320015,-0.0002269252
8.8801e-05,0.0004591482,0.001355058
8.14776e-05,0.0004774719,-0.000626083
0.0006276764,0.0003351581,0.0003181022
-0.0001608027,0.0005000711,0.0009284352
-8.26871e-05,0.0003070618,-0.000551012
0.0008016057,0.0002575879,0.0002942992
-0.0002987256,0.00060757,0.0007386216
-3.99677e-05,0.0006570439,-0.00054735
0.000797944,0.0001226035,0.0005396531
-7.47535e-05,-0.0001064424,0.00075388
-5.09527e-05,0.0004524296,-0.0007042056
0.0006740576,0.0007297278,0.0010688118
3.02143e-05,0.0002667497,0.0008545849
0.000339015,-8.93403e-05,-0.0005961766
0.0004073661,0.000329661,0.000623879
5.1929e-06,0.0007981361,0.0009601725
0.0005318628,0.0006820862,-0.0007377739
0.0003878372,0.0005043466,0.0005640664
0.0001400643,0.0008433345,0.0002430312
0.0002901927,0.0003876859,-0.0003514331
0.0001772913,0.000419447,0.0004743474
0.0004744967,9.87827e-05,0.0003644875
1.98396e-05,0.0003968478,-0.0004857064
0.0001791221,0.0007382788,0.0009943512
0.0005599356,-3.62016e-05,0.0003388535
-0.0001418841,-0.000214552,-0.0003898841
0.0002120771,0.0006100131,0.0004273518
0.0003683083,0.0008549395,0.0005170708
-0.0002407491,0.000616121,-0.0001298822
0.0005965523,0.0004084528,2.087e-05
0.0001815632,0.0002374318,0.0003596048
-0.0004329867,0.0006515468,-1.08673e-05
0.0009737041,0.0003705838,0.0005897004
-4.60705e-05,5.66383e-05,0.0002314349
-0.0001894858,0.0004444893,-1.102e-06
0.0009163379,0.0006320015,0.0002009183
-0.0003927084,0.000448154,0.0006574473
0.0002084155,0.0002307132,5.0014e-06
0.0009663807,9.6075e-06,0.0001319506
-0.0006819801,0.0006106239,0.0005164604
0.0001955996,0.0009917562,-0.0001195066
0.0011268838,0.0001293222,0.0010193748
-0.0003957598,1.44938e-05,0.0002503552
0.0004055353,0.0002246053,-0.0002781931
0.0005721411,0.0007981361,0.000719091
-0.0002450211,0.0007871419,0.00066233
0.0006752781,0.0004157822,-0.0006468343
0.000530032,0.0003803565,0.0005781041
-0.0005617554,0.0009129645,0.0001661293
0.000797944,0.0001690235,0.0001832186
0.0003615952,-0.0001156042,0.0004859438
-0.0003243572,0.0004298304,8.37343e-05
0.0005831262,0.0008677661,0.0001887116
4.60815e-05,0.0004127283,0.0007325183
-6.80405e-05,-0.0002402052,0.000128899
0.0006905351,-0.0001284308,-0.0003087098
-0.000389657,0.001125519,0.0004395585
-0.0001119805,0.001163388,0.0002888062
0.0007619376,-1.72672e-05,-0.0001121826
-0.0001730083,-4.90282e-05,5.5659e-05
-0.0001406636,0.0005446587,0.0003504498
0.0005965523,0.000581306,0.0004926574
3.08246e-05,0.0003131697,0.0001008237
0.0001840043,7.67943e-05,0.0002143456
0.0004427622,0.0006203965,0.0003443465
-7.96358e-05,0.0005916895,0.0004243001
0.0001339615,-6.49087e-05,-0.0001451405
0.0005513917,0.0001042798,0.0002033596
-0.0001009955,0.0009978641,5.32177e-05
7.17132e-05,0.0009074674,0.0002692756
0.0005117236,-1.36024e-05,0.0002558482
0.0001693577,-6.30764e-05,-0.0003386161
6.92721e-05,0.0006429957,0.0002106836
0.0003030086,0.0011481182,0.0008405472
0.0004085866,0.0001635264,0.0001209646
-5.09527e-05,-0.0004594784,-0.0002812448
0.0002792077,0.0002636958,0.0003907318
0.0002712741,0.0007816448,0.0003608255
-4.79013e-05,0.0004878553,0.0003400742
0.0004024839,0.0002062816,-6.15249e-05
0.0002621199,0.0003620328,2.33114e-05
-0.0004519053,0.0009062458,0.0004535961
0.0007405779,0.0003870751,0.0003205435
0.000176681,6.58001e-05,-0.0001188962
-0.0003652459,0.0007804233,0.000145378
0.000677109,0.0008433345,0.0005939727
0.0001187046,0.0001024475,0.0002442519
-0.0002981153,-0.0003354883,-6.94593e-05
0.0006667342,0.0002740792,-6.21353e-05
-0.0001370019,0.0006607086,0.0009211112
-0.0001839933,0.0007614888,5.0014e-06
0.000977976,-0.0001998931,8.6634e-06
-0.000323747,0.0002307132,0.0002906372
-5.03424e-05,0.0008494424,0.0001771153
0.0009926227,0.0003620328,0.0003510602
-0.0003664664,0.0002985107,-6.70179e-05
0.0002114669,0.0006258936,-0.0001079102
0.0008070982,0.0008573827,0.0004389481
-0.000363415,0.0003156128,0.000638527
0.000312773,-8.1053e-06,-0.0007597459
0.000716777,0.0002020061,0.0007850069
-0.000617901,0.0005874139,0.0005256154
0.0005404067,0.000427998,-0.0001719952
0.0005794645,0.0001671911,0.0004139245
-0.0007106632,0.000592911,0.0001533123
0.0007735329,0.0005165624,-8.89899e-05
0.000367698,0.00015864,0.0007917206
-0.0007301921,0.0003314933,-0.0001353752
0.0005324731,0.0005354969,-0.0007396049
0.0003133833,0.0006167318,0.0012970763
-0.0002834686,0.0005342753,-7.31213e-05
0.00048182,-6.42979e-05,-0.0004966924
-2.10491e-05,0.000462813,0.0007184806
-0.0001223552,0.0004408246,0.0002717169
0.0004842611,0.0006668165,-0.0005864113
9.49038e-05,0.0001745206,0.0011707374
-0.0002694322,0.0002753007,-0.0004661757
0.0006105887,0.0002123895,-9.93656e-05
2.47218e-05,0.0002624742,0.0010590465
-6.74302e-05,0.0003290502,-0.0002025118
0.0006862631,0.000552599,-0.0002672071
-4.60705e-05,0.0003565357,0.0012683907
-4.24088e-05,0.0004805259,-0.0007377739
0.0007112845,0.0002960676,-4.07736e-05
-0.0002340361,0.0005153408,0.0010810184
0.0001382335,0.0003272178,-0.0006504963
0.0006404923,0.0004029556,-2.73463e-05
-0.000297505,0.0002581987,0.0012805973
0.0002731049,0.0003278286,-0.0007615769
0.0005886187,0.0003889075,0.0003162712
-0.0003927084,0.000619175,0.0010810184
0.0004323875,0.0005159516,-0.0008799815
0.0002627302,0.0002783547,0.0001893219
-0.0001937577,0.0002417074,0.0010456191
0.0003445075,0.0004811366,-0.0009086671
0.0002151285,0.0006081808,0.0003461775
-0.000341445,0.0004805259,0.0007715796
0.0005532225,0.0001983413,-0.0008458028
0.0001254177,2.30449e-05,0.0009815342
-0.0003298497,0.0003247747,0.000110589
0.0004513061,0.0003388228,-0.0005168333
0.0001852249,0.0007156796,0.0009577312
7.53749e-05,0.0004640345,0.0004578685
0.0003548822,2.97636e-05,-0.0006950506
9.85654e-05,0.0002099463,0.0008411576
0.0001046682,0.0003204991,8.4955e-05
0.0001492185,0.0008170706,-0.000532702
0.0004452033,0.0005312213,0.001366044
0.0001010065,0.000361422,-0.0003917151
0.0001699679,0.000150089,-0.0003404471
0.0002926338,0.0004585374,0.0009735998
0.000198651,0.0004212793,0.0001221853
8.63599e-05,0.0005299998,-0.0003880531
0.0004537472,0.0003870751,0.0011084834
0.000165696,0.000106723,-0.0001732159
6.56104e-05,0.0002233837,-0.0001603989
0.0004775481,0.0003241639,0.0008698432
-2.996e-07,0.000494574,-0.0001249996
0.0001400643,0.000595965,-5.9846e-06
0.0002932441,0.0001647479,0.0006965087
2.1415e-06,0.0002209405,-0.0001585679
0.0001113813,0.0009447255,-0.0003148131
0.0004537472,0.0007364464,0.0010193748
-0.0002669911,0.0003705838,-0.0005461293
0.0002566274,0.0001274898,-0.0002012912
0.0002163491,4.32009e-05,0.0009504072
-0.000411627,0.0004664777,-0.0003294611
0.000514775,0.0003711946,0.0001020443
0.0003445075,0.0001904011,0.0009687172
-0.0003017769,0.0002001737,-0.0003520434
0.0005678692,0.000196509,0.000143547
0.0002023127,8.22914e-05,0.0009430832
-0.0001974194,0.0007285062,-0.000613266
0.0006301176,0.0008494424,0.0003870698
8.14776e-05,0.0007859204,0.0006415787
-5.03424e-05,0.000471364,-0.0007530322
0.0005788542,4.07578e-05,0.0004761784
4.54712e-05,0.0003901291,0.0005658974
8.14776e-05,0.0009038026,-0.0005516223
0.0005709206,0.0006039052,0.0010132715
0.0001388438,1.44938e-05,0.0006226584
0.0001577624,-0.000182791,-0.0009025638
0.0002999572,7.12972e-05,0.0011097041
5.40151e-05,0.0006955236,0.0004127038
0.0003780727,0.0002789655,-0.0003605881
0.0002224519,0.0003437091,0.0006043484
0.000253576,0.0006338339,0.0002338762
6.37796e-05,0.0005477126,-0.0003587571
0.0003176552,0.0005483234,0.00064402
0.0003506102,0.0004237225,0.0001935943
-7.84152e-05,0.000717512,-0.00047411
0.0001089401,0.0008628798,0.000620217
0.0003658672,0.0003259962,0.0002143456
-3.38649e-05,4.62549e-05,-0.0002623245
0.0001620343,0.0003272178,0.0002198386
4.91329e-05,0.0003088941,0.0005201224
7.634e-06,8.04591e-05,-2.61256e-05
0.0004372697,-7.4946e-06,0.0003675392
0.0001907174,0.0002203297,0.0003663185
7.23235e-05,0.0005635932,8.3124e-05
0.000541017,0.0005733658,0.0003864595
5.03535e-05,0.0004212793,7.82413e-05
0.0002383191,0.0007217875,-0.0001732159
0.0004848714,0.0006888049,0.0005219534
7.72057e-05,0.0004231117,0.0002650032
0.0002743255,0.0003803565,-0.0003447194
0.0005391861,0.0003553141,0.0007453353
9.85654e-05,0.0006179534,0.0002283832
0.000191938,0.0002142218,9.47203e-05
0.0004452033,8.16806e-05,0.0005518597
0.000110771,-5.88008e-05,0.0003437362
-1.73874e-05,0.0003052294,-0.0002159392
0.0004580192,0.0004793043,0.000742894
-5.7921e-06,0.0004377706,4.1011e-05
9.4648e-06,0.0004805259,-0.0002629348
0.0005794645,0.000286295,0.00071726
3.57068e-05,0.0005122869,-8.77692e-05
-0.0001760597,0.0007156796,-0.0002165495
0.000345728,0.0010222957,0.0004822818
0.0003603747,0.0003052294,0.0004743474
-0.0001321197,-0.0001388142,-0.000514392
0.0002181799,0.0001561969,0.0007129877
0.000106499,0.0003644759,0.0003473982
0.0001565418,0.00027469,-9.02106e-05
0.0003658672,0.0007120149,0.0004218588
0.0001345718,0.0003565357,0.0004615305
5.21843e-05,-0.0001119395,-0.0002897895
0.0002023127,0.00018185,8.92273e-05
0.0002724947,0.0007743154,0.0004682441
0.0001296896,0.0007223983,-7.00696e-05
0.0004091969,0.0003681407,0.0004700751
0.0002035332,0.0001842932,-1.45293e-05
8.51393e-05,0.0001305438,0.0001246266
0.0003792933,0.0005764197,0.0006452407
0.0004494753,0.000459759,0.0003168815
-0.000124186,0.0004438785,-0.0001030276
0.0004506958,0.0004750288,0.0004706854
0.0005831262,0.0002814086,0.0002747686
-0.0004311559,0.000184904,-0.0001683332
0.0005562739,0.0007382788,0.0002784306
0.0003158244,0.0005574853,0.0004413895
-0.0003408347,0.0003876859,4.1011e-05
0.0007765843,-0.0001748507,0.0001111993
2.59423e-05,0.000248426,0.0001850496
-0.0002944536,0.0008818142,0.0003473982
0.0009224407,0.0002905705,0.0002765996
-0.0001821625,-8.68971e-05,0.0002137353
-7.10919e-05,0.0005049574,-0.0001341546
0.0008064879,0.0004927416,0.000596414
-0.0002639397,0.0005739766,0.0004566478
0.0004561883,0.0004988495,-0.0002098358
0.0005349142,0.0003663083,0.0003626565
-0.0006142393,0.0004414354,0.0007087153
0.0006203531,7.98483e-05,-0.000457631
0.0004683939,-5.45253e-05,0.0004938781
-0.0006343785,0.0009239587,0.0002161766
0.0010737897,0.0007908067,0.0001624673
0.0002224519,-2.09319e-05,0.0004102625
-0.0004763165,0.0002679713,-0.0002360802
0.0010103208,0.0002978999,0.0002173973
2.1415e-06,0.0004487648,0.0008344439
-0.0002401389,0.0005287782,-0.0002604935
0.0011488539,4.80872e-05,0.0003004025
-0.0002169483,0.0001891795,0.0008539746
5.09637e-05,0.0005684795,-0.0004088044
0.0009193893,0.0002869057,0.0007184806
-0.0002438005,0.0007126257,0.0002100733
0.0002560171,0.0007718722,-0.0004045321
0.0006862631,0.0004866337,0.0006299824
-0.0002816378,0.0003479846,0.0003132195
0.0003030086,0.0002410966,-0.0005961766
0.0004104175,0.0004377706,0.0008570262
-0.0001846036,0.0006521576,0.0003516705
0.0002804283,0.0003321041,-0.0006035006
0.0003091113,-9.05619e-05,0.0011121454
-7.90255e-05,0.0001574185,8.98377e-05
0.0005196572,2.12125e-05,-0.0003105408
-0.0001601925,0.0006778107,0.0009327075
0.0003756316,0.0006735352,0.0006647713
0.0004842611,0.0001048906,-0.0007438772
-0.0001431047,0.0003547033,0.0009150079
0.0004152997,0.0005715334,0.0004578685
0.0004567986,0.0004689209,-0.0003636398
-0.0001730083,0.0006674273,0.0006324237
0.0005269806,0.0007767585,3.0025e-05
0.0004854817,0.0004823582,0.000110589
-0.0001827727,-4.78066e-05,0.0008081996
0.0007613273,-8.26216e-05,-0.0001243892
0.000191938,0.000396237,0.0002112939
-0.0003438861,0.0009740434,0.000755711
0.0009023015,0.0002313239,0.0001130303
0.0001150429,-0.0002676907,6.8476e-05
-0.0001626336,0.0001488674,0.0004499341
0.0006539184,0.0006655949,-0.0001903052
-7.29227e-05,0.0008671553,0.0006830813
0.0001931585,0.0007938606,-0.0001372062
0.0006911454,0.0002068924,3.7349e-05
-0.0003310703,0.0006930804,0.0003083369
0.0003323019,0.0003113373,0.0001844393
0.0003506102,0.0004108959,-0.0001726055
-0.0002462416,0.0008323403,0.0005915314
0.0004696144,0.0005776413,3.67387e-05
0.0001949893,-0.0003055596,0.0003657082
-0.0002511239,-0.0001058316,6.05417e-05
0.000852869,2.06017e-05,0.0005274464
-0.0001931475,0.0004957956,0.0006958983
0.0001126018,0.0008292864,1.3546e-05
0.000797944,3.89254e-05,0.0004004972
-0.0002334258,0.0003052294,0.0004053798
0.000433608,0.0004267764,8.00723e-05
0.0005233189,0.0006985775,-1.7581e-05
-0.0004317662,0.0009893131,0.0007697486
0.000923051,0.0007663751,-0.0004387107
0.0002590685,7.86267e-05,0.0002430312
-0.0003542609,0.0006503252,0.0004999814
0.0010505991,0.0002380426,0.0001655189
2.22807e-05,2.67096e-05,0.0002509656
-0.0003396142,0.0004231117,0.0002131249
0.0009981152,0.0004347167,0.0003718115
-0.0001742288,0.0001048906,0.000636696
7.7816e-05,-0.0002786849,0.0001777256
0.0006923659,0.0003223315,-0.0004771617
-0.0003408347,0.0011468967,0.0011017698
0.0001406746,0.0007651535,0.0001752843
0.0008803315,0.0001745206,-0.0005369743
-0.0003200853,0.0006118455,0.0004426101
-2.04388e-05,0.0010229065,0.0002228903
0.0009596677,0.0003540925,0.0004596995
-0.00028652,0.0001873471,-1.3919e-05
8.8801e-05,-0.0001424789,0.0002717169
0.0004329978,0.0005916895,0.0002662239
0.000117484,-2.09319e-05,0.0010175438
0.0001425054,-0.0002939546,-0.0004619034
0.0006392717,0.0004402138,0.0004963194
-1.8608e-05,0.0009514442,0.0009504072
0.0002230621,0.0003766917,-0.0003825601
0.0005776337,0.0002911813,9.0448e-05
0.000165696,0.0008085195,0.0006226584
0.0003036188,0.0007388896,-4.916e-07
0.0003518308,0.0004066204,5.0166e-05
0.0002053641,0.00053794,0.0006507337
0.0005697,0.0002740792,-8.28866e-05
9.209e-07,0.0004591482,0.0003174919
0.0003615952,0.0004139499,0.000656837
0.0002785974,0.000216665,-0.0003758464
-5.76657e-05,0.0001635264,0.000640358
0.0004506958,0.0003357689,0.0001789463
0.0004348286,5.96922e-05,0.0002033596
-0.0006154598,0.0006802539,8.053e-06
0.000890096,0.000592911,0.000763035
0.0002834797,0.0001555861,5.68797e-05
-0.0004909631,0.0004762503,5.68797e-05
0.0008284579,0.0006955236,0.0003901215
-0.0001034366,0.000482969,0.000114251
-0.0001321197,0.0001232143,0.0004041592
0.0009315949,0.0004707532,-0.0002263148
-0.0003933186,0.0004017341,0.000713598
-0.0001485972,0.0004139499,0.000116082
0.0014283612,-0.0002114981,0.0003535015
-0.0007045604,0.0002930136,4.1011e-05
-6.37685e-05,0.0009178508,0.0005811557
0.0013917445,0.000369973,0.0003779148
-0.0005526012,5.66383e-05,4.16214e-05
5.88974e-05,0.0004689209,9.2279e-05
0.0012092714,0.0009337313,0.0004828921
-0.0007210379,0.0003571465,0.0003809665
0.0005349142,0.0003186668,-0.0003746258
0.0010640252,0.0002429289,0.0007001707
-0.0010035966,0.0010876501,-0.0001683332
0.0006941967,0.0003785241,0.0002839236
0.000912066,4.93088e-05,0.0002674446
-0.0008223441,0.0001055014,0.000156364
0.0004549678,0.0005916895,-0.0003642501
0.0006691754,0.0003742486,0.0013703163
-0.0005288004,0.0004017341,-0.0003410574
0.0007198284,5.1752e-05,-0.0001518542
5.03535e-05,0.0007364464,0.0008783879
-0.0004811987,0.0007474406,5.13867e-05
0.0008229654,-0.000116215,3.79594e-05
-8.94002e-05,0.0003174452,0.0004877748
-0.00026455,0.0009251802,-4.38253e-05
0.0006343895,0.0006735352,8.06827e-05
-3.32546e-05,-0.0001272092,0.0011249624
0.0001223663,-0.0001620242,-0.0008232205
0.0004329978,0.0001922334,0.0002430312
-0.0002950639,0.0011352917,0.0007496076
0.0005642075,0.0004683101,0.000121575
0.0004891433,-0.0001956176,-5.17596e-05
-0.0001900961,0.0004334951,0.0002692756
0.0004903639,0.0007645427,0.0001752843
0.000286531,0.0005483234,0.0005427047
0.0004232333,0.0001256574,7.0307e-05
0.0002017024,0.0006381094,-0.0003984287
0.0001443363,0.0012611142,0.0009900788
0.0004909742,0.0002252161,0.0001765049
0.0001089401,-0.0005120063,-0.0004014804
0.000220621,0.0005501558,0.0003968352
0.0001974305,0.000760878,0.0006690437
2.9604e-05,0.0003748594,-6.09146e-05
0.0006673445,-0.0003153322,0.0005012021
0.0002163491,-6.00224e-05,0.0001038753
-0.0004811987,0.0010320683,-0.0001066896
0.0006569698,0.000949001,0.0007947723
0.0001730193,0.0001323761,9.10583e-05
-0.0001235758,0.0001488674,-0.0004271144
0.0003957708,0.001027182,0.0002741582
-8.08563e-05,0.0007236199,0.0009961822
0.0002047538,0.0001610832,-0.0006163176
0.0005935009,-0.000229211,0.0002473036
-0.0003939289,0.000616121,0.0005219534
0.0004085866,0.0004457109,0.0004090418
0.0004287258,-0.0002475346,-4.32149e-05
-0.0001046572,0.0001048906,0.0002473036
0.0003750214,0.0007486622,7.64103e-05
0.0002395396,0.0006039052,0.0006074
-0.0002682117,0.0002007845,-0.0002049532
0.0006319484,8.71777e-05,-0.0002202115
0.0002383191,0.0008402806,0.0005854281
-0.0002071839,0.001394877,4.95557e-05
0.000666124,0.0003186668,0.0003077265
0.0001833941,-0.0002744094,0.0002375382
5.8032e-06,0.0001659695,-6.27456e-05
0.000275546,0.0005226703,0.0005658974
0.0001418952,0.0005464911,0.0005500287
0.0002517452,4.50333e-05,-0.0003001651
0.000139454,-0.0001412573,0.0003876802
0.0002901927,0.0002844626,0.0004682441
-0.0002791967,0.0004347167,-0.0003355644
0.0001376232,0.0005648147,0.0004322345
0.0006087578,0.000427998,0.0003083369
-0.0002230511,0.0006564331,-0.0003227475
0.0001443363,0.0004909093,0.0007770726
0.0003872269,0.0002759115,-0.0001848122
-7.3533e-05,0.0004151714,-0.0001555162
0.0002694433,0.000827454,0.000634865
0.0004836508,0.000540994,0.0003174919
-0.0002944536,-8.01784e-05,-0.0002592728
0.0003799036,-0.0001217121,0.0004291828
0.0004964667,0.0001879579,0.0005622354
-0.0003164236,0.0005452695,-1.575e-05
0.0003292505,0.000650936,0.0004059902
0.0004812097,0.0003046186,0.000106927
2.41115e-05,0.0003321041,-4.99286e-05
0.0002596788,0.0006515468,0.0002235006
0.0004085866,0.000549545,0.0004194175
-6.19377e-05,0.0004841906,-0.0004130767
0.0004879228,0.0002264376,0.0008747259
0.0004067558,0.0002765223,0.0001771153
-0.0001608027,0.0001012259,-0.0001011966
0.0003908886,0.0003327149,0.0007978239
0.00059167,0.0004371598,9.28893e-05
-0.0001595822,0.0003663083,-0.0001213376
0.0001083299,0.0005165624,0.0003290882
0.0005263703,0.0005794737,-4.87079e-05
-0.0002230511,0.000393183,-0.0001329339
0.000242591,0.0001158848,0.000594583
0.00043788,0.0004151714,-0.0003203061
-0.0004470231,0.0004060096,0.0002894165
0.0002639508,0.0003742486,0.0004371171
0.0006478156,0.0002221621,2.69734e-05
-0.0005580937,0.0003247747,-3.83323e-05
0.0002273341,0.0004157822,0.0006305927
0.0006435437,0.0003999017,1.04944e-05
-0.0002627192,-2.21535e-05,0.0001746739
0.0003707494,0.0004695317,0.0002357072
0.0005880084,0.0007779801,0.0001484296
-0.0002114558,0.0006167318,0.0005225638
0.0006862631,0.0001464243,0.0002601206
0.0004897536,0.0002429289,-0.0001152342
-0.0006325476,0.0009428931,5.32177e-05
0.0007472909,0.0007205659,0.0006043484
0.0006691754,-8.50648e-05,0.0002289936
-0.0005263593,-1.84888e-05,-0.0002574418
0.0004720556,0.0005996297,0.0003132195
0.0003481691,0.0007004099,0.0007862276
-9.85544e-05,0.0001348193,3.61284e-05
0.0005452889,-0.0002017255,-0.0001036379
6.07282e-05,0.0006436065,0.0004908264
-0.0001455458,0.0010864285,3.61284e-05
0.0006606315,0.0002765223,0.0002527966
5.1929e-06,5.29736e-05,7.29e-07
-4.54602e-05,0.0005336645,-0.0002293665
6.43899e-05,0.0005104545,0.0002576792
-0.0001418841,0.0003864643,0.0002814822
0.0004409314,2.8542e-05,-0.0002311975
-0.0001272374,0.0004976279,0.0001893219
-0.0001601925,0.0008372266,0.0004096521
0.0002810385,-3.19261e-05,-3.52806e-05
0.0001840043,-0.000680584,0.0003925628
-2.22696e-05,0.0003272178,-1.7581e-05
0.0002981263,0.0012507308,0.0003162712
0.0001827838,0.0007474406,0.000770359
0.000334743,-0.0003061704,4.89453e-05
0.000360985,-6.24656e-05,-0.0003648604
-6.49891e-05,0.0008152382,0.0007715796
9.85654e-05,0.0011346809,0.0003199332
0.000666124,0.0002362103,-0.0001530749
1.55676e-05,0.0003406552,2.33114e-05
6.92721e-05,0.0006558223,0.0005079158
0.0004525267,0.0003644759,0.000163688
7.47646e-05,-0.000324494,0.0001356126
-1.98285e-05,-5.6622e-06,-5.17596e-05
0.0004494753,0.0009544981,0.0004859438
3.81479e-05,0.0005855816,0.000691626
-2.9593e-05,-0.0004661971,-1.94119e-05
0.0005495609,2.67096e-05,-0.0004142974
-0.0002090147,0.000992367,0.0006208274
-0.0001858241,0.0012684437,0.0003150505
0.0007491218,0.0002728576,-0.0002550005
-0.0002114558,-0.000124766,-3.40599e-05
-0.0003579225,0.0006643733,0.00011242
0.0007704815,0.0007352249,0.0004371171
-0.0004470231,-8.75079e-05,0.0003394639
-8.75694e-05,-9.48374e-05,-0.0002562212
0.000819914,0.0002594202,0.000601907
-0.0003695178,0.0002221621,0.0007697486
0.0002499144,0.0001207711,-0.0001042482
0.0005605459,0.0005098437,-1.69706e-05
-0.0001846036,0.0010308467,0.0006470717
0.000297516,0.000529389,-7.61729e-05
0.0005721411,0.0002117787,4.52833e-05
-0.000117473,3.89254e-05,0.0002772099
0.0002041435,0.000639331,-0.0001988499
0.0005733617,0.0009025811,0.0006818607
4.11993e-05,0.0003834104,0.0002131249
6.4134e-06,-0.0001882881,-0.0003178648
0.0003329122,0.0003473739,0.0002332659
0.0001376232,0.0003809672,0.0008472609
-5.40041e-05,0.0002905705,-0.0005375847
0.0003048394,0.0007517162,0.0001887116
0.0001949893,0.0005251134,0.0011499861
0.0001083299,-0.0003086135,-0.0003746258
0.000224893,-0.0001357602,-0.0001488025
-0.0001034366,0.0009459471,0.0008869326
0.0003518308,0.0006735352,0.0001935943
0.0003683083,0.0003540925,-0.0002910101
-0.0001339505,0.0003388228,0.0006965087
3.9723e-06,0.0003369904,-0.0003550951
0.0001724091,0.0002410966,7.09173e-05
6.62207e-05,0.0005477126,0.0007160393
0.000268833,0.0003461523,-0.0001860329
-0.0001278477,0.0003834104,-8.53279e-05
4.97432e-05,0.0002624742,0.000759373
0.0004915845,-0.0001259876,6.72553e-05
-0.0001516486,0.0003840212,-0.0001842019
-7.623e-06,0.0007431651,0.0005127984
0.0004470342,0.0004756395,0.0002003079
0.0002731049,-0.0001388142,5.81003e-05
9.49038e-05,0.0003333257,-2.55153e-05
0.0003292505,0.0006686489,0.000622048
0.0002572377,0.0007352249,-2.49049e-05
0.000246863,0.0002783547,0.0002784306
0.0002712741,0.0004811366,0.0004401688
0.0002627302,0.0004591482,0.0001392746
0.0001229765,0.0001409272,0.0002271626
0.0002389294,0.0002911813,0.0004230795
0.0003542719,0.000619175,-2.42946e-05
6.31693e-05,0.0004145606,0.0004175865
3.02143e-05,0.0003449307,0.000119744
0.0004232333,0.0003253854,-0.0001756572
3.3621e-06,0.0003052294,0.0004285725
-0.0001424944,0.0005635932,-2.42946e-05
0.0005373553,0.0004554835,4.04007e-05
5.1574e-05,-5.02498e-05,0.000713598
-0.0001778905,0.0002075032,-0.0002775828
0.0005910598,0.000404788,0.0001905426
-2.5321e-05,0.0002905705,0.0010462295
0.0002511349,0.0004683101,-0.0001445302
0.0006319484,0.000384632,5.749e-05
-0.0004134578,0.0008518856,0.0003864595
0.0005855673,0.0009783189,0.0001319506
0.0006960276,0.0002221621,0.0004987608
-0.0003200853,0.0001787961,0.000139885
0.0003353533,0.0002111679,-0.0003996494
0.00048182,0.0005990189,0.0008130823
-6.01069e-05,0.0005623716,0.0004749578
0.0005544431,1.6937e-05,-0.0005241573
6.19487e-05,0.0002765223,0.0005311084
-9.97749e-05,0.0004487648,0.0004011075
0.0005031797,4.32009e-05,-0.0004319971
-8.26871e-05,0.0002380426,0.0004078212
0.0001815632,0.0008231785,0.0003907318
0.0005617664,0.000451208,6.17623e-05
-0.0002419697,0.0001537537,0.0004181968
0.0002993469,0.000173299,0.0002582896
0.0004311669,0.0002239945,0.0001789463
-0.0004811987,0.000784088,0.0003181022
0.0005642075,0.000552599,0.0002820926
0.0003261991,8.53454e-05,-6.57973e-05
-0.0003872159,0.0004719748,0.0003650978
0.0006722267,0.000506179,0.0002332659
2.83835e-05,0.0001910119,0.000125237
-0.000378672,0.0006472712,-4.07736e-05
0.0009053529,0.0001806285,0.0005329394
-0.0001449355,0.0001482566,0.0002241109
2.04498e-05,0.0003088941,0.0002576792
0.0007405779,0.0004029556,2.02597e-05
-0.00026455,0.000404788,0.0005201224
0.0002389294,0.0005684795,0.000143547
0.0007942823,7.1644e-06,0.0003730322
-0.0005574834,0.0003974585,9.83823e-05
0.0006050962,0.0006002405,4.71143e-05
0.0007137256,0.0006148994,0.0006324237
-0.000367687,0.0005556529,0.0004822818
0.0006203531,0.0002643065,-0.0003459401
0.0003518308,-4.04772e-05,0.0006409684
-0.0004342073,0.0003571465,0.0004181968
0.0010188646,0.0003424875,9.7772e-05
7.84262e-05,0.0005019035,0.0006501234
-0.0004891323,0.0005806952,2.14804e-05
0.000791231,7.61835e-05,-1.2088e-05
0.0001132121,-1.36024e-05,0.0008551952
-0.0005135434,0.0004622022,-0.0003697431
0.0008223551,0.0006332231,0.0002509656
-3.02032e-05,0.0007205659,0.0007123773
-0.00017667,0.0003485954,-0.0003373954
0.0006899248,0.0001714666,0.0001301196
2.83835e-05,0.0001922334,0.0008558056
-0.0002120661,0.00053794,-0.000616928
0.0007631582,0.0005654255,0.0004188071
-7.29227e-05,0.0005220595,0.0007679176
-2.7407e-06,0.0003229423,-0.0005369743
0.0008455457,-1.4824e-05,0.0006519544
-0.0001357813,0.0002435397,0.0004670235
6.80515e-05,0.0006283368,-0.0007170226
0.0006807706,0.0008201245,0.0009894685
7.29337e-05,0.0004988495,0.0008838809
0.0002486938,-0.000116215,-0.0010050997
0.0003811241,0.0002301024,0.0007074947
-1.00641e-05,0.0005440479,0.0008234579
0.0003481691,0.0004353275,-0.0006694166
0.0005074517,0.0003602004,0.0009760412
7.7816e-05,0.0002594202,0.0004438308
0.0001479979,0.0001427595,-0.0004429831
0.0005019592,0.0003229423,0.0011780614
0.0002560171,0.0003247747,0.0003925628
-0.0001431047,0.0007639319,-0.0007597459
0.0005684795,0.0006649841,0.0013379686
0.0002657816,1.32723e-05,9.65513e-05
-0.0001455458,0.0003107265,-0.0007646285
0.0004214025,0.0008421129,0.0011524274
0.0001901071,0.0003742486,0.0002198386
-0.0002450211,0.0001574185,-0.0007792765
0.0004604603,0.0002844626,0.0010028958
0.0001309102,0.0001378732,0.0003327502
-0.0001302888,0.0003693623,-0.0007273982
0.0007295929,0.0003791349,0.0011414414
-4.91219e-05,0.0002734684,0.0002466932
-9.1231e-05,0.0003864643,-0.0007579149
0.0007271518,0.0003095049,0.0011743994
-3.26443e-05,0.0003437091,0.0003382432
0.0001272485,0.0005593176,-0.0007377739
0.0007204387,0.0006228397,0.0010382951
-0.0001974194,0.0003809672,0.0006196067
0.0006819912,5.96922e-05,-0.0005735943
0.0004012633,-0.0001351495,0.0010303608
-0.0003884364,0.0009221263,0.000154533
0.0008778904,0.0005403832,7.15277e-05
0.0003329122,0.0003992909,0.0005597941
-0.0003884364,0.0004218901,-2.18533e-05
0.0006899248,0.0003278286,-0.0002061738
0.0001467774,0.0001751314,0.0009424729
-0.0002743144,0.0006142886,-0.0003642501
0.0008498176,0.0004121175,0.0002924682
-4.85116e-05,0.0002154434,0.0008844912
1.31265e-05,0.0002301024,-0.0003489918
0.0005312525,1.51046e-05,0.0003889008
-3.02032e-05,0.0003882967,0.0007013913
9.4648e-06,0.0006289476,-0.0003923254
0.000492805,0.0008641013,0.0003199332
0.0001187046,0.0004701424,0.0009699378
9.9786e-05,0.000283241,-0.0008482442
0.0003652569,0.0002270484,0.0006849123
0.0001211457,0.0006094023,0.0007715796
0.0001431157,0.0002740792,-7.55626e-05
0.0004043147,0.0002753007,0.0002808719
3.63171e-05,0.0003009539,0.000627541
0.0002554069,0.000236821,3.7349e-05
0.0002779872,0.0004622022,0.0002692756
-2.16593e-05,0.0002264376,0.0003608255
4.42507e-05,0.0002636958,-0.0003294611
0.0004342183,0.0003437091,0.0005488081
0.0001290793,0.0003559249,0.0001691809
-3.69163e-05,0.0002062816,-7.37316e-05
0.0006746679,0.0004890769,0.0004682441
0.0002432013,0.0003076726,0.0005066951
-3.87471e-05,0.0003333257,-8.04452e-05
0.0004494753,0.000619175,-2.3226e-06
0.0001821735,0.0005153408,0.0005402634
-4.48499e-05,0.0006686489,-0.0001738262
0.0006887042,0.0001794069,0.0004706854
-0.0003292395,0.0003137805,-8.22762e-05
0.0003957708,-3.92556e-05,0.000600076
0.0002639508,0.0002325455,2.94147e-05
-3.81369e-05,0.000482969,0.0004645821
0.0001760707,0.0004121175,0.0002253316
0.0004384903,0.0001464243,0.0003638772
-7.47535e-05,-1.29917e-05,0.0001923736
-7.17021e-05,0.0003107265,-0.0001506335
0.0004513061,0.0009190724,0.0003931732
0.0002065846,0.0008726524,0.000125237
-0.0001095394,0.0005067898,6.1152e-05
0.0006526978,0.0003791349,0.0001539226
7.04926e-05,0.000106723,0.000600076
-4.91219e-05,0.0002068924,7.29e-07
0.000710064,0.0003241639,2.4532e-05
-6.13274e-05,0.0006771999,0.000687964
0.000121756,0.0004719748,0.0002155663
0.0008046571,-0.0001980607,-0.0001005862
-0.000363415,-1.54348e-05,0.0005042538
0.0003866166,0.0005923002,0.0002570689
0.000617912,0.0006894157,-0.0001726055
-0.0003817234,0.0008543287,0.0007551006
0.0006996893,0.0005574853,0.0002503552
0.0005111133,-0.0001082747,0.000119744
-0.0005623657,0.0002869057,0.0001276783
0.000628897,0.0004884661,0.0003089472
0.0002816488,0.0006881941,0.0001502606
-0.0004622801,0.0004145606,0.0002161766
0.0007460704,0.0001439811,-1.575e-05
0.0002615096,-0.0001662997,0.0007850069
-0.0004537362,0.0001226035,-0.0002934515
0.000558715,0.0003803565,0.000114251
0.000220621,0.0007486622,0.000724584
-7.29227e-05,0.0004799151,-0.0001085206
0.0005843467,-0.0002035578,0.0002692756
9.9786e-05,-2.21535e-05,0.0003351915
-3.99677e-05,0.0005245027,7.82413e-05
0.0003658672,0.0010137446,-8.65486e-05
0.0001742399,0.0007401112,0.0006135034
1.06854e-05,0.0003852428,-0.0003996494
0.0004848714,-2.88722e-05,0.0002375382
-2.41005e-05,0.0003644759,0.0002363176
-7.53638e-05,0.000503125,5.6117e-06
0.0006246251,0.0003803565,0.0004554271
-2.04388e-05,0.0001580293,0.0003205435
0.0002547966,0.0001452027,1.96494e-05
0.0004018736,6.21354e-05,0.0004243001
9.12421e-05,0.0002331563,0.0006556163
0.0002590685,0.0004573159,-0.0003703534
0.0001699679,0.0006313907,0.0004578685
0.0001089401,0.0006381094,0.0003541118
0.0004165203,0.0002349887,-0.0005040164
0.0002456424,0.0004023449,0.0007184806
0.0003023983,0.0008335619,0.0003742528
0.0001425054,0.0006258936,-0.0004258937
8.33085e-05,0.0002123895,0.0008374956
0.000470835,-0.0001107179,0.0002076319
-1.55566e-05,0.0003986801,-0.0007499806
-4.91219e-05,0.0006063484,0.00130379
0.0004683939,0.0003070618,6.60347e-05
0.0001949893,-0.0004478734,-8.22762e-05
-0.0002065736,0.0002087247,0.0003461775
0.0003213169,0.0006790323,0.0002796512
0.000176681,0.0007645427,0.0001038753
0.0003957708,0.0001794069,0.0007129877
0.0002523555,0.0002337671,-0.0003398368
-0.0001821625,0.0008848682,7.82413e-05
0.0003170449,0.0005403832,0.0007990446
0.0003097216,2.73204e-05,-0.0002690381
0.0001095504,0.0005721442,-0.0002177702
0.0002212313,0.0005751981,0.0008832706
1.8619e-05,0.0001018367,0.0004395585
0.0002999572,-5.45253e-05,-0.0007359429
0.0003255888,-0.0001101071,0.0008582469
-0.0003805028,0.0008659337,1.78184e-05
0.0005709206,0.0004921308,0.0001386643
0.0002608994,-0.0005052876,0.0005427047
-0.000363415,0.0001323761,-0.0003416678
0.0007344751,0.0011395672,8.43447e-05
-0.0001101497,0.0006808646,0.0011194694
-8.32974e-05,0.0001006151,-0.0005388053
0.0009718732,1.93802e-05,-0.0002080048
-0.0004573978,0.0002893489,0.0011615824
-0.0001479869,0.0009312881,-0.000457631
0.0012086611,0.0003583681,0.0003785252
-0.0005501601,4.07578e-05,0.0007801243
-2.1304e-06,0.0002325455,-0.0007872109
0.0007607171,0.0002685821,0.0003492292
-0.0005391751,0.0002838518,0.0010932251
0.0003658672,0.0006582655,-0.0012535053
0.0007570554,0.0005251134,0.0008490919
-0.000749721,0.0004499864,0.0008374956
0.0005562739,-6.00224e-05,-0.0010032687
0.0005495609,-0.0001400358,0.0006373064
-0.0007094427,0.0007150688,0.0006098414
0.0009810274,0.0010106907,-0.0006688063
0.0001302999,0.0003082834,0.0009259939
-0.0004696034,-6.9795e-05,0.0003950042
0.0009389182,-8.75079e-05,-0.0012321436
-7.90255e-05,0.0006032944,0.0015839328
-0.0002566164,0.0012525631,0.0003052852
0.00120622,-0.0001339279,-0.0005150023
-0.0003390039,-4.47527e-05,0.0008844912
1.92293e-05,0.0004499864,0.0002735479
0.0007790254,0.0004017341,-0.0003660811
-0.0005111023,0.000459759,0.0010797978
0.0002615096,0.0003803565,-0.0003959874
0.0007094537,0.0001690235,-0.0001219479
-0.0006386504,0.0003437091,0.0010498915
0.0004696144,0.0002355995,-0.0007200742
0.0004287258,0.0002844626,5.44383e-05
-0.0004262737,0.0008879221,0.0009192802
0.0004732761,0.0004835798,-0.000611435
0.0002438116,-0.0002188276,0.0001844393
-0.0002895714,-9.3005e-05,0.0006318134
0.0007118948,0.0005226703,-0.0007151916
-0.0001070983,0.0009111321,0.0008216269
-0.0001290683,0.0004060096,0.0005225638
0.0007021304,-0.0003959564,-0.0008097932
-0.0002657705,0.0002869057,0.000700781
6.07282e-05,0.0006252828,0.000759373
0.0007045715,0.0002856842,-0.0003062685
-0.0002914022,0.0004377706,0.0003675392
0.0003396252,0.0003956262,0.0006391374
0.0004940256,0.0004072312,-0.0004771617
-0.0003353422,0.0002496476,0.0006684333
0.0002938544,0.000193455,1.5377e-05
0.0004781583,0.0005953542,-0.0004246731
-0.0005446676,0.0008695984,0.0004413895
0.0005062311,0.0001671911,0.0003602152
0.0004177408,-0.0001559163,-0.0003618088
-0.0003902673,0.0002093355,0.0005176811
0.0003988222,0.0007083501,1.3394e-06
0.0002413705,0.00053794,0.0001441573
-6.98713e-05,-7.40706e-05,0.0005420944
0.0005324731,-0.0002340973,-0.0002922308
-0.0001797213,0.0006588762,-5.60319e-05
-2.9593e-05,0.000752327,0.0009015805
0.0007106743,0.0001812392,2.88044e-05
-0.0001077085,0.0004023449,-0.0003880531
2.28909e-05,0.0005666471,0.0007831759
0.0003835652,0.0003223315,0.0002503552
0.0001223663,2.30449e-05,-4.62666e-05
0.0001052785,4.32009e-05,0.0004883851
0.0001650857,0.0008677661,0.0001588053
0.0002041435,0.0005275566,0.0004383378
-2.16593e-05,-0.0002194383,1.5377e-05
0.0003536616,9.81719e-05,3.3687e-05
0.0001632549,0.0008396698,0.0002399796
-0.0001156422,0.0007773693,0.0005030331
0.0005965523,0.0001830716,-0.0001945775
-2.996e-07,-3.74232e-05,-6.45766e-05
3.26554e-05,0.0003620328,0.0005237844
0.0004348286,0.000407842,0.0001173026
-0.0002071839,0.0003376012,-0.0002269252
0.0003414561,0.0002972892,0.0005182914
0.0003408458,0.000341266,0.0002454726
-0.0001992502,0.0004225009,-9.44829e-05
0.0004458136,0.0002068924,0.0004139245
0.0001223663,0.0003119481,9.16687e-05
-1.49463e-05,0.0006845294,-0.0002336388
0.0005172161,0.0005733658,0.0005329394
-0.0002047427,0.0004115067,0.0003773045
0.0004207922,6.21354e-05,-0.0004027011
0.000187666,-0.0001180474,0.000669654
-0.0003286292,0.0007150688,0.0002674446
0.0006978584,0.000662541,4.77247e-05
-2.47107e-05,-0.0001241553,0.0006867433
-9.24516e-05,-0.000107664,-0.0001256099
0.0008113701,0.000436549,-0.0002672071
-0.0004543464,0.0006546007,0.0008527539
0.0001565418,0.000529389,-5.96939e-05
0.0010853849,-2.03211e-05,-0.0002830758
-0.0008162413,0.0003284394,0.0006122827
0.0002090257,0.0007547701,-0.0001439199
0.0010322908,0.0002478152,0.0003309192
-0.0006441429,4.7212e-06,0.0004163658
0.00059167,0.0004518188,-0.0002983341
0.0004622911,0.0005990189,0.0005530804
-0.0005318518,0.0002618634,0.000649513
0.0008040468,-0.0002096657,-0.0007664595
0.0002291649,0.0004548727,0.0006061794
-0.0005379545,0.0010815422,0.0005732214
0.00054773,0.000283241,-0.0006450033
0.0002218416,-0.0002414267,0.0005848177
-0.0003029975,0.0002930136,0.0001539226
0.0004281155,0.0005122869,-0.0002910101
-0.0001913166,0.0007236199,0.0005842074
0.0001888866,0.0001335977,0.0003876802
0.0005873981,-0.0001223229,-0.000627914
-0.0003988112,0.0003046186,0.0009424729
0.0001296896,0.0007663751,0.0001276783
0.0006819912,-6.06332e-05,-4.07736e-05
-0.000378672,0.0003565357,0.0005402634
0.0005989934,0.0006014621,0.0005445357
0.000290803,0.0003889075,-0.0003984287
-0.0003560917,0.0003632544,0.0007636453
0.0008961988,0.0004652561,-2.97876e-05
6.31693e-05,0.0004817474,-0.0001817605
-0.000429325,0.0006985775,0.0008777776
0.0010444963,-5.819e-05,-2.85669e-05
-6.19377e-05,-0.000136371,-0.0001921362
-0.0002730939,0.0005312213,0.0007422836
0.0011683828,0.0006142886,0.0004157555
-0.000205353,6.82433e-05,0.0001588053
-0.0001907064,4.0147e-05,0.0001276783
0.001021916,0.0002728576,-2.3226e-06
-0.000444582,0.001038787,0.0003864595
-2.59313e-05,0.0006539899,0.0002656136
0.0008760596,4.93088e-05,-0.0002080048
-0.0001406636,8.9967e-06,0.0005158501
-0.0002352566,0.0004603698,-0.0001622299
0.0008608026,0.0003571465,0.000642189
-0.00017667,0.000326607,0.0002442519
6.50001e-05,0.0001958982,-9.26519e-05
0.0005349142,0.000341266,0.0005420944
-0.0002224408,8.04591e-05,0.0002723272
0.0001083299,1.81586e-05,-0.0002073945
0.0005526123,0.0006723136,0.0005451461
2.71629e-05,0.000674146,0.0004529858
0.000121756,0.0002997323,-0.0003721844
0.0004317772,0.0001635264,0.0007349596
0.0001943791,0.000193455,6.90863e-05
4.36404e-05,0.0003711946,-0.0002842965
0.0003200963,0.0010277928,0.0005933624
0.0003774625,0.0003626436,0.0004157555
3.50965e-05,-0.0002328757,-0.0004857064
0.0004195716,0.0004127283,0.0004316241
0.0003524411,0.0004786935,0.0005915314
-8.69591e-05,0.0004866337,-0.0003587571
0.0004214025,0.0003577573,0.0005018124
0.0004000428,0.0002294916,0.0004523755
-0.0002010811,0.0001531429,-4.01633e-05
0.000492805,0.0003143912,0.0004188071
0.0002474733,0.0001983413,0.0005909211
-0.0001351711,0.0002771331,-3.65013e-05
0.0004189614,0.0006515468,0.0002869752
0.0001028374,0.0003388228,0.0005030331
-0.0002389183,0.0004518188,-0.0002952825
0.0008467662,0.0002410966,0.0004053798
-0.0002547855,0.0005257242,0.0002601206
-0.0002743144,0.0004927416,0.0001203543
0.0008888754,0.0001140525,0.0001624673
-0.0002212203,-0.0001992823,0.0006104517
-0.0001632438,0.0007285062,-0.0002269252
0.0011714341,0.0001421487,0.0008124719
-0.0007369052,0.0002178866,-2.933e-06
0.0002200107,0.0006014621,-0.0002946721
0.000956006,0.0005721442,0.0006116724
-0.0006758774,0.0006246721,9.10583e-05
0.0005239292,0.0003076726,-0.0002849068
0.0007448498,-8.14e-05,0.0006086207
-0.0006856418,0.0002698036,0.0001209646
0.0007283723,0.0006619302,-0.0001701642
0.0006600212,0.0001378732,0.0012665597
-0.0006093571,0.0001653587,-0.0002812448
0.0006221839,0.0002618634,-0.0002849068
0.0004354389,0.0003259962,0.0015094722
-0.0005690787,0.0003705838,-0.0005442983
0.0008510382,0.0003119481,-0.0002055635
8.4529e-05,0.0009325097,0.0011920991
-0.0001400533,0.0005086221,2.20907e-05
0.0007149462,-0.0001785155,-0.0001927465
0.0001705782,-0.0001443113,0.0014258566
-0.0002743144,0.0005916895,-0.0007017642
0.0006624623,0.0006643733,0.0005439254
3.57068e-05,0.0005397724,0.0010334125
0.0002285546,-0.0001907313,-0.0006614823
0.0002035332,5.1752e-05,2.94147e-05
-7.23124e-05,0.0007535485,0.0009546795
0.000290803,0.000526335,-0.0004411521
0.0003188758,0.0003742486,0.000108758
4.79123e-05,0.0005904679,0.0008387162
0.0001644754,0.000526335,-0.0007908729
0.0003158244,-3.219e-06,0.0008710639
0.0003493897,-3.8298e-06,0.0006763677
6.74412e-05,0.0004225009,-0.0009263668
0.0001205354,0.0009483902,0.0008344439
0.0003750214,0.0004933524,0.0008197959
0.0001742399,-0.0004155016,-0.0007090882
0.000143726,0.0001904011,0.0004731268
0.0002962955,0.0005220595,0.0011585307
2.53321e-05,0.0007272846,-0.0006700269
0.0004061455,3.52607e-05,0.0010730841
0.0003072805,0.0002679713,8.92273e-05
2.77732e-05,0.0005886355,3.42974e-05
0.0004854817,0.0002850734,0.0009620035
0.0002285546,-0.0003086135,7.27483e-05
-6.13274e-05,0.0006918588,-0.0007609665
0.0003689186,0.0010051936,0.0011621927
0.0001492185,0.0003424875,0.0003705908
0.0001626446,-0.0001815694,-0.0008476338
0.0005489506,-0.0002438699,0.0010181542
-0.0002669911,0.000804244,-7.06799e-05
0.0003548822,0.0007792017,-6.88489e-05
0.0004452033,0.0002349887,0.0006415787
-3.14238e-05,0.0002429289,-0.0001762675
0.0002078052,0.0006717028,-0.0003685224
0.000400653,6.88541e-05,0.0015094722
-0.0001205244,0.0001097769,-0.0007170226
0.0002901927,0.0004408246,-0.0001658919
0.0003548822,0.0007223983,0.0014130396
7.3544e-05,0.000248426,-0.0002897895
0.0001711885,0.0001482566,-0.0001396476
0.0003756316,0.0001684127,0.0012134607
-2.77621e-05,0.0006271152,-0.0003868324
0.0002261135,0.0002899597,0.0003516705
0.0004665631,4.68657e-05,0.0008313923
3.69273e-05,6.88541e-05,-0.0005827493
6.86618e-05,0.0006790323,0.0002900269
0.0009456313,0.000329661,0.0015009276
-0.0004458026,0.000208114,-0.001113739
0.000301788,0.0003009539,0.0004413895
0.0006960276,0.0003650867,0.0009559002
-0.0003402245,0.0004261656,-0.0006401206
0.0002560171,0.0005635932,0.0002235006
0.0008009954,0.0004634238,0.0010712531
-0.0005220873,9.75611e-05,-0.0005534533
0.0004366594,0.0001091661,-1.7123e-06
0.0005690898,0.0001244359,0.0011390001
-0.0006642821,0.0007437759,-0.0008152862
0.000999946,0.0005739766,0.000728246
0.0005031797,4.7212e-06,0.0008826602
-0.0007784041,0.0002759115,-0.0008537372
0.0008803315,0.0004359383,0.0004279621
0.0001772913,0.0003009539,0.0009418625
-0.0002480725,0.0005648147,-0.0006706373
0.0008656849,0.0002154434,0.0004889954
-0.0001626336,0.0002044492,0.0009638345
-0.0002505136,0.0006252828,-0.0013389519
0.0008058776,0.0003198883,0.0010895631
-0.0001620233,0.0004524296,0.000651344
0.0001345718,-4.53635e-05,-0.0009251461
0.0004525267,4.80872e-05,0.000684302
-6.01069e-05,0.0004505972,0.0009821445
0.0002950749,0.0006558223,-0.0011369317
0.0005794645,0.000306451,0.0013666543
0.0001126018,4.74765e-05,0.0004529858
0.0001705782,-2.70398e-05,-0.0009794658
0.0004214025,0.0003327149,0.0010492811
0.0001290793,0.0007248415,0.0007422836
0.0004757172,0.000506179,-0.0008390892
0.0004744967,0.0001696343,0.0010663705
1.37368e-05,3.09851e-05,0.0006080104
0.0002724947,0.0002698036,-0.0009532214
0.0005196572,0.0005183948,0.001225057
-1.31155e-05,0.0011194111,0.0001972563
0.0005172161,0.0004982387,-0.0002641555
0.0001608138,-0.0001119395,0.0003541118
-0.0002785864,-9.3005e-05,7.3969e-05
0.000486092,0.0006546007,-0.0004265041
0.0001608138,0.0005104545,0.0010425675
-0.0004439717,0.0002374318,-0.0004124664
0.0006569698,1.38831e-05,-0.0001390372
-3.9613e-06,-0.0001614134,0.0012097987
-0.000580674,0.0002362103,-0.0004911994
0.0009346463,0.000352871,0.0001972563
-0.0001150319,0.0006680381,0.0010749151
-9.42824e-05,0.0004402138,-5.11493e-05
0.0007790254,0.0001506998,-0.0002897895
-8.4518e-05,0.0003937938,0.0010663705
-5.1818e-06,0.000960606,-0.0005076783
0.001129325,0.0003809672,0.0007618143
-0.0003408347,-4.78066e-05,0.0006049587
0.0001357924,0.0002246053,-0.0006266933
0.0007778048,0.0003766917,0.0006519544
-6.37685e-05,0.0003944046,0.0010285298
0.0004885331,0.0002679713,-0.0009349114
0.0003225374,0.0001519214,0.0005201224
-0.00026455,0.0005128977,0.0006855227
0.0007820768,0.0002942352,-0.0008482442
0.0001882763,-8.56756e-05,0.0008893739
-0.0001900961,0.0008860897,4.89453e-05
0.0008864343,0.0005019035,-0.0002391318
-0.000238308,0.0001250467,0.0009259939
0.0002413705,6.3357e-05,-7.80039e-05
0.0006636828,0.0003229423,-0.0004710584
-0.0005288004,0.000952055,0.0011939301
0.0004061455,0.0006148994,-0.0001298822
0.0006197428,-0.0004313821,-0.0001439199
-0.0008510271,0.0002655281,0.0005842074
0.0006349998,0.0009716002,-6.64076e-05
0.0004085866,0.0002465937,0.0007221426
-0.0004769267,-6.273e-06,0.0004676338
0.0007265415,0.0001690235,-0.0004051424
-6.68199e-05,0.0004493756,0.0007038327
-0.0003664664,0.0003656975,0.0007441146
0.0011696033,-4.29203e-05,-0.0009306391
-0.0003890467,0.0001855148,0.0008918152
-0.0002737042,0.0009514442,0.000158195
0.0013307167,0.0004206685,-0.0004344384
-0.0004958454,-6.9795e-05,0.0008881532
0.0002950749,0.000506179,-0.0002806345
0.001070128,0.0004408246,-2.12429e-05
-0.0008571299,0.0008744848,0.0008246786
0.0009138968,-8.50648e-05,5.81003e-05
0.0007863487,0.0001433703,-0.0005595567
-0.0008687252,0.0006814754,0.0012458084
0.000764989,0.0003626436,-0.0003044375
0.0005794645,-0.0001223229,0.0002204489
-0.0007961021,0.0003681407,0.0003205435
0.0007479012,0.0007052962,-6.45766e-05
0.0004793789,0.0004786935,0.0010236471
-0.0006740465,1.6937e-05,0.0001319506
0.0008717876,-0.0003519796,-0.0002348595
-4.91219e-05,0.0006600978,0.0004664131
-0.0003072694,0.000795693,0.0008649606
0.0008388326,0.000294846,-0.0007780559
-1.31155e-05,6.39678e-05,0.0007831759
-0.0002828583,0.0003925722,5.26073e-05
0.0006343895,0.0004243333,-0.0002794138
-3.93574e-05,0.0003803565,0.0008631296
-2.16593e-05,0.0002820194,-0.0001426992
0.0007619376,0.0003430983,-0.0002012912
-0.000260278,0.0005019035,0.0008130823
0.0002724947,-0.0001418681,0.0002094629
0.0004793789,0.000193455,-0.0008311548
-0.0001980297,0.0003284394,0.0011390001
0.0004799892,0.0007169012,-0.0003160338
0.0004989078,0.0002972892,0.0001026547
-0.0003292395,0.0003889075,0.0004926574
0.0006111989,6.15246e-05,-6.21353e-05
0.0002328266,0.000740722,-5.78629e-05
-0.0001980297,0.0005110653,0.0009784825
0.0005495609,7.00756e-05,-0.0005265987
0.0001003963,9.75611e-05,0.0004169761
-0.000124186,0.0005764197,0.0006012967
0.0006520876,0.0002062816,-4.07736e-05
-0.0003200853,0.0001787961,0.0002900269
0.0002621199,0.0002178866,0.0003901215
0.0003921091,0.000271636,-0.0001359856
-0.0003280189,0.0005306106,0.0005518597
0.0004793789,0.0002575879,0.0002711066
0.0003139936,-3.49801e-05,-0.0001164549
-0.0003286292,0.0005067898,0.0006049587
0.0006783295,0.0006985775,3.42974e-05
-7.3533e-05,0.0002429289,3.0025e-05
-0.0002084044,0.0004377706,0.0002210593
0.0009035221,0.0003925722,0.0001465986
-0.0001949783,0.0001720774,0.0003150505
-0.0002883508,0.0002459829,-9.14312e-05
0.0011439716,0.0002026169,0.0002296039
-0.0003579225,0.000506179,0.0003730322
-3.08135e-05,0.000592911,4.1011e-05
0.0011744855,0.0002032276,0.0002875855
-0.0006844213,6.76325e-05,0.0001752843
0.0001498288,0.0005635932,-0.0002720898
0.0010682972,0.0001989521,0.0008179649
-0.0007027296,0.0003876859,3.1704e-06
0.0004183511,0.0001916227,-0.0002879585
0.0007338648,0.000529389,0.0006617197
-0.0004720445,0.0002386534,0.000752049
0.0004982975,-0.0001601918,-0.0005973973
0.0004122483,3.89254e-05,0.0005329394
-0.0007149352,0.0009233479,0.000141716
0.0007741432,0.000726063,-0.0001591782
0.0003872269,0.0002343779,0.0007349596
-0.0005751815,0.0001079446,-0.0001591782
0.0007363059,0.0001103877,-0.0003508228
0.0001010065,0.0001476458,0.0009150079
-0.0003432759,0.0003516494,-6.57973e-05
0.0009572266,0.0003113373,-0.0003026065
-0.0001461561,0.000373027,0.0011371691
2.53321e-05,8.3513e-05,-5.72526e-05
0.000791231,-0.0004252742,-0.0004533587
-0.0005355134,0.0004939632,0.0008594676
0.000264561,0.0011267406,-0.0001494129
0.0009798069,0.0004243333,0.0002167869
-0.0005233079,0.0001910119,0.0004426101
0.00048182,3.52607e-05,-0.0004216214
0.0005678692,0.000436549,0.000744725
-0.0003133722,0.0005092329,0.0007563213
0.0006685651,0.0003766917,-0.0008512958
0.0001742399,0.0003821888,0.0008179649
-5.46144e-05,0.0003003431,0.0008295613
0.0006075373,-0.000449095,-0.0007548632
-0.0002035222,0.0002130003,0.0003254262
-8.0246e-05,0.000714458,0.0006830813
0.0005007386,0.0004738072,-0.0005442983
9.91757e-05,6.94649e-05,0.0008020963
9.91757e-05,0.0002924028,-0.0001396476
0.0001797324,0.0005837492,-0.0003135925
2.41115e-05,0.0006869725,0.0010065578
0.0004098072,-3.37585e-05,1.5377e-05
-4.17985e-05,9.6075e-06,-0.0004326074
0.000187666,0.0005049574,0.0006830813
0.0003005674,0.0003510386,0.0002088526
0.0001345718,0.0004524296,-7.67833e-05
0.0003908886,9.2064e-05,0.0009052425
-9.61133e-05,0.0002380426,-0.0005101197
-9.85544e-05,0.0002606418,0.0002235006
0.0005971625,0.0003430983,0.0005311084
6.19487e-05,0.0002520908,-0.0002507282
-0.0001229655,0.0010180202,-0.0001762675
0.0006520876,0.0002380426,0.0012641183
-0.0001370019,-0.0001821802,-0.0007835489
-4.17985e-05,0.0001958982,-1.3919e-05
0.0005178264,0.0006692597,0.0010468398
6.43899e-05,0.0004854122,-0.0001219479
-6.19377e-05,1.75478e-05,-0.0001854225
0.0006203531,-0.0002053902,0.0008985289
-0.0002480725,3.7093e-05,-0.0002928411
1.19059e-05,0.0006234505,-3.58909e-05
0.0007131154,0.0002643065,0.0013178277
-0.0001595822,0.0003400444,-0.0006065523
0.0001144326,0.0002343779,0.0002650032
0.0003725802,0.0005996297,0.0006214377
-0.0001339505,0.0005935218,7.29e-07
0.000411638,0.0005788629,-0.0001799295
0.0003121627,0.0002917921,0.0006244894
-0.0004091859,0.0006307799,-0.0004820444
0.0004982975,0.0001904011,0.0005500287
0.0003799036,-0.000139425,0.0006434097
-0.0003029975,-8.14e-05,-0.0004918097
0.0003805139,0.0002325455,0.0004157555
0.0001101607,0.000471364,0.0007056637
9.61243e-05,-6.1244e-05,-2.00223e-05
0.0004543575,-1.9975e-06,-0.0001677229
5.64562e-05,0.0005556529,0.0008338336
-0.0001107599,0.0010693264,-0.0003203061
0.0006313381,0.0003321041,0.0005408737
0.0002041435,0.0002606418,-6.595e-06
-0.0001815522,0.000815849,-0.0004606827
0.0003823447,0.0007620996,0.0008973082
0.0003280299,0.0001971198,0.0004780094
9.61243e-05,-0.0003678601,-0.000618759
4.54712e-05,0.0004127283,0.0005304981
0.0003225374,0.0005971866,0.0010828494
0.0001522699,-0.0001156042,-0.000596787
0.0001003963,-0.0003977887,0.0003296985
0.0003042291,0.0006790323,0.0004487135
0.0001400643,0.000451208,0.0002637826
-0.0001327299,0.0004255548,-0.0001109619
0.0005581048,0.0002588094,0.0001697913
8.57496e-05,0.0006258936,4.95557e-05
0.000110771,0.0006008513,0.0005652871
0.000367698,0.000303397,-0.0001353752
5.34048e-05,0.0001055014,6.72553e-05
-9.48927e-05,0.0007620996,0.0001484296
0.0005996037,0.0004182254,0.0005640664
-6.68199e-05,-0.0003147214,0.0001441573
-9.18413e-05,2.12125e-05,-0.0003679121
0.0004982975,0.0005825276,0.000633034
5.27946e-05,0.0002765223,0.0010169335
6.74412e-05,0.0001409272,-0.0007774455
0.0004195716,-6.8838e-06,0.0004664131
-0.0004000317,0.0005067898,0.000715429
0.0008070982,0.0002429289,-0.0001237789
0.0001650857,0.0003345473,0.000128899
-0.0003689075,0.00084761,0.0006617197
0.000754004,0.0006344447,-0.0004472554
0.0001235868,-4.53635e-05,0.0006318134
-0.0004195606,0.0003046186,-5.35906e-05
0.0008620232,0.0005690903,-0.0002031222
-6.19377e-05,0.0006405526,0.0010633188
6.19487e-05,-6.06332e-05,0.0002473036
0.0007106743,-7.04058e-05,-0.0006053316
-0.0004561773,0.0003889075,0.0010303608
0.0001528802,0.0004493756,0.0003773045
0.000857141,-0.0001137718,-0.0003831704
-0.0004262737,0.0003913507,0.0005658974
0.0001119915,0.0009025811,-2.49049e-05
0.0005922803,0.0005452695,4.95557e-05
-0.0001888755,7.80159e-05,0.0007697486
0.0003469486,-5.819e-05,-0.0003477711
0.0003817344,0.0005122869,0.0001075373
-0.0003396142,0.0005874139,0.0010364641
0.0007424087,-4.65851e-05,-0.0002122772
0.0002560171,0.0004499864,-0.0004228421
-0.0003103208,0.0008421129,0.0009223319
0.0005782439,5.66383e-05,1.11047e-05
0.0002084155,-0.0001107179,-0.0002903998
-0.0001473766,0.0003705838,0.000651344
0.0004635117,0.0005880247,0.000136223
0.0002334369,0.0004884661,0.0002912475
0.0002651713,-0.000124766,0.0007416733
0.0003451177,-0.0002902899,-3.10083e-05
-8.75694e-05,0.0007730938,-8.47176e-05
0.0004427622,0.0007309493,0.0010566051
0.0002444219,0.0002508692,-0.0002165495
0.0001101607,0.000717512,-0.0003630294
0.0004586294,0.0003766917,0.0008973082
7.04926e-05,9.93935e-05,-2.49049e-05
9.06318e-05,0.000341266,-0.0003007755
0.0006008242,0.000416393,0.0009931305
3.107e-07,0.0003156128,0.0002827029
0.0003353533,0.0001348193,-0.0001750469
0.0003756316,-0.0002163844,0.0009900788
-0.0003420553,0.0003217207,-0.0002885688
0.000602655,0.000627726,7.7631e-05
0.0004201819,0.0003882967,0.000730077
-0.0005288004,0.0003785241,-0.0003898841
0.0008058776,0.0004957956,-0.0001646712
0.0003164347,0.0001238251,0.001272663
-0.0003908775,0.0004560943,-0.0007158019
0.0007186079,0.0007046854,7.27483e-05
9.73449e-05,0.0003595896,0.0014203636
-0.0001144216,-0.0001107179,-0.0004948614
0.0008272374,-1.54348e-05,-0.0003459401
-0.00035243,0.0008720416,0.001263508
2.04498e-05,0.0008647121,-0.0002012912
0.0010103208,-0.0002707446,0.000119744
-0.0003341217,-0.0002188276,0.0007618143
-0.0001455458,0.0005770305,-0.0006688063
0.0008559204,0.0007162904,0.0006360857
2.59423e-05,0.0001904011,0.0010956664
0.0002694433,-9.9377e-06,-0.0008842538
0.000339015,0.0005299998,0.0002814822
-0.0001589719,0.0004933524,0.001312945
0.0003835652,-2.82614e-05,-0.001088105
0.0005635973,0.0002960676,0.0004450515
-0.0002267128,0.0009893131,0.0009827548
0.0002792077,0.0003748594,-0.0005119507
0.000541017,-0.0002737986,0.0002820926
-0.0001461561,5.48059e-05,0.0006299824
0.0001071093,0.0010326791,-0.0005046267
0.0005983831,0.0007278954,0.0009772618
-9.06208e-05,-0.0003269372,0.0002942992
7.3544e-05,7.43512e-05,-0.001148528
0.000422623,0.000769429,0.0011566997
-0.0002505136,0.000674146,0.0005427047
0.0005141647,-9.23942e-05,-0.0007945349
0.0004030941,-0.000171186,0.00068064
-0.0003060489,0.0004652561,0.0006775883
0.000514775,0.0004762503,-0.0004130767
0.0005166059,0.0002936244,0.0010212058
-0.0002035222,0.0002844626,0.0001350023
0.0002694433,0.000659487,-0.0006602616
0.0004470342,0.0001091661,0.0015796605
-0.0001955886,5.84707e-05,-0.0004948614
0.0004714453,0.0005348861,-0.000483265
0.0001943791,0.0009978641,0.001371537
0.0002407602,0.0004102851,0.0001716223
8.39187e-05,-0.0003892377,-0.0008305445
0.0003451177,-0.0002371512,0.0014173119
3.26554e-05,0.0003485954,-7.98349e-05
0.0002999572,0.0006796431,-0.0003874427
0.0004513061,0.0004255548,0.001314776
6.74412e-05,0.0001427595,-0.0004387107
0.0002273341,1.08291e-05,-0.0002842965
0.0002627302,0.0004451001,0.0007856173
8.4529e-05,0.000862269,-1.69706e-05
0.0004262847,0.0008384482,-0.0002812448
0.0001864455,0.0002007845,0.0010639291
0.0001162635,0.0001592508,-0.0002159392
0.0004427622,0.0001048906,-9.6466e-06
9.85654e-05,0.0002691929,0.0011402208
0.0001278588,0.0003577573,-0.0002006809
0.0006423231,0.0003443199,6.42037e-05
-0.0003298497,0.0005318321,0.0006464614
8.39187e-05,0.0002478152,-0.0002159392
0.0008077085,-0.0001424789,0.0001465986
-0.0002920125,0.0002930136,0.0005390427
-3.99677e-05,0.0008317295,-0.0002165495
0.0006801604,0.0002966784,0.00062571
2.65526e-05,-0.0002970085,0.0005146294
0.000187666,0.0002496476,-0.0002916205
0.0007106743,0.000674146,0.0009443039
-0.0002346464,0.0007846988,0.0002894165
0.0003103319,0.0002875165,-0.0004753307
0.000655139,0.00015864,0.0008228476
-5.88863e-05,0.0001623048,0.0001942046
5.27946e-05,0.0004493756,-0.000622421
0.0007076229,0.0001378732,0.0013611613
8.81907e-05,0.0002801871,-0.0001451405
3.69273e-05,0.0004670885,-0.0002543902
0.0003683083,0.0007920282,0.0009003599
0.0004183511,-0.0002402052,0.0004847231
-0.0001748391,9.08425e-05,-0.0009434561
0.0005812953,0.0005416048,0.0011957611
-0.000102216,0.0007456083,0.0002180076
8.20879e-05,0.0004451001,-0.0004051424
0.0006691754,-9.48374e-05,0.0008204063
-0.0001772802,0.0002911813,0.000150871
-7.623e-06,0.0006778107,-0.0002922308
0.0006160812,0.0003559249,0.0009705482
-0.0001870447,8.16806e-05,0.0001484296
0.0003921091,0.0002734684,-0.0005320917
0.0002871413,0.0003638652,0.0010785771
-0.0001077085,0.0004738072,0.0001881013
0.0006929762,-0.0002163844,-3.65013e-05
0.0001901071,7.25188e-05,0.0007477766
-0.0001370019,0.0004701424,7.0307e-05
0.0005953317,0.0006130671,-0.0001652815
0.0001968202,0.0005373292,0.0009559002
0.0002596788,0.0003516494,-0.0002373008
0.0005404067,0.0001555861,-2.30739e-05
-0.0003170339,0.0004005125,0.0008197959
0.0004940256,0.0004102851,-0.0002214322
0.0004592397,3.22067e-05,2.087e-05
-2.83724e-05,0.0004915201,0.0008588572
0.0004439828,0.0004060096,-0.0001262202
0.0002639508,-0.0001156042,0.0001801669
-0.0001479869,8.90101e-05,0.0004285725
0.0007204387,0.0005306106,6.222e-06
-3.14238e-05,0.0005556529,0.0003754735
4.42507e-05,0.0004615914,0.0002308246
0.0004079764,0.0002142218,-0.0002360802
0.0001730193,-7.46813e-05,0.0006556163
-5.7921e-06,0.0003504278,0.0001478193
0.0003884475,0.0006008513,0.0001044856
-0.0001571411,0.0003461523,0.0004859438
0.0004329978,-0.0001504192,0.0002466932
0.0004201819,7.43512e-05,-7.98349e-05
-0.0001669055,0.000572755,0.0005152398
0.0002743255,0.0006814754,0.0002241109
0.0005672589,0.0001122201,0.0001404953
-0.0001626336,0.0002673605,0.0001972563
0.0003701391,0.0004206685,2.20907e-05
0.0003579336,0.0001506998,0.0006653817
4.24198e-05,0.0002502584,0.0002180076
0.0007033509,0.0001171064,8.4955e-05
8.69701e-05,0.000705907,0.0004816714
6.19487e-05,0.0006539899,0.0005036434
0.0008492074,-0.0001797371,-0.0002092255
-0.0001650747,0.0002508692,5.749e-05
0.0002010921,0.0011566693,0.0004053798
0.0004830406,0.0006997991,7.4427e-06
-0.0001583616,-0.0001223229,0.000121575
0.0004769378,-0.0001882881,6.4814e-05
0.000246863,0.0003913507,0.0003467879
-0.0003359525,0.0004603698,0.0003864595
0.0005892289,0.0001207711,0.0002552379
0.0003219272,8.41238e-05,0.0002662239
-0.0004458026,0.0002661389,0.0004212485
0.0005532225,0.0002569771,0.0001221853
0.0002090257,0.000236821,0.0003040645
-0.0002077941,0.0005745874,0.0001465986
0.0004452033,0.0006338339,-4.764e-06
0.0001760707,0.0004719748,0.0005366014
-0.0001882652,-8.75079e-05,-7.92246e-05
0.0004787686,-0.0002347081,-1.69706e-05
0.0001266382,0.0004689209,0.0005384324
0.000106499,0.0007040746,0.000154533
0.0003384047,0.0004108959,-2.30739e-05
0.0002230621,-3.07045e-05,0.0005353807
0.0002236724,-0.0002970085,-7.80039e-05
0.0001449465,0.0002533123,-0.0002916205
9.85654e-05,0.0010571107,0.0007776829
0.0004195716,0.0006411634,0.0001185233
0.0004348286,-0.0001033884,-5.60319e-05
6.01179e-05,-5.57469e-05,0.0005256154
7.23235e-05,0.0004145606,0.000123406
0.0004622911,0.0002136111,0.0004090418
0.0001479979,0.0002936244,0.0003272572
0.0001473877,0.0006258936,-0.0001115722
0.0003396252,0.0005861923,0.0003773045
1.19059e-05,6.64109e-05,0.0005579631
0.0002853105,-4.9639e-05,-0.0004692274
0.0002126874,0.000647882,7.15277e-05
-0.0002358669,0.0010699372,0.0008783879
0.0004867022,0.0001610832,0.000163688
0.0003994325,-0.0008546589,-0.0001158446
-0.0004287148,9.75611e-05,0.0001026547
0.0004476444,0.0012440121,0.0006598887
0.0002883619,0.0006796431,0.0002997922
-0.0001095394,-0.0005602586,2.4532e-05
0.0003725802,7.86267e-05,-0.0003593674
9.00215e-05,0.0005507666,0.0009113459
-0.0001669055,0.000526335,1.41564e-05
0.0009047427,0.0001018367,7.58e-05
0.0001150429,0.0005806952,0.0002338762
-0.0002474622,0.0005336645,0.0004835024
0.000775974,-4.35311e-05,6.8324e-06
0.0003689186,-0.0001736292,0.0003718115
-0.0002187791,0.0007633212,2.94147e-05
0.0006313381,0.0012336287,0.0003577738
0.0001528802,0.0001012259,0.0006074
-0.0001638541,-0.0002658583,-0.0007096986
0.0005922803,4.68657e-05,0.000105096
-0.0001675158,0.0007480514,0.0007929413
-1.12846e-05,0.0005868031,-7.25109e-05
0.0004989078,-4.47527e-05,-0.0002183805
-0.0001730083,9.63396e-05,0.0007123773
0.0002773769,0.0002520908,-7.73936e-05
0.0003512205,4.38117e-05,0.0001960356
-0.000323747,0.0005678687,0.0002802616
0.0005153853,0.0005770305,-0.0001036379
0.0002200107,0.0003339365,0.0005634561
-0.0002639397,0.0002288808,0.0001301196
0.0004665631,0.0002447613,-0.0004820444
-6.07171e-05,0.0006167318,0.0007728003
7.90365e-05,0.0006698704,0.0002601206
0.000677109,0.0001647479,-0.0001909155
-0.0003078797,0.0001842932,0.0005127984
0.0001931585,0.0003675299,0.0001984769
0.0007228798,-0.0001223229,0.0001478193
-0.0002633294,8.10698e-05,0.0005268361
0.000191938,0.0005965758,-0.0001359856
0.00043788,0.0002001737,0.0002485242
-2.83724e-05,-0.0001125503,0.0005390427
0.0004824303,0.0004701424,-0.0003819498
0.0003030086,0.0008903653,0.0005683387
-0.000323747,0.0008262324,0.0003461775
0.0010719588,0.0001207711,-0.0001762675
-4.30191e-05,-6.49087e-05,0.0002534069
-0.0003908775,0.0005464911,0.0003870698
0.0008437149,0.0005642039,-0.0001750469
-0.000106488,0.0002410966,0.0005152398
-6.55994e-05,-3.31477e-05,0.0004200278
0.0007619376,-3.31477e-05,-0.0004564104
-0.0006844213,0.0004133391,0.0004029385
0.0002737152,0.0004988495,0.0003358019
0.0009865199,-3.31477e-05,-0.0001268306
-0.0008687252,0.0003131697,0.0003022335
0.0003133833,0.000462813,0.0001771153
0.0007936721,-4.4406e-06,0.0002607309
-0.0005715198,0.0002392642,0.0001539226
0.0004452033,0.0005910787,-3.83323e-05
0.0004787686,0.0006619302,0.0005036434
-0.0003859953,0.0001922334,0.0004688545
0.0007839076,-0.0003165538,-0.0003831704
0.0001937688,0.0001311545,0.0006226584
-0.0003249675,0.0012757731,0.0002180076
0.0007515629,0.0006350555,0.0002314349
0.0003664775,-9.97237e-05,0.0004603098
7.11029e-05,-0.0002835712,-0.0002452352
0.000198651,0.000549545,-0.0002397422
0.0001687474,0.0011548369,0.0010248678
0.0003683083,8.3513e-05,3.1704e-06
0.0002950749,-0.0001382034,-0.000527209
5.21843e-05,0.0002991215,0.0008258993
3.50965e-05,0.0004145606,0.0002918579
0.0004085866,0.0001311545,3.30767e-05
0.0002389294,0.0002917921,0.0002430312
-0.0001687363,0.000604516,0.0002100733
0.000356713,0.0005623716,0.0002955199
0.0002352677,-0.0001009453,0.0003229849
-0.0001028263,4.74765e-05,-0.0003270198
0.0003860064,0.0011432319,-4.56563e-05
8.33085e-05,0.0008659337,0.0011109248
-0.0001913166,-8.01784e-05,-0.0004081941
0.0007674301,-0.0006304993,-0.0001231686
-0.0004836398,0.0004121175,0.0004047695
2.41115e-05,0.0010442841,0.0003950042
0.0007198284,0.0001378732,0.0002314349
-0.0002108455,-0.000683638,0.0002192283
-3.351e-06,0.00015864,-0.0004783824
0.0003573233,0.0009025811,0.0006208274
-4.11882e-05,0.0006503252,0.0007697486
0.0004830406,4.32009e-05,-0.0008482442
0.0002834797,0.0001910119,0.0004700751
-0.0001522588,0.0005868031,0.0005115778
0.0006093681,8.71777e-05,-0.0001726055
0.0002883619,0.0002380426,0.0002473036
-8.8435e-06,0.0008060764,0.0002613412
0.0004104175,0.0008195137,-4.916e-07
0.0001754604,-0.0001375926,0.0006940673
0.0001431157,-0.000680584,-6.94593e-05
0.0001144326,0.0002612526,-0.0003282404
0.000198651,0.0012317963,0.0010334125
0.0003085011,0.0007474406,0.0004505445
0.000367698,-0.0005535399,-0.0001378166
5.70665e-05,-0.0001858449,-0.0001054689
-9.06208e-05,0.0006985775,0.0005646767
0.0002047538,0.0010339007,0.0002973509
0.0004037044,8.22914e-05,5.9321e-05
-9.79441e-05,0.00020506,-0.0003953771
0.000139454,0.0005501558,0.0006629403
0.0002126874,0.0003388228,0.0002863649
-7.59741e-05,-0.0001840126,-0.0002580522
0.0001309102,0.0004554835,-7.55626e-05
0.0003847858,0.0006448281,0.0010889528
-0.0002358669,0.000193455,-0.0003959874
0.0003420663,-0.0004344361,0.0001350023
0.0003420663,0.0002985107,0.0004639718
-1.92182e-05,0.0009209047,7.29e-07
0.0002773769,0.0005984081,0.0003431259
0.0004421519,-4.59743e-05,0.0005420944
9.5514e-05,0.0001342085,-0.0008622818
0.000220621,0.0006576547,0.0007197013
0.0003396252,0.0008488316,0.0008393266
0.0003420663,4.44225e-05,-0.0002989445
-8.08563e-05,-0.0003611414,-1.51396e-05
0.0001260279,0.0003290502,0.0004792301
0.0004366594,0.0006600978,0.0002741582
0.000187666,0.000126879,0.0003760838
0.0001803427,-1.84888e-05,0.0001081476
0.0004329978,0.0005690903,-0.0001079102
-0.000124186,0.0004267764,0.0008954772
0.0001840043,0.0004243333,-0.0002580522
0.000655139,0.0003204991,-2.24636e-05
-0.000378672,0.0007889743,0.0002778202
0.0002370985,0.0006258936,0.0005451461
0.0005324731,-9.72805e-05,-0.0002281458
-0.0004018625,-0.0002554749,0.0001881013
0.0001595932,0.0004854122,0.0001765049
0.0005709206,0.0007321709,0.0004603098
-0.000429325,7.1908e-05,0.0001990873
0.0003475588,3.64822e-05,-0.0001634505
0.0004659528,0.0003974585,0.0004151451
-0.0003042181,0.0004799151,0.0003779148
0.000257848,0.0003602004,-0.0002415732
0.000422623,0.000427998,-1.2088e-05
-0.000113201,0.0003211099,0.0007239736
0.0004024839,0.000318056,-0.0001933569
0.0003182655,0.0002313239,0.0003022335
-6.80405e-05,0.0002985107,0.0003974455
0.0004555781,0.0003040078,-5.96939e-05
0.000356713,0.0001958982,0.0005970244
-4.7291e-05,0.0001678019,0.0003010129
0.0003292505,0.0002270484,-0.0003911047
0.0003066702,0.0007346141,0.0006067897
5.5846e-05,0.0006753675,0.0003327502
0.0003646466,8.3513e-05,-0.0001195066
0.0001663063,6.76325e-05,0.0002619516
-1.12846e-05,0.0002423181,0.0001301196
0.000286531,0.000595965,-9.14312e-05
0.0003158244,0.0007089609,0.0007514386
-4.42396e-05,0.0003882967,-0.0002263148
7.7816e-05,-5.94116e-05,-0.0001719952
0.000213908,3.52607e-05,0.0007856173
8.26982e-05,0.0004347167,-3.77219e-05
0.0001040579,0.0004066204,0.0002430312
0.0004189614,0.0004029556,0.0006360857
0.000106499,0.0001769637,5.81003e-05
2.41115e-05,5.96922e-05,6.2983e-05
0.0003945503,7.55727e-05,0.000673316
0.0001193149,0.0003650867,-0.0001011966
0.0001339615,0.000914186,0.00011242
0.0004812097,0.0003693623,0.000629372
-0.0001040469,0.0003076726,-0.0003996494
0.0004079764,0.0003834104,0.0002045803
0.0001412849,0.0003864643,0.0005286671
0.0001803427,0.000396237,5.26073e-05
0.0002773769,0.0002301024,-1.0257e-05
0.0002377088,-3.55909e-05,0.0007074947
0.0001717988,8.90101e-05,-4.74873e-05
0.0003976016,0.0002459829,0.0002772099
2.7518e-06,0.0001311545,0.0006482924
0.0003146038,0.000306451,-0.0002806345
0.0002816488,0.0004383814,0.0004908264
6.80515e-05,0.0006087915,0.0004401688
0.0003756316,0.0005416048,-0.0003520434
0.0002224519,0.000526335,0.0004029385
9.06318e-05,0.0007321709,0.0004261311
0.000279818,0.0003308825,-0.0002788035
-4.79013e-05,0.0001757421,0.0002784306
0.0001541007,0.0003510386,0.0003101679
0.0001602035,0.0003718054,-0.0001414785
-0.0001156422,9.38964e-05,0.0007251943
0.0002444219,3.03744e-05,-1.2088e-05
0.0003060599,-0.0002713554,0.0001996976
-0.0001742288,0.0001219927,0.0005866487
0.0004751069,0.0004127283,0.0002241109
0.0004275053,0.0003015647,0.0002888062
-0.0001199141,0.0004102851,0.0006263204
0.0007454601,0.0006155102,-0.0002055635
0.0001046682,0.000650936,0.0002619516
-0.0001400533,0.0009612168,0.0004102625
0.0010097105,0.0006564331,-0.0001317132
-0.0001296786,6.45785e-05,0.0002265522
-0.0001119805,0.0003027863,0.0002759892
0.0009810274,8.3513e-05,7.45793e-05
-0.0003316806,0.0001867363,0.0003022335
-3.87471e-05,0.000208114,0.0003095575
0.0008882652,3.46499e-05,0.0001929839
-0.0004323764,-0.0004295498,0.0006336444
-3.14238e-05,1.63262e-05,-0.0004307764
0.0009590574,0.0003565357,0.0003748632
-0.0005080509,0.0007468299,0.0006818607
0.0003634261,0.000729117,-0.000483265
0.0006490362,0.000503125,-2.67359e-05
-0.0006825904,0.0008305079,0.0005359911
0.0005538328,0.0003583681,-7.86143e-05
0.0004964667,0.0001989521,5.5659e-05
-0.0005660273,0.0002765223,0.0005018124
0.0004622911,0.0003785241,-0.0001671125
0.0006227942,2.36557e-05,0.0008497022
-0.00041834,-0.0001834018,0.0001319506
0.0006478156,-8.81187e-05,-6.21353e-05
0.0001089401,0.0006423849,0.0005793247
-0.0001846036,0.0003259962,0.0004181968
0.0007448498,7.55727e-05,-0.0004228421
0.0004018736,0.0003773025,0.0008680122
-9.97749e-05,0.0006979667,0.0001295093
0.0007173873,0.0003608112,-0.0001011966
0.0001821735,0.0004872445,0.000764866
0.0002346574,0.0005507666,2.51424e-05
0.0004183511,0.0005623716,-0.0003251888
9.67346e-05,0.0006008513,0.0010004545
0.0003194861,0.0001555861,-0.0001280512
0.000573972,-0.0001815694,9.71617e-05
-0.000297505,0.0003369904,0.0007477766
0.000486092,0.0004658669,1.9039e-05
0.0003872269,-0.000136371,0.0003217642
-0.0001089291,7.98483e-05,0.0005512494
0.0007399676,-5.88008e-05,0.0002198386
-0.0002901817,0.0004927416,-9.38726e-05
-7.10919e-05,0.0007688183,0.0007087153
0.0010737897,0.0003577573,-7.61729e-05
-0.0003133722,0.0001745206,0.0001881013
-0.0001351711,0.000807298,7.27483e-05
0.0010304599,0.000369973,0.0004743474
-0.0005397854,0.0002801871,-3.34496e-05
0.0004537472,0.0003864643,-9.57036e-05
0.0007411882,0.0001360409,0.0008350543
-0.0006368196,0.0003919614,0.0001020443
0.0008632438,-0.0003489256,-4.916e-07
0.0003512205,-0.0001443113,0.0003931732
-0.000499507,0.0009740434,0.0002058009
0.0008961988,0.0008317295,-0.0002293665
8.39187e-05,1.44938e-05,0.0008234579
-6.01069e-05,4.07578e-05,-0.0005278193
0.0008974193,0.0006026837,-0.0001909155
-0.0004250531,0.0008439453,0.0014209739
0.0004464239,0.000352871,-0.0002122772
0.000960278,-0.0004338253,-0.0002427938
-0.0007088324,0.0002753007,0.0010096095
0.0004952461,0.0006997991,0.0001716223
0.0008882652,9.5118e-05,-1.102e-06
-0.0006874726,-3.00938e-05,0.0006629403
0.0005349142,0.0006320015,-0.000450307
0.0005782439,0.0006576547,0.0005012021
-0.000738736,0.0002111679,0.0007032223
0.0008052673,0.0002722468,-0.0009428458
0.0005953317,0.0005251134,0.0008527539
-0.0010524189,0.0008146274,0.0005481977
0.0011281044,3.58715e-05,-0.000479603
0.0004238436,-0.0004332145,0.0007752416
-0.0009138858,0.0001604724,0.0004603098
0.0010737897,0.0006173426,-0.0005186643
0.0001724091,0.0004487648,0.0012348224
-0.000389657,-6.8838e-06,0.0002228903
0.0011519052,1.51046e-05,-0.0009751934
-0.0001687363,0.0007645427,0.0012622874
-0.0002883508,0.0010100799,-5.48113e-05
0.0013258345,0.0002209405,-0.000538195
-0.0003737898,0.0002783547,0.0010132715
6.50001e-05,0.0002362103,-0.0001256099
0.0010274085,0.0002154434,-3.34496e-05
-0.0005910487,0.0004218901,0.0008490919
0.0004696144,0.0001409272,-0.0001262202
0.0007393573,0.0002612526,0.0001630776
-0.0004079653,0.0002899597,0.0011664651
0.0003323019,-0.0002817388,-0.0007713422
0.0006496465,1.0565e-06,0.0005091364
-0.0001449355,0.0008237893,0.000739232
0.0004140791,0.0007578241,-0.0003618088
0.0002749358,0.0001580293,0.0004371171
-0.0001046572,8.9967e-06,0.0003663185
0.0004842611,0.0001922334,-0.0004234524
-8.8435e-06,0.0009996965,0.0004407791
2.83835e-05,0.0008237893,0.0005744421
0.0004439828,0.0001958982,-0.0007725629
0.000176681,-0.0002866251,0.0009430832
-8.2332e-06,0.0001348193,0.0002381486
0.0003298608,0.00027469,-0.0001201169
3.75376e-05,0.0003626436,0.0008564159
0.0004824303,0.0001708558,0.0003699805
0.0004281155,0.0001641372,-0.0003734051
-0.0002389183,0.0002960676,0.0007221426
0.00045985,0.0003870751,7.64103e-05
0.0004787686,0.0006796431,-0.0004228421
-3.50855e-05,0.000436549,0.0008368852
0.0002218416,0.0006374986,-0.0003050478
0.000404925,0.0002062816,0.0001722326
-0.0001949783,0.0001329869,0.0004181968
0.000602655,0.0002301024,9.34997e-05
6.6831e-05,0.0005238919,0.000119744
-7.10919e-05,0.0002563663,0.00077219
0.0005233189,-0.0002023362,-0.0002592728
-4.54602e-05,0.000286295,3.30767e-05
5.34048e-05,0.000216665,0.0009974028
0.0004067558,0.000369973,-0.0004240627
0.0001016168,0.0001995629,0.0003650978
5.76768e-05,0.0001842932,0.0003150505
0.000562987,0.0002789655,3.49077e-05
-0.0001547,0.0009398392,-0.0001927465
0.0002853105,0.0005593176,0.0008307819
0.0004122483,5.90814e-05,-0.0001372062
-9.099e-07,-4.4406e-06,6.8324e-06
0.0001229765,0.0002643065,0.0002814822
0.0001785118,0.0007755369,9.2737e-06
0.000334743,0.0005629824,0.000598245
0.0004671733,-3.8298e-06,0.0002833132
-8.8435e-06,3.15959e-05,-0.0001359856
3.44862e-05,0.0004786935,0.0002204489
0.0005141647,0.000338212,0.0007532696
0.0003432869,-2.15427e-05,-0.0001304926
-2.04388e-05,0.0003760809,-9.69242e-05
0.0002065846,0.0006399418,0.0006800297
9.30729e-05,0.00018185,0.0001240163
0.0005062311,-0.0001418681,-0.0001964085
8.81907e-05,0.0005770305,0.0002918579
-2.10491e-05,0.0008805926,0.0005085261
0.0003713597,0.0002490368,-3.28393e-05
0.0003023983,-0.000359309,0.0003351915
6.19487e-05,0.0002649173,0.000117913
0.0002474733,0.001047338,0.0002503552
0.0002981263,0.0004622022,0.0007898896
0.0001724091,-0.0002487562,-0.0001188962
0.0004079764,4.50333e-05,-0.0001787089
-0.0001272374,0.0009783189,0.0005097468
8.20879e-05,0.0006265044,0.0004529858
0.0005605459,-0.000206001,-0.0002122772
6.19487e-05,-0.0004112261,0.0003663185
-0.0003390039,0.0006112347,-0.0001927465
0.0004793789,0.0007749262,0.0004413895
0.0003927194,6.21354e-05,0.000622048
-2.41005e-05,-8.81187e-05,-0.0004313867
0.0003860064,0.000897084,6.54243e-05
0.0002261135,0.0005874139,0.0012146814
2.16704e-05,0.0001378732,-0.0005650497
0.0007527834,0.0001403164,8.55653e-05
2.28909e-05,0.0006997991,0.0008851016
-9.79441e-05,0.0006570439,-0.0001579575
0.0005947214,9.26748e-05,-0.0001457509
0.0001382335,-0.0004472626,0.0008686226
-0.0001492074,0.0005183948,-0.0007573045
0.0007173873,0.0008763171,0.0004786198
-0.0003811131,0.0001109985,0.0010608775
0.0004110278,-0.0002078334,-0.0009715314
0.0006545287,-5.0514e-06,0.0002418106
-0.0005159845,0.0008695984,0.001384354
0.0005654281,0.0005312213,-0.0005723736
0.0007369162,-0.0001980607,0.0002235006
-0.0004921837,0.0002331563,0.0011420517
0.0005989934,0.0009654923,-0.0008158965
0.0003030086,0.000549545,0.0008674019
-0.0004012523,0.0001329869,0.0004358965
0.0008687363,2.79312e-05,-0.001067964
-3.99677e-05,0.0004854122,0.0008063686
-0.0005562629,0.0007865311,0.0003589945
0.0009816377,0.0001256574,-0.0008195585
-1.4336e-05,-0.0002286002,0.0008765569
-0.0002846892,0.0002441505,0.0002991819
0.0005574945,0.0006326123,-0.0007988072
-0.0001351711,-4.59743e-05,0.0016376421
0.0002761563,-0.0002279894,-0.0002287562
0.0007619376,3.4996e-06,-0.0004014804
-0.0004860809,0.0009599952,0.0012824283
0.0002663919,0.000396237,0.0002363176
0.0008357812,5.84707e-05,-0.0009434561
-0.0001003852,0.0004145606,0.001298297
-7.623e-06,0.0010790991,-0.0001500232
0.0005025695,0.0007388896,-0.0003203061
-9.00105e-05,-0.0003556443,0.0011829441
0.0003731905,-0.0001327063,-0.0006871163
0.0002450321,0.0006851402,-7.92246e-05
-0.000470824,0.0006546007,0.0014752936
0.0007137256,-0.0005089523,-0.0003758464
0.0002743255,-0.0004845208,-0.0007353326
-0.0006130187,0.0005232811,0.0016962341
0.000497077,0.0007944714,-0.0005717633
0.0003664775,-0.0002053902,5.44383e-05
-0.0002828583,-4.29203e-05,0.0005823764
0.0006649034,0.0006668165,-0.0004985234
-0.0001919269,0.0011627772,0.0002778202
4.5826e-06,0.0004170038,0.0008478712
0.0011238325,-0.0003629738,-0.0006932196
-0.0005959309,0.0006320015,-0.0001170652
6.07282e-05,0.0009526657,0.001384354
0.0009462416,1.20507e-05,-0.0005101197
-0.0002682117,-0.0002090549,2.56e-06
0.0003194861,0.0004640345,0.0008985289
0.0005044003,0.0003693623,0.0003004025
-0.000459839,-0.0001601918,-4.87079e-05
0.0005385759,-0.0001681321,0.0002595102
0.0004757172,0.0005868031,9.28893e-05
-0.0003957598,0.0009819836,0.0002918579
0.0005471198,0.0001458135,0.0002448622
0.0002419808,-0.0002432591,-8.71589e-05
-0.0001650747,0.000436549,-8.22762e-05
0.0004958564,0.0007272846,0.0005378221
-8.2332e-06,0.000685751,0.0002332659
0.0001791221,0.0002673605,-0.0001835915
0.0005660384,-0.000214552,0.0007709693
-0.000150428,-1.4824e-05,0.0003193229
0.0001717988,0.0004304412,-0.0002391318
0.0002480835,0.0006069592,0.0005384324
6.86618e-05,0.0005593176,0.0004725164
0.0004537472,6.45785e-05,-0.0004033114
-0.0001217449,-4.23095e-05,0.0007056637
-9.36721e-05,0.0003595896,0.000150871
0.0006331689,0.0002331563,5.0166e-05
-0.0001449355,0.0005306106,0.0005518597
0.0002871413,0.0005403832,0.0003803562
0.0004201819,7.74051e-05,-0.0002824655
-0.0002126764,0.0001861256,0.0001728429
0.0005263703,0.0001403164,0.0005610147
0.0001638652,0.0008109627,-0.0004533587
-0.0002596678,0.000862269,0.0004969298
0.0004647322,3.4996e-06,1.04944e-05
0.0003292505,-0.0005779715,-5.54216e-05
-5.8276e-05,0.0002288808,0.0002796512
0.0001650857,0.000662541,0.0004737371
0.0001669166,0.0005617608,-5.60319e-05
0.0002200107,0.0001433703,0.0002491346
0.0003530513,-0.0002878467,0.0006543957
3.9723e-06,0.0002710252,-0.0001494129
0.000334743,0.0005898571,0.0002180076
8.02571e-05,0.0005251134,0.0004773991
0.0004323875,0.0005800845,0.0003791355
0.0003701391,6.27462e-05,1.59874e-05
-0.0003805028,-6.30764e-05,0.0003089472
0.000573972,0.0004750288,0.0001008237
0.0004586294,0.0004377706,0.0005048641
-0.0003597534,0.0006698704,0.0002155663
0.0006612417,0.0006399418,-0.0004197904
0.0001333513,7.67943e-05,0.0004114831
-0.0003322908,-6.85735e-05,-3.40599e-05
0.0006606315,0.0003229423,-0.0003636398
-0.0001302888,0.0006991883,0.0007312976
-0.0002553958,0.0005654255,5.50487e-05
0.000797944,-0.0003574767,-0.0001945775
-0.0002059633,-0.0003397638,0.0005921417
-2.34902e-05,0.0005471019,6.8476e-05
0.0004836508,0.0005776413,0.0001264576
-6.86508e-05,0.0001592508,0.0009552899
0.0001833941,-0.0001149934,-0.0004124664
0.0003005674,4.56441e-05,-2.3226e-06
-0.0001900961,0.0009477794,0.0007746313
0.0004012633,0.0005855816,-0.0001353752
0.0004940256,0.0002844626,7.70207e-05
-0.0001016058,0.0003437091,0.0006141137
0.0002676124,0.0002765223,8.80067e-05
0.0003188758,-9.97237e-05,0.0002399796
-0.0001003852,0.0002252161,0.0003132195
0.0004830406,0.0006258936,0.0001996976
0.0001602035,0.0004304412,0.0005146294
-1.55566e-05,-0.0002017255,0.0002845339
0.0002737152,-0.0004710834,-0.0003117615
0.0001614241,0.000349817,0.0003095575
-8.63488e-05,0.001171939,0.0001612466
0.0005904495,0.0005159516,0.0003351915
8.20879e-05,3.46499e-05,-0.0002318078
0.0002047538,-9.9377e-06,0.0002302142
1.55676e-05,0.000619175,-3.77219e-05
0.0001931585,0.0008702092,0.0004633615
0.0001498288,0.0005587068,1.1715e-05
0.0002230621,0.0002191082,0.0003040645
3.3876e-05,0.0002337671,0.000156364
0.0002670021,-7.52921e-05,0.0005060848
-3.81369e-05,8.10698e-05,0.000143547
0.000235878,0.000407842,9.71617e-05
0.0003866166,0.0003718054,0.000629372
-7.65844e-05,3.09851e-05,0.0001386643
0.0002194005,-0.0002432591,0.0002247213
0.0003817344,-7.4946e-06,0.0001057063
7.17132e-05,0.000740722,0.0003705908
0.0001571521,0.0008396698,0.0002369279
0.0004494753,0.0002643065,9.53307e-05
-1.5202e-06,-7.34598e-05,0.0001594156
0.0002859208,0.000517784,-8.04452e-05
0.0006191326,0.0007071286,0.0005445357
-0.0003170339,0.000604516,-1.45293e-05
0.0006777192,0.0003363796,0.0001221853
0.0003146038,3.40391e-05,5.3828e-05
-0.0004043037,-0.0001064424,0.0005854281
0.0004805994,0.0001433703,-0.0005119507
0.0002456424,5.332e-06,0.0005201224
-0.0005025584,0.0002734684,0.0001801669
0.0007686507,0.0004402138,-0.0002098358
0.0001333513,5.1752e-05,0.0005799351
-0.0004799781,0.0003455415,-0.0001311029
0.0010017769,0.0004756395,0.0002442519
-7.47535e-05,0.0006130671,0.000623879
-0.000231595,0.0002539231,0.0002296039
0.0008577513,0.0002203297,-0.0003904944
-0.0001961989,0.0003198883,0.0011841647
-0.0001199141,0.000369973,-6.76283e-05
0.0008614129,0.0002032276,5.07763e-05
-0.0003554814,0.0002478152,0.00073557
-0.0001388327,0.0003944046,-0.0004075837
0.0009199996,0.0001971198,0.0003071162
-0.0002084044,2.97636e-05,0.0008631296
5.1929e-06,4.99196e-05,-0.000587632
0.0008534793,2.24341e-05,0.0002302142
-0.000407355,0.0001482566,0.0010974974
0.0003298608,0.0003870751,-0.00058397
0.0008662951,0.0003907399,0.0002637826
-0.000576402,0.000752327,0.000667823
0.0004879228,0.0006344447,-0.0004448141
0.0009578368,-0.0001192689,0.000719091
-0.0008589608,0.0003198883,-1.45293e-05
0.0005733617,0.0009135753,-0.0002940618
0.0007375265,0.0004976279,0.001331255
-0.0005422265,-0.0002383728,0.000141716
0.0006649034,-9.72805e-05,-0.0007780559
8.39187e-05,0.0004548727,0.0013599406
-0.0003872159,0.0003913507,0.0004975401
0.0007820768,-0.0001437005,-0.0009819071
1.8619e-05,0.0001354301,0.0011396104
-0.0002773658,0.0005214487,6.1152e-05
0.0006246251,0.0004176146,-0.0006608719
-0.0001009955,0.0004090635,0.0011457137
0.0001833941,0.0002838518,-2.12429e-05
0.0004323875,0.0003052294,-0.0005192747
-0.0002914022,0.0003559249,0.0013813023
0.0006581903,-1.84888e-05,-1.94119e-05
0.0002993469,0.0001610832,-0.0007365532
-0.0001974194,0.0010045828,0.0015418199
0.0009541752,0.0004328843,8.80067e-05
4.66918e-05,-0.0002652475,-0.0008055209
-2.47107e-05,0.0003247747,0.0009815342
0.0007839076,0.0006155102,0.000116082
-6.98713e-05,0.0007101825,-0.0002415732
0.0002847002,0.0003204991,0.0010376848
0.0007887898,-0.0002395944,2.20907e-05
-0.0003408347,8.83993e-05,-0.0002934515
0.0003298608,0.0003278286,0.0010639291
0.0004964667,0.0003156128,3.1704e-06
-0.0001608027,0.0004273872,-0.0002611038
0.0002078052,0.0004347167,0.0004908264
0.0004897536,7.86267e-05,0.0004230795
-0.0001705672,-4.71958e-05,-0.0003007755
0.0001705782,0.0002246053,0.0002894165
0.000297516,0.0007046854,0.0002173973
8.4529e-05,0.0006912481,0.0002424209
0.0001351821,0.0002184974,0.0001917633
0.0002389294,-3.55909e-05,2.88044e-05
8.94113e-05,0.0001671911,0.0001960356
4.54712e-05,0.0004915201,0.0003101679
0.0002590685,0.0002826302,0.0004426101
0.0002639508,-0.0001217121,0.0001691809
0.000264561,7.1908e-05,0.0001301196
0.0001797324,0.0003015647,0.0006159447
0.0003774625,0.0002117787,0.0003217642
0.0002602891,0.0003418767,-0.0002208218
9.91757e-05,0.0007498838,0.0003150505
0.0002718844,0.0004970172,0.0003724218
0.0003969914,0.0003107265,-0.0001817605
-7.96358e-05,0.0002618634,0.0002680549
0.000279818,0.0004029556,0.0003382432
0.00045985,0.0002239945,9.10583e-05
-0.0001235758,0.0002575879,0.0004474928
0.0002450321,-8.7161e-06,0.0002857546
0.0003475588,9.75611e-05,4.89453e-05
-0.0001028263,0.0001977305,0.000704443
0.0003738008,0.0003504278,9.411e-05
0.0003261991,0.0001922334,-7.61729e-05
-0.0002633294,0.0003821888,0.0004029385
0.0008040468,0.0004127283,0.0004926574
0.0001272485,0.0001794069,-7.86143e-05
-0.0002914022,0.0005049574,0.0002271626
0.0007826871,0.000581306,0.0005988554
0.0001315204,0.0004066204,7.58e-05
-0.0001888755,0.0001397056,0.0002424209
0.0006496465,0.000381578,9.28893e-05
1.19059e-05,0.0002942352,0.0004749578
-9.42824e-05,0.0002209405,0.0001319506
0.0009084043,0.0001128309,0.0003138299
-0.00026455,0.0004243333,3.3687e-05
-0.0001516486,0.0003925722,0.0001813876
0.0010792822,0.0001623048,0.0002680549
-0.0002395286,0.0001757421,2.4532e-05
-0.0002584472,0.0005916895,-0.0001274409
0.0008736185,0.0003992909,0.0003632668
-8.4518e-05,8.47346e-05,0.0003077265
1.92293e-05,0.0001989521,-0.0002537798
0.0006789398,0.0004017341,0.0004719061
-1.06743e-05,0.0004243333,0.0008179649
0.0001321307,0.0001531429,-5.72526e-05
0.0007875693,-7.4946e-06,0.0004755681
-0.0004934042,0.0003687515,0.0004444411
0.0003982119,0.0005251134,0.0001929839
0.0007491218,-3.62016e-05,0.0006244894
-0.0003597534,0.000150089,0.0002625619
0.0004073661,0.0006778107,-0.0002910101
0.0005318628,0.00060757,0.000739232
-0.0004372587,0.0003168344,0.0002350969
0.0006545287,0.0001329869,-0.0005851906
0.0003213169,0.00027469,0.000697119
-0.0005513806,0.0004854122,0.0002442519
0.0009816377,-5.6622e-06,-0.0001127929
0.0001992613,-0.0001937852,0.0005073054
-0.0006429224,0.0005642039,-0.0004368797
0.0008589718,0.0006759783,0.0002784306
0.0002956852,0.0001867363,0.0008350543
-0.0002541753,-0.0003263264,-0.0006565996
0.0004867022,0.0004487648,-0.0002592728
0.0001724091,0.0009905347,0.0012732733
5.88974e-05,0.0002881273,-0.0003373954
0.0007723123,-0.0003061704,0.0001246266
-3.08135e-05,0.000248426,0.000733739
-7.23124e-05,0.0004896877,3.12457e-05
0.0007607171,0.0001629156,0.0004243001
0.0001199252,-1.97103e-05,0.0007660866
7.0237e-06,0.0005074006,-0.0006157073
0.0006533081,0.0005599284,0.0008210166
-0.0001290683,0.0001158848,0.0008576366
0.0004079764,-0.0002353189,-0.0007829385
0.0003713597,0.0003314933,0.0003193229
-0.0002669911,0.001360062,0.0010059475
0.0005666486,0.0002215513,-0.0002537798
0.0003408458,-0.000648823,-9.26519e-05
-0.0003927084,0.0001000043,0.0002857546
0.0003292505,0.001105363,-0.0003032168
0.0003713597,0.0004060096,0.0009424729
-0.0001339505,-0.0002432591,-0.0004057527
0.0003927194,2.5488e-05,-0.0004277247
-1.79977e-05,0.0006723136,0.0010932251
0.0001119915,0.0004133391,0.0002643929
0.0006240148,-0.000136371,-0.0002830758
5.34048e-05,0.0002374318,0.0008942566
0.0001229765,0.0007498838,0.0001130303
0.0005074517,0.0003895183,0.0003705908
0.0002724947,1.51046e-05,0.0008368852
0.0003158244,0.0001158848,-0.000552843
9.00215e-05,0.0009099105,0.0003797458
0.0002297752,0.0003840212,0.0014405046
0.0004281155,-0.0003990103,-0.0008824228
-3.75266e-05,-0.0003452609,0.0002058009
7.04926e-05,0.0011310161,0.0008167443
0.000580685,0.0006197857,0.0001441573
-0.0002145072,-7.759e-07,-0.0003526538
0.0004635117,-0.0002011147,0.000709936
0.0001864455,0.0004457109,-0.0004710584
-8.63488e-05,0.0006246721,0.0005878694
0.0004842611,0.0003479846,0.0003437362
0.0003853961,0.0001671911,-0.0003959874
-0.0002395286,0.0003834104,0.0004407791
0.0004867022,0.0001989521,0.000647682
0.0001638652,-9.54482e-05,-0.0001768779
-0.0002322053,0.0001171064,-4.62666e-05
0.0006307278,0.0006527684,0.0005494184
-3.32546e-05,0.0008134059,8.4955e-05
-0.0002047427,0.0002588094,0.0002741582
0.0007295929,-0.0003660277,-1.14776e-05
-0.0002560061,0.0002392642,0.0001569743
5.8032e-06,0.0008909761,0.000649513
0.0005581048,0.0003052294,0.0004133141
-8.75694e-05,-1.72672e-05,0.0001026547
0.0002621199,0.0001323761,0.0002900269
0.0004763275,0.0001335977,0.0005250051
-0.0004811987,0.0003742486,0.0001935943
0.0006044859,0.000196509,-7.55626e-05
0.0003371841,0.0003168344,0.0002692756
-0.0003579225,0.0006955236,0.0002375382
0.0009084043,0.0002691929,0.0004352861
0.0001736296,-0.0001998931,0.0001044856
-0.0002474622,0.0002044492,0.0001594156
0.000982248,0.0006686489,0.0004041592
-2.41005e-05,0.0006381094,0.0006214377
-2.47107e-05,0.000248426,-0.0001842019
0.001107355,-2.88722e-05,0.0003321399
-0.000117473,0.0004328843,0.0007636453
-0.0001638541,0.0004915201,-0.0002470662
0.0007948926,0.00022827,0.0002546276
3.02143e-05,0.0004292196,0.0004096521
-5.33938e-05,0.0003437091,-0.0001475819
0.0005782439,0.0002136111,0.0005762731
-0.0001455458,9.08425e-05,0.0002656136
6.6831e-05,0.0001439811,-0.0003593674
0.0003878372,0.0004658669,0.0005536907
-4.97321e-05,0.0005086221,0.0003779148
2.89937e-05,4.32009e-05,-0.0004332177
0.0002700535,8.10698e-05,0.0003321399
3.3621e-06,0.0004341059,0.0002918579
0.0001492185,0.0004389922,-0.0001103516
0.0002560171,0.0002875165,0.0005152398
0.0001309102,-0.00012782,0.0002662239
0.0002114669,-6.36871e-05,-0.0002226528
0.0002810385,0.0005617608,0.000750218
0.0001058888,0.0006326123,0.0004651925
0.0005544431,0.0001610832,-4.19943e-05
1.61779e-05,0.0004988495,5.87107e-05
0.0002608994,0.0003870751,0.0007923309
0.0004152997,-6.67411e-05,-4.80976e-05
8.4529e-05,0.0001629156,0.000110589
0.0003890577,0.0004719748,0.0007831759
0.0004421519,0.0003443199,0.0003412949
0.0002267238,0.000115274,0.0001942046
0.0003542719,7.06864e-05,0.0003596048
0.0001486082,0.0006802539,1.96494e-05
0.000106499,0.0008121843,0.0002650032
0.0003225374,0.0003638652,0.0003040645
0.0002438116,-0.0001693536,-0.0001610092
-0.0001290683,0.0001012259,-0.0003471608
6.86618e-05,0.0006014621,0.000636696
0.0003524411,0.0003418767,0.0002332659
9.18524e-05,-0.000214552,-2.85669e-05
-0.00017667,0.0003773025,0.000138054
0.0003713597,0.0003143912,0.0007184806
-4.66807e-05,2.12125e-05,-7.12903e-05
0.0001833941,0.0001726882,0.0001630776
0.0001827838,0.0005037358,0.0003913422
2.83835e-05,0.000471364,0.0004004972
0.0001937688,-4.59743e-05,0.0002033596
0.0002303855,0.0001641372,-8.59382e-05
6.62207e-05,0.0007987469,0.0002479139
0.0003664775,0.0009441147,0.0006849123
0.0005098928,-0.0001119395,0.0003950042
8.69701e-05,-0.0003269372,-0.0006511066
1.37368e-05,0.0005153408,0.0004877748
0.0004940256,0.0007297278,0.0007868379
0.0003750214,-2.6429e-05,-0.0001359856
-7.0127e-06,-3.68124e-05,-0.0003349541
0.0002297752,0.0005025143,0.000634865
0.0002608994,0.0003840212,0.0002735479
0.0001852249,-0.0001705752,0.0001118096
0.0001650857,0.0004640345,-0.0001018069
0.0002108566,0.0008402806,0.0004719061
8.57496e-05,0.0002209405,0.0003492292
0.0003414561,-0.0004112261,-8.426e-06
0.0001467774,0.0002349887,-4.62666e-05
-8.94002e-05,0.0010980335,0.0002424209
0.000220621,0.000702853,0.0005536907
0.0005764131,-0.0004161124,0.0002204489
-0.0002413594,-0.0003953456,-0.0002903998
-0.0001577513,0.0009380068,0.0001557536
0.0005825159,0.0005605392,0.0011884371
0.000187666,-0.0003977887,-0.0002055635
-7.53638e-05,-2.15427e-05,-0.0003856117
0.0001803427,0.0007193444,0.000675147
0.0001101607,0.0004585374,0.0005091364
0.0003988222,-0.0002530317,-0.0004435934
0.0002157388,0.000161694,0.0002631722
-0.0001937577,0.000885479,0.0004902161
0.000562987,0.0005642039,-0.0001988499
0.0006429334,-0.0005309407,0.0005384324
-0.0002352566,0.0001390948,-0.0003386161
0.0004555781,0.0011560585,8.61757e-05
0.000400653,0.0005367184,0.0012238364
4.66918e-05,-0.0003794651,-0.0001750469
0.0005062311,-0.0002652475,-0.0007359429
-0.0001034366,0.0008408914,0.0011255728
0.0001119915,0.0008317295,0.0006885743
0.0008315093,-0.0003037272,-0.0004930304
-0.000209625,-0.0003196077,0.0003425155
-0.0004793678,0.0009013595,0.0001569743
0.0010286291,0.0009764865,0.0003699805
-9.61133e-05,-0.0003208293,0.0007343493
-0.0003597534,-3.43693e-05,-0.0010008274
0.0007906207,0.0005037358,0.0003358019
-0.0005349031,0.0004206685,0.0013153863
0.0002743255,-2.03211e-05,-0.0004619034
0.0009444107,-0.0003037272,-0.0003422781
-0.0010621833,0.0009551089,0.0008216269
0.0004433725,0.0008543287,0.0002772099
0.0009914021,-0.0004637539,0.0001313403
-0.0008522477,-0.0004594784,0.0001758946
0.0002706638,0.001085207,-0.0008006382
0.0011134577,0.0011676635,0.0016217735
-0.0007460593,-6.91842e-05,0.0001795566
0.0008370018,-0.0007709808,-0.001122894
0.0005324731,0.0001781853,0.0009235525
-0.0007161557,0.0010418409,0.0008515332
0.0011525155,0.0003864643,-0.0007591355
0.0004732761,-0.0003116675,0.0008014859
-0.000705781,0.0006228397,3.7807e-06
0.0009810274,0.0006692597,-0.0003392264
0.0001992613,-1.9975e-06,0.0014826176
-0.0004696034,3.15959e-05,-0.0009941138
0.0009102352,0.0005642039,-0.0003605881
-0.0001296786,0.0008286756,0.0020044523
-0.0001418841,-0.0001107179,-0.0007859902
0.0008272374,-0.000727004,-0.0006840646
-0.0005464984,0.0005953542,0.0015430405
0.0002267238,0.0009477794,-0.0001744365
0.0005556636,0.0001055014,-0.0003593674
-0.0004635006,-0.0005315515,0.0012647287
0.000356713,0.0001348193,-0.0010496541
0.0004513061,0.0005904679,0.0006574473
-0.0004464128,0.0009569413,0.0012281087
0.0007070126,-1.36024e-05,-0.0009513904
0.0002346574,-0.0002536425,0.0002985715
-0.0003225264,0.0003974585,0.001290973
0.0007411882,0.0004548727,-0.0008134552
0.0001724091,0.0002575879,0.000755711
3.87582e-05,0.0004799151,0.0005475874
0.0010554813,0.0003919614,-0.000505237
-0.0004567876,0.0004115067,0.000671485
0.0001644754,-5.20822e-05,0.0003284779
0.0008754493,-0.0001314847,-0.0008531268
-0.0004403101,0.0009306773,0.0008509229
0.0003695289,0.0008256216,0.0005457564
0.0006752781,-0.0004643647,-0.0003892737
-0.000514764,-0.0003312127,2.14804e-05
0.000508062,0.0003540925,0.0004169761
0.0002114669,0.0010699372,0.0002363176
-5.88863e-05,0.000236821,0.0005152398
0.000279818,-0.0003935132,-0.000596787
0.000180953,0.000373027,0.0002747686
-8.2332e-06,0.000650936,0.0009601725
0.0003176552,-3.8298e-06,-0.0002641555
3.32657e-05,8.53454e-05,-6.82386e-05
0.0001528802,0.0005837492,0.0007886689
0.000180953,0.0004560943,0.0003956145
0.0001406746,-0.000284182,7.51897e-05
0.0002663919,-0.0002279894,1.41564e-05
0.0001894968,0.0007816448,0.000147209
1.43471e-05,0.0010461165,0.000708105
0.00045985,-0.0001687429,9.47203e-05
2.35012e-05,-0.0003092243,-0.0007200742
9.209e-07,0.0008372266,0.0005854281
0.00045985,0.0006851402,0.0006482924
0.0002084155,2.48773e-05,-0.0004063631
3.3621e-06,-2.21535e-05,2.56e-06
0.0005544431,0.0004292196,0.0007361803
9.61243e-05,0.0001861256,0.0001917633
0.0002547966,-4.59743e-05,0.0001813876
0.0005892289,0.0002856842,0.0001331713
-0.0003005564,0.000949001,0.0001673499
0.0003921091,0.0004774719,0.0008149133
0.0006459848,-0.0002835712,-0.0002513385
-0.0004097962,4.99196e-05,-7.8156e-06
0.0002895824,0.0007883635,0.0006556163
0.0008168626,0.0005562637,0.0003181022
-0.0004988967,5.84707e-05,-6.15249e-05
0.0003792933,3.64822e-05,0.000152702
0.0004751069,0.0001262682,0.0005274464
-0.000525749,0.0001867363,0.0001612466
0.0005434581,0.0003455415,-0.0001323236
0.0003072805,0.0004658669,0.0004316241
-0.0005629759,0.0004927416,5.0166e-05
0.0007241004,-0.000206001,6.72553e-05
0.0001321307,-0.0001320955,0.0004737371
-0.0002340361,0.0004029556,-1.102e-06
0.0006667342,0.0006320015,0.000127068
0.0003908886,0.0003204991,0.0009955718
-5.70555e-05,0.0001653587,-0.0004387107
0.00043788,0.0002539231,-0.0001121826
8.02571e-05,0.0006503252,0.0007825656
0.0002950749,0.0004591482,-0.0001426992
0.0004299464,0.0003968478,-1.33086e-05
-6.68199e-05,0.0003882967,0.0004145348
0.0003451177,0.0001390948,-4.93183e-05
0.0004824303,-0.0001229337,0.0005500287
6.92721e-05,0.0002099463,0.0006684333
0.0001254177,0.0001452027,-6.64076e-05
0.0002761563,0.0001464243,0.0004450515
0.0001431157,0.0001867363,0.0005677284
0.0002242827,0.000126879,-0.0001054689
0.0001852249,0.0005342753,4.16214e-05
0.0002505246,0.0007431651,0.0004810611
0.0001602035,0.0004841906,2.69734e-05
0.0001589829,0.0003583681,-8.22762e-05
0.0002071949,0.0001873471,0.0005079158
0.0001931585,0.0001629156,-1.575e-05
0.0001022271,3.09851e-05,0.0002912475
0.0002785974,0.0001244359,0.0005616251
0.0002566274,9.87827e-05,0.000106927
0.0001089401,0.0002636958,3.0025e-05
0.0002529658,0.0001482566,0.0004737371
0.000224893,0.0001366516,-8.41072e-05
4.0589e-05,0.0004231117,-0.0001195066
0.0003902783,0.000439603,0.0006781987
6.62207e-05,0.0004719748,-0.0003074891
0.0003591541,0.0004304412,0.0003803562
0.0003536616,8.3513e-05,0.0003937835
7.65954e-05,0.0002441505,0.0001063166
0.0004305567,0.000404788,0.0003138299
0.0001742399,0.0002215513,0.0005378221
3.87582e-05,0.0002472045,-0.0001213376
0.0005550534,0.0001897903,0.0001209646
-0.0001522588,0.0002062816,0.0005182914
9.85654e-05,0.0005403832,-0.0001903052
0.0006234045,0.0001256574,0.0002619516
-0.0003371731,0.000396237,0.0001862703
0.000400653,0.0002184974,0.0004590891
0.0003792933,-0.0002475346,0.0001911529
-0.0001815522,-0.0003770219,0.0002936889
0.0002480835,0.0004072312,-0.0003526538
0.0003298608,0.0008647121,0.0009711585
-5.09527e-05,0.00058436,0.0003742528
0.0004085866,-8.1053e-06,-0.0008152862
5.40151e-05,0.0002453721,0.0006031277
9.30729e-05,0.0008683769,0.0002784306
0.0003512205,0.0003284394,-0.0001475819
0.0001595932,0.0002490368,0.0004682441
0.0003225374,3.15959e-05,0.0003901215
0.000106499,-3.8298e-06,-0.0002330285
0.0001126018,8.83993e-05,0.0009967925
0.0003878372,8.3513e-05,-4.44356e-05
0.0001357924,0.0005434371,-0.0001170652
8.02571e-05,0.0005923002,0.0007654763
0.0003377944,0.0002264376,3.79594e-05
0.0003341327,-0.000191342,-9.57036e-05
4.30301e-05,0.0006411634,0.0002759892
0.0003933297,0.0008427237,0.0006232687
0.0001052785,0.0003785241,-5.23699e-05
0.0001357924,-0.0002597504,0.0006141137
0.0003146038,-0.0001198797,-0.0001390372
5.88974e-05,0.0003333257,0.0004749578
0.0002132977,0.0006491036,0.0003614358
0.0004854817,0.0002789655,-9.26519e-05
3.02143e-05,0.0004188362,8.61757e-05
0.0002981263,0.0001751314,0.0007093257
0.0002822591,4.99196e-05,-0.0001829812
2.7518e-06,0.0003553141,0.0001313403
0.0003255888,0.0006704812,0.0006836917
0.0004012633,0.0006148994,8.3124e-05
2.10601e-05,5.05304e-05,0.000139885
0.0001955996,-0.0001498084,0.0002430312
0.0002560171,0.0004292196,-8.47176e-05
0.000110771,0.0006216181,0.0003309192
4.73021e-05,0.0003626436,0.0003632668
0.0004995181,0.0002191082,-0.0001555162
-0.0001382224,-0.0001638565,0.0001905426
0.0001260279,1.20507e-05,0.0004633615
0.0005642075,0.0003693623,6.72553e-05
-0.0001534794,0.0002881273,0.0003760838
6.43899e-05,0.0005672579,9.53307e-05
0.0006801604,0.0003223315,0.0001606363
-4.42396e-05,5.60275e-05,0.0004731268
0.0002505246,8.41238e-05,2.75837e-05
0.000400653,0.0005874139,-1.102e-06
2.41115e-05,0.0004011233,0.0009534589
0.0003329122,0.0002441505,-0.0001555162
0.0004732761,-9.3269e-06,0.0002711066
-9.85544e-05,0.0001042798,0.0008417679
0.0004561883,0.0002710252,-0.0002373008
0.0001974305,0.0002930136,0.0001722326
-0.0001339505,0.0004591482,0.000722753
0.0006380512,0.0001195496,-0.0003618088
3.3876e-05,0.0001439811,-4.916e-07
-2.89827e-05,0.0005538205,0.0005829867
0.0006642931,0.0005025143,-0.0001701642
-8.63488e-05,0.0004652561,0.0002332659
-7.0127e-06,0.0003907399,0.0002692756
0.0005788542,0.0001116093,7.88517e-05
-0.000106488,0.0001531429,0.0001923736
0.0001595932,0.0001513106,0.0002717169
0.000536745,0.0003510386,0.0001661293
-9.79441e-05,0.0006808646,0.0001881013
5.64562e-05,4.93088e-05,0.0003571635
0.0004000428,-0.000324494,-1.14776e-05
-2.5321e-05,-8.93403e-05,0.0002662239
1.00751e-05,0.0007101825,0.0002405899
0.0006642931,0.0003223315,0.0007361803
0.0002480835,-6.273e-06,0.0001972563
0.0001473877,0.0001433703,0.0002051906
0.0005935009,0.000685751,0.0004828921
-2.89827e-05,0.0006442173,0.0002790409
0.0004110278,0.0004811366,-2.933e-06
0.0005532225,0.0004774719,0.0001166923
-0.0004671623,0.0006130671,0.0002454726
0.0005172161,0.0001018367,0.0002375382
0.0006209634,-0.000651877,0.0003187125
-0.0004909631,-3.19261e-05,0.0001282886
0.0005989934,0.0009740434,0.0001386643
0.0005056208,0.0001519214,0.0008753362
-0.0004866912,-0.0003385422,-4.93183e-05
0.0009023015,-6.91842e-05,-0.0003135925
-0.0001937577,0.0007333925,0.0004786198
-0.0003560917,0.0010681049,0.0004822818
0.001103083,0.0003278286,-0.0003532641
-0.0002157278,-7.759e-07,0.0004267415
-0.0005007276,0.0007785909,-8.16659e-05
0.0013221728,0.0002997323,0.0007819553
-0.0003621945,-0.0005877441,0.0006269307
-0.0001193038,1.08291e-05,-0.0006797923
0.0011439716,0.0008005793,0.0008765569
-0.0008839822,0.000604516,0.0007435043
0.0004177408,-0.0001681321,-0.0008207792
0.0010310702,-0.0006127865,0.0005408737
-0.0011720334,0.000636277,0.000664161
0.0005941112,0.0006429957,-0.0006962712
0.0008296785,-5.20822e-05,0.0009595622
-0.0006807596,0.0002698036,0.0002888062
0.0008925371,0.0004683101,-0.0004582414
0.0004409314,0.0001824608,0.001336748
-0.0005623657,0.000306451,-0.0002214322
0.0010573122,0.0001708558,-0.0005687116
-4.30191e-05,0.0005574853,0.0012513014
-0.0001223552,0.0006497144,-8.47176e-05
0.0009279332,-1.651e-07,-0.0005027957
-0.0002724836,-1.9975e-06,0.0009809238
0.0001248074,0.0005238919,-0.0003538744
0.0006893145,0.0004762503,-6.82386e-05
-0.000477537,0.0002502584,0.0013861849
0.0003933297,-3.55909e-05,-0.0009483388
0.0004354389,-0.0001314847,3.12457e-05
-0.0005757918,0.0005984081,0.0013416306
0.0006594109,0.0002734684,-0.0006395103
0.0001022271,-0.0001406466,6.4814e-05
-0.0003780617,0.0004041772,0.000748387
0.0007851282,0.0002264376,-0.0002861275
-2.04388e-05,0.0003809672,0.000636696
-5.27835e-05,0.000193455,0.0006391374
0.0005770234,0.0003162236,-0.0009416251
-5.1563e-05,0.0005806952,0.0010645395
0.0002554069,0.0004524296,0.0004780094
0.0005239292,-0.00012782,-0.0007103089
-0.0002553958,0.0002429289,0.0005854281
0.0004610706,0.0006313907,0.0005079158
0.0004610706,8.29022e-05,5.1997e-05
-0.0002950639,-7.65137e-05,0.0004279621
0.0008260168,-0.0002878467,0.0004017178
-3.81369e-05,0.0003840212,-0.0002220425
6.92721e-05,0.0006484928,0.0012018644
0.000797944,7.74051e-05,-0.0001195066
-8.57385e-05,0.0002972892,-0.0002525592
-8.26871e-05,0.0008127951,0.0005243948
0.0007601068,0.000318056,8.4955e-05
-0.0003475478,0.0002038384,-0.0003087098
0.0001833941,0.000529389,0.0002369279
0.0006325587,0.0004615914,0.0004212485
-0.0004964556,0.000482969,-0.0002403525
0.0004604603,-0.0001327063,0.0005121881
0.0002383191,-6.42979e-05,-0.0001488025
-0.0004415306,0.0003687515,0.0003040645
0.0006258456,-5.75793e-05,0.0006519544
0.0001260279,-0.0004356576,8.80067e-05
-0.0004287148,0.0003827996,-0.0005076783
0.0004543575,0.0006564331,0.0007496076
0.0003011777,0.0006069592,0.0006977293
-8.0246e-05,-0.0002169952,-0.0005278193
0.0003200963,0.0001372624,3.67387e-05
0.0001412849,0.0009166292,0.0009009702
0.0002987366,0.0005800845,3.30767e-05
0.0003664775,-0.0001039992,1.29357e-05
1.92293e-05,0.0002044492,0.0003028439
0.000339015,0.0002429289,0.0003840182
0.0003927194,-0.0001418681,0.0004352861
-6.13274e-05,-4.78066e-05,-0.0003074891
0.0002407602,0.0003968478,0.0003052852
0.0003170449,0.0007834772,0.0004932678
0.0001168738,-2.58182e-05,0.0003968352
0.00039394,-0.0004209987,-0.0005333123
0.0001644754,0.0002740792,0.0005756627
-9.73338e-05,0.0012140834,0.0003675392
0.0005062311,0.0004964064,-0.0001433095
0.0002120771,7.86267e-05,0.0001209646
-0.0001675158,0.0002111679,0.0002729376
0.0005159956,0.0001390948,5.749e-05
-0.0002071839,0.0002276592,6.54243e-05
3.26554e-05,0.0004334951,0.0003272572
0.0005391861,0.0002618634,0.000136223
-0.0002657705,-1.84888e-05,0.0003913422
0.0002090257,-7.59029e-05,0.0002875855
0.0005574945,-0.0001064424,0.0002210593
-0.0004049139,0.0004328843,0.0001649086
0.0003579336,0.0007700398,0.0002753789
0.0007259312,0.0001061122,0.0007996549
-0.0006282757,-9.9377e-06,-0.0004283351
0.0008113701,-7.71245e-05,0.0002222799
0.000279818,0.0004402138,0.000687964
-0.0002480725,0.0007944714,-0.0001030276
0.0006453745,0.0003101157,4.04007e-05
0.000246863,6.70217e-05,0.0006049587
-0.0001193038,0.000150089,-0.0005046267
0.0005013489,0.0004646453,0.0003193229
0.0001351821,0.0003534817,0.0009974028
0.0001553213,0.0001555861,-0.0009782451
0.0003274197,-2.76506e-05,0.0003382432
-7.78049e-05,0.0001561969,0.0009266042
0.0005135545,1.75478e-05,-0.0001909155
0.0001595932,3.83146e-05,-0.0001079102
-0.0001882652,0.0005990189,0.0008136926
0.0004635117,0.0007553809,-9.44829e-05
4.30301e-05,8.3513e-05,6.8476e-05
-0.0002071839,5.332e-06,0.0002485242
0.0003860064,0.0008280648,-0.0005467397
5.40151e-05,0.0006411634,0.0010511121
-0.0001669055,-6.49087e-05,4.04007e-05
0.000705792,-0.0005810254,-0.0002464558
-0.0002468519,0.0002783547,0.0004670235
-7.53638e-05,0.0004145606,0.0007544903
0.0006588006,0.0002612526,-0.0005412467
7.0237e-06,6.5536e-06,0.0008527539
-1.4336e-05,0.0001378732,9.2737e-06
0.0004995181,0.0001958982,-0.0003770671
-0.0001583616,0.0004750288,0.0004273518
0.0003554925,0.0004585374,0.0002210593
0.0006887042,0.000552599,-0.0002769725
-0.0001492074,0.0003986801,0.0007544903
0.0003103319,0.000126879,-0.0001060792
0.000650867,-8.26216e-05,-1.94119e-05
-0.0001400533,0.0003797457,0.0007404526
0.0004354389,0.0006020729,-0.0001408682
0.0004030941,0.0003247747,0.0001111993
-0.0002737042,9.02317e-05,0.000609231
0.0007033509,-0.000136371,-4.93183e-05
0.0001974305,0.0003638652,-3.34496e-05
-0.0003920981,0.0006185642,0.0008222373
0.0006331689,0.0004182254,-0.0003019961
0.0003384047,-0.0003202185,0.0005250051
-0.0002676014,9.6075e-06,0.0003663185
0.0004549678,0.0004780827,-7.25109e-05
-2.9593e-05,0.0005153408,0.0005085261
-5.1818e-06,0.0001403164,0.0002186179
0.0004653425,0.000341266,-0.00051073
-0.0002230511,0.0005312213,0.0005115778
-4.54602e-05,0.0002875165,0.0001722326
0.0005416272,-0.0001418681,-0.0004222317
-2.41005e-05,-6.9795e-05,0.000686133
5.82871e-05,0.0003944046,0.0001960356
0.00048182,0.0001958982,4.1011e-05
2.9604e-05,-3.13153e-05,0.0007148186
0.0004720556,3.15959e-05,-8.10556e-05
0.0002285546,0.0004200577,1.9497e-06
-8.4518e-05,0.0006246721,0.0007032223
0.0006832117,0.0001940658,-0.0003032168
0.0001077196,0.0002728576,-0.0002293665
2.77732e-05,0.0008018009,0.0008149133
0.0007918412,0.0001769637,0.0001386643
-4.91219e-05,-0.0003251048,9.9603e-05
0.0001467774,0.0002539231,0.0003296985
0.0006606315,0.0005324429,0.0001917633
-0.0003438861,0.0006655949,0.0003498395
0.0005202675,0.000193455,0.0003461775
0.0005989934,-0.0006738654,0.0001874909
-0.0006929651,0.0001995629,-0.0002678175
0.0004030941,0.0008298972,0.0003138299
0.0004177408,0.0004444893,0.0006739263
-0.0002059633,6.5536e-06,-8.71589e-05
0.0005642075,-6.73519e-05,-0.0002672071
-8.81796e-05,0.0002355995,0.0008753362
-0.00017667,0.0006368878,-4.93183e-05
0.0007228798,0.0004102851,-0.0001994602
-8.81796e-05,0.0005367184,0.0005549114
-4.85116e-05,0.0004084528,-7.12903e-05
0.0005886187,-9.05619e-05,0.0001282886
-0.0001510383,-0.0001638565,0.0005182914
0.0002560171,0.0004896877,-0.0002019015
0.000541017,0.0005544313,0.0008027066
7.0237e-06,0.0002264376,0.0006519544
0.0003274197,-0.0005694204,-0.0006327966
0.0005062311,6.64109e-05,0.0005518597
2.53321e-05,0.0010626078,0.000691626
0.0004104175,0.0007004099,-0.0003441091
0.0002450321,0.0001397056,0.0002161766
3.3876e-05,0.0001989521,0.000143547
0.0003689186,-7.22382e-05,-3.71116e-05
0.0001925482,0.0002759115,0.0004749578
0.0002102463,0.0005703118,0.0003083369
0.0002920235,0.0004200577,1.11047e-05
0.0002816488,0.0001830716,0.0005713904
2.47218e-05,-0.00017424,0.0002497449
0.0001907174,-8.38432e-05,-0.0002269252
0.0001168738,0.0005587068,0.0002717169
0.0002987366,0.0006576547,0.0005512494
0.0001425054,0.0004579267,-0.0002745311
5.88974e-05,-1.05485e-05,0.0002857546
4.24198e-05,2.5488e-05,0.0003596048
0.0003011777,0.0003333257,-0.0001701642
7.29337e-05,0.0004542619,0.0005720007
6.80515e-05,0.0003204991,0.0003498395
0.0003512205,0.0002270484,-0.0001744365
-4.48499e-05,-9.72805e-05,0.0003272572
0.0002608994,0.0001897903,0.0002570689
0.0002682227,0.0006808646,-0.0003068788
0.0001022271,0.0003095049,0.0008429886
0.0001589829,6.82433e-05,-0.0001976292
0.0004726658,0.0001366516,-0.0001335442
-3.14238e-05,0.000361422,0.0008143029
0.000323758,0.0005745874,-6.76283e-05
0.000486092,0.0002869057,6.05417e-05
-0.0001516486,0.000318056,0.0004322345
0.0003280299,-4.84174e-05,0.0002387589
0.00037197,-3.55909e-05,-0.0001750469
0.0001126018,-3.86448e-05,0.0008503126
0.0002401499,0.0006845294,-0.0002330285
0.0004317772,0.0005281674,0.0004688545
8.2443e-06,0.0001201603,0.0004139245
0.0003432869,-7.89569e-05,-0.0002141082
0.0001577624,0.0002520908,0.0003272572
5.46254e-05,0.0006655949,0.0005366014
0.0002053641,0.0004554835,-0.0002928411
9.79551e-05,0.0002581987,0.000136223
0.0002041435,0.0002160542,0.0007441146
0.0001144326,-6.8838e-06,-0.0004783824
2.04498e-05,0.0001482566,0.0002228903
0.0001980407,0.000448154,0.0005530804
0.0001693577,0.0004151714,-1.0257e-05
0.0001693577,0.0001317653,0.0002973509
0.0001034476,-0.0002487562,0.0004285725
0.0002511349,-0.0001772939,-2.42946e-05
0.0001431157,0.000647882,-3.52806e-05
0.0002785974,0.000702853,0.0007471663
0.0002877516,0.0004487648,-0.0001951879
0.0002090257,0.0001745206,7.2138e-05
2.47218e-05,0.0002704144,0.0003510602
0.0002804283,0.0001653587,0.0001765049
0.0003023983,0.0004634238,1.47667e-05
0.0003103319,0.0001983413,0.0006794193
0.0001577624,0.0002184974,-5.23699e-05
0.0002987366,0.0001629156,0.0003162712
0.0001730193,-0.0001137718,0.0005866487
7.29337e-05,0.0003663083,-0.0004319971
0.0002126874,0.0005214487,0.0004383378
0.0002224519,0.0004060096,0.0004725164
0.0001126018,-8.32324e-05,-0.0003404471
0.000165696,0.0001226035,0.0001093683
0.0003628158,0.000503125,0.0008649606
-3.351e-06,0.0003889075,-0.0002501178
0.0001748502,0.0003602004,0.0002442519
0.0003805139,0.0001256574,0.0005842074
1.61779e-05,0.0001757421,-0.0003801188
0.0001541007,0.0002453721,0.0002930785
0.0003585438,0.0004591482,0.0005427047
1.00751e-05,0.0002478152,-0.0001170652
0.0002938544,0.0002178866,0.0002131249
0.0001785118,9.2064e-05,0.0005475874
6.56104e-05,0.0002472045,-0.0002678175
0.0004781583,0.0002930136,0.0005005918
0.0002932441,0.0002960676,0.0005402634
-8.94002e-05,0.0001592508,-0.0003221371
0.0003738008,0.0003718054,0.0002137353
0.0001504391,0.0003424875,0.0005530804
5.95076e-05,0.0002966784,-0.0002141082
0.0004494753,0.0003742486,0.0001612466
0.000143726,0.0002985107,0.0007160393
2.59423e-05,0.0003705838,-0.0003001651
0.000444593,-0.0001430897,0.0004023282
0.0001461671,-3.43693e-05,0.000601907
8.2443e-06,0.0004927416,-0.0001909155
0.0004549678,0.000662541,0.0002021389
4.79123e-05,0.0001164956,0.0007923309
0.0001962099,0.0002038384,-0.0005992283
0.0003585438,5.96922e-05,0.0004767888
-0.0003329011,0.000503125,0.0002076319
0.0004415417,0.0003235531,4.89453e-05
0.0006130298,7.98483e-05,0.0002643929
-0.0004213914,6.82433e-05,0.0004304035
0.0004177408,0.0005019035,-0.0002043428
0.000595942,3.83146e-05,0.0008320026
-0.0003487684,7.92375e-05,-3.40599e-05
0.0006105887,0.0006051268,-0.0004136871
0.0003579336,0.0006173426,0.0011017698
-0.000341445,0.000419447,-4.62666e-05
0.0007503423,-0.0002371512,-0.0003953771
0.0002157388,0.0004035664,0.0005616251
-0.0002285436,0.0006503252,0.0006324237
0.0005812953,0.0005141192,-0.0006120453
0.0004281155,-0.0002414267,0.0011554791
-0.0001931475,0.000239875,-0.0003709638
0.0004934153,0.0004200577,0.0001350023
0.0001992613,0.0002911813,0.0008448196
-3.20341e-05,8.90101e-05,-0.0005168333
0.0005233189,0.0003424875,-0.0001622299
0.0001016168,0.0004805259,0.0011835544
-5.94966e-05,0.0001678019,-0.0003380058
0.0005819056,0.0001061122,-7.67833e-05
0.0002377088,0.0002826302,0.0011902681
-0.0001290683,0.0003583681,-0.0004435934
0.0006075373,0.0002673605,0.0001624673
0.0002010921,6.27462e-05,0.0011353381
-0.0001473766,0.000184904,-0.0005699323
0.0007424087,0.0004902985,5.99313e-05
-9.79441e-05,0.0005312213,0.0010212058
0.0001296896,0.0001574185,-6.03043e-05
0.0007692609,-6.24656e-05,-0.0002977238
-0.0002560061,0.0001372624,0.0009949615
0.0001260279,0.0006271152,-0.0001323236
0.0009517341,0.0003656975,0.0002021389
-0.0004976762,0.0003473739,0.0005353807
0.00043788,0.0001653587,-0.0002702588
0.0007363059,6.39678e-05,0.0004609201
-0.0007308024,0.0002545339,0.0001893219
0.0005648178,0.0003974585,-0.0002055635
0.0006325587,0.0003052294,0.0005970244
-0.0005294106,0.0003907399,0.0003400742
0.0005733617,5.48059e-05,-0.000461293
0.0003646466,1.6937e-05,0.0008014859
-0.0003481581,0.0002313239,0.0003156609
0.0005123339,0.0004017341,-0.0004234524
0.0002981263,0.0003143912,0.0010779668
-0.0003109311,0.0005507666,-0.0003331231
0.0007863487,0.0001085554,0.0001044856
4.24198e-05,0.0001000043,0.0009076839
-4.79013e-05,0.0004719748,-0.0001506335
0.0005678692,-9.3005e-05,0.0002491346
5.40151e-05,-7.40706e-05,0.0009559002
0.0002895824,0.0004964064,-0.0006108246
0.0003323019,0.0004762503,0.0004554271
-0.0001846036,0.0006845294,0.000660499
0.0007161668,-0.0001082747,-0.00060228
-0.0002041325,9.02317e-05,-8.71589e-05
-6.68199e-05,0.0005648147,0.0007929413
0.0006655137,0.0003174452,-0.0004875374
-9.30619e-05,5.48059e-05,0.0002888062
0.0001089401,0.0003736378,0.0004603098
0.0006911454,-3.19261e-05,0.0002576792
-0.0003158133,-0.0001962284,0.0003431259
0.0002200107,-0.0001107179,-2.67359e-05
0.0003976016,0.0008011901,5.6117e-06
-0.0001193038,0.0008329511,0.0009443039
0.0004714453,4.07578e-05,-3.40599e-05
0.0002596788,-0.0004313821,-0.0001488025
-0.0001437149,0.0005196163,0.000684302
0.0004769378,0.0005434371,0.0003663185
0.0001779016,0.0004664777,-9.6466e-06
0.0001302999,0.0002936244,0.0006116724
0.0003432869,0.0003583681,-0.0001158446
9.00215e-05,-0.0001265984,0.000601907
-9.099e-07,0.0001561969,-0.0001488025
0.000606927,0.0001574185,0.0002466932
-0.0003744,0.0009154076,5.749e-05
0.0005800748,0.0002013953,0.0006690437
0.0003933297,-0.0003397638,-0.0002977238
-0.0002926228,0.0003589788,0.000105096
0.0005343039,0.0005782521,0.0005665077
0.0003530513,0.000373027,9.9603e-05
-0.0001516486,0.0001989521,3.79594e-05
0.0005373553,0.000338212,7.9462e-05
9.5514e-05,0.000396237,0.000611062
-8.2332e-06,0.0003852428,7.2138e-05
0.000683822,-0.0001797371,0.0003101679
-0.0001217449,0.0002710252,9.0448e-05
-4.30191e-05,0.0006527684,0.0004279621
0.0007662096,0.0001238251,0.0002515759
-9.85544e-05,1.6937e-05,0.0001130303
-1.18949e-05,0.0004005125,0.0001319506
0.0007234901,0.0002472045,0.0005402634
-0.0003335114,-8.93403e-05,-3.89426e-05
0.0004122483,0.0001348193,2.6363e-05
0.0006569698,0.0003113373,0.0007325183
-0.0002346464,0.0005556529,-0.0001072999
0.0003969914,5.23628e-05,0.0002180076
0.0006191326,0.0002673605,0.0005726111
-0.0003176442,0.0003760809,-0.0001665022
0.0004622911,0.0006320015,-1.0257e-05
0.0005123339,0.0006283368,0.0008381059
-0.0001321197,0.0003449307,-0.0003550951
0.0003615952,-0.0001876773,9.71617e-05
0.0002059743,0.0001439811,0.000629372
1.92293e-05,0.0003125589,-5.35906e-05
0.0002554069,0.0002099463,4.58937e-05
0.0001858352,0.000384632,0.0007892793
0.0004854817,0.0001879579,-5.11493e-05
-1.12846e-05,-0.0001272092,5.26073e-05
2.7518e-06,0.0003339365,0.0007807346
0.0008382224,0.0003137805,-0.0001567369
-0.0003310703,0.0001800177,5.1997e-05
5.52357e-05,0.0009887023,0.000611062
0.0008650746,0.0003027863,0.0001221853
-0.000492794,-3.19261e-05,-5.48113e-05
0.0002169594,0.0002386534,0.0001819979
0.000857141,0.0004438785,0.0001819979
-0.0008138002,0.0003748594,0.0004017178
0.0007375265,1.57154e-05,0.0002058009
0.0007533937,-0.0002365404,0.0001679603
-0.0009016802,0.0003889075,0.0003803562
0.0008211346,0.00051473,0.0002875855
0.0006526978,6.76325e-05,0.0003278675
-0.0007784041,0.0001171064,2.6363e-05
0.0009035221,0.0005721442,-8.34969e-05
0.0003097216,0.0005385508,0.0006305927
-0.0005135434,0.0001879579,0.000145378
0.0010499888,0.0002130003,-0.0004417624
-0.0001687363,0.0005055682,0.0007123773
-0.0003652459,0.0005556529,8.06827e-05
0.0012452778,-0.0004081721,0.0002717169
-0.0002987256,5.9428e-06,0.0002735479
-0.0002230511,0.0007217875,-9.38726e-05
0.0009016913,0.0005861923,0.0004944884
-5.8276e-05,-4.9639e-05,0.0008143029
-2.04388e-05,-0.0006164512,-0.0006364586
0.0005007386,0.0002960676,-6.03043e-05
-0.0001778905,0.0009465579,0.0015015379
0.0004635117,0.0003430983,-0.0003355644
0.0007302032,-0.0002560857,5.6117e-06
-0.0005416162,0.0007199551,0.0005359911
0.000558715,0.0005672579,0.0003473982
0.0004098072,-0.0001125503,-0.0002617142
-0.0004250531,0.0003693623,0.0001569743
0.0007112845,0.000671092,0.0003693702
0.0003298608,0.0002343779,0.0005066951
-0.0003670767,-0.0006146188,5.3828e-05
0.0006923659,-0.0003837406,-0.0002037325
9.00215e-05,0.0007975253,0.0007471663
-0.0001900961,0.0010497812,0.000160026
0.0008077085,-1.97103e-05,0.0001447676
4.91329e-05,0.0001158848,-0.0003087098
-0.0002090147,0.0003290502,0.0002436416
0.0003377944,0.0009428931,0.0001099786
0.0005086722,0.0001549753,0.0007850069
-7.3533e-05,-0.0002414267,-0.0005754253
8.57496e-05,0.0001531429,0.0004914368
0.0004140791,0.0005153408,0.0007239736
-2.83724e-05,-0.0002365404,1.41564e-05
0.0001339615,6.0303e-05,-0.0001738262
0.0004214025,0.0005990189,0.0005146294
-0.0003585328,0.000448154,1.29357e-05
0.0003792933,0.0001775745,8.4955e-05
0.0004830406,-7.40706e-05,0.0003376329
-0.0003390039,0.0005489342,-0.0004130767
0.0004195716,0.0005587068,0.0010346331
0.0003780727,8.90101e-05,0.0001923736
-0.0001168627,-0.0003171646,-0.0001134032
0.0001955996,0.0005049574,8.80067e-05
0.000470835,0.0006900265,0.0009632242
-6.2548e-05,0.0002545339,-0.0001188962
0.00035,-0.0004399332,0.0002320452
0.0003438972,0.0001855148,0.0001063166
-0.0002084044,0.0008182922,3.42974e-05
0.000400653,0.0005330537,0.0008332233
0.0006118092,-0.0001546947,5.6117e-06
-0.0001785008,-5.819e-05,-0.0002128875
8.8546e-06,0.0006210073,0.0004871644
0.0006624623,0.0005819168,0.0004468825
-0.0001418841,0.0001427595,-0.0002800241
0.0001126018,0.0003046186,0.0001990873
0.0007228798,0.000306451,0.0004108728
-0.0006221729,-5.20822e-05,0.000138054
0.0003750214,-1.23809e-05,-6.27456e-05
0.0005764131,0.000349817,0.0001209646
-0.0005489395,0.0006283368,0.0007215323
0.0005050106,0.0002936244,-6.70179e-05
0.0007027406,-0.0007349443,0.0004200278
-0.000852858,3.89254e-05,-0.0001091309
0.0008656849,0.0010992551,0.0001838289
0.0004848714,0.0011065846,0.0006354754
-0.0005989823,0.0002478152,-2.36843e-05
0.0010121516,-0.0001791263,-0.000598618
3.87582e-05,5.60275e-05,0.0007398423
-0.0005965412,0.0006289476,0.0002656136
0.0012580936,0.0002417074,-2.36843e-05
3.75376e-05,-0.0002047794,0.0007886689
-0.0004122373,2.12125e-05,-5.78629e-05
0.0014179865,6.21354e-05,0.0004535961
-0.0003689075,0.0002227729,0.0006995603
-0.000113201,0.0005849708,-0.0005998386
0.0011604491,0.0006252828,0.0001221853
-0.0005196462,0.0007419435,0.0008661812
-2.77621e-05,4.50333e-05,-0.0008641128
0.001037173,-0.0001632458,0.0002436416
-0.0004757062,0.0005635932,0.0009278249
0.0002364882,0.0007333925,-0.0004210111
0.0007411882,4.32009e-05,0.000676978
-0.000558704,-0.0001840126,0.0003913422
0.0003286402,-0.0001583594,-0.0005937353
0.0004287258,0.0004487648,0.000722753
-0.0003298497,0.0004951848,0.0006373064
0.0003914989,7.74051e-05,-0.0009013431
0.0003542719,-5.94116e-05,0.000645851
-0.0003152031,0.000540994,0.0003992765
0.000558715,0.0003693623,-0.0002684278
0.0002950749,0.0002197189,0.0008472609
-5.09527e-05,0.0001836824,0.0003272572
0.0004787686,0.0003082834,-0.0005021854
0.000180953,0.0004005125,0.0011078731
-0.0001467663,0.0002887381,-0.0002366905
0.0007802459,3.09851e-05,-0.0003959874
-0.000253565,0.0005562637,0.0009247732
6.56104e-05,0.0003711946,1.84287e-05
0.0005105031,-6.67411e-05,-0.0006492756
-4.97321e-05,0.0001580293,0.0010389055
0.0004586294,0.0003186668,0.0002155663
0.0003780727,5.72491e-05,-0.0003709638
-0.0002267128,9.93935e-05,0.0009888582
0.0005873981,0.0001390948,-0.0002098358
0.0003493897,0.0004524296,5.0014e-06
-0.0002901817,0.0005544313,0.0006049587
0.0005233189,0.0004218901,-0.0005412467
7.72057e-05,6.88541e-05,0.0002729376
-0.000275535,0.0003168344,0.0005732214
0.0006655137,0.0003156128,-0.0003398368
-0.000238308,0.0001592508,0.0006727057
4.79123e-05,0.000239875,0.0004993711
0.0007906207,-0.0002585288,-9.63139e-05
-0.0004610595,6.21354e-05,0.0005420944
0.000139454,0.0005104545,0.0001111993
0.0005703103,0.0004389922,-0.0002653761
-0.0003231367,0.0003204991,0.0006446304
0.0002700535,0.0002563663,-0.0002727001
0.0004799892,0.0001806285,-0.0001396476
-0.0003957598,9.02317e-05,0.0007349596
0.0005617664,0.0003669191,-0.0002781931
0.0005275909,0.0001641372,0.0005109674
-0.0005330723,0.0004212793,0.0001874909
0.0007143359,0.0001549753,-2.85669e-05
0.0002712741,0.0001140525,0.0002051906
-0.0003554814,8.29022e-05,0.0005152398
0.0006246251,0.0004921308,-0.0005412467
0.0003103319,0.0001482566,0.0011451034
-0.0002322053,2.8542e-05,-1.0257e-05
0.0006801604,0.0001311545,-0.0003978184
0.0002413705,0.0005923002,0.0011933197
-0.0002846892,0.0003479846,8.61757e-05
0.0008553101,0.0001012259,-0.0004338281
-0.0003152031,0.0003773025,0.0005323291
-0.0001162524,0.0005373292,0.0003516705
0.0007192181,0.0002270484,-0.0005113403
-0.000260278,-0.0002530317,0.0009320972
1.67882e-05,6.39678e-05,-0.0003355644
0.0005361347,0.000263085,9.53307e-05
-0.0003200853,0.000549545,0.0008387162
0.0004317772,-4.84174e-05,-6.21353e-05
0.000268833,0.0004304412,-0.0006492756
-0.0001992502,0.000404788,0.0012531324
0.0004030941,0.0001030583,-0.0004362694
0.0002529658,5.78599e-05,-0.0002842965
-0.0002016914,0.0003913507,0.0008966979
0.0004421519,0.0004487648,-0.0003312921
0.0002700535,3.22067e-05,0.0003455672
-7.59741e-05,-0.00010461,0.0005384324
0.0004732761,8.10698e-05,-0.0002031222
6.6831e-05,0.000815849,0.0001661293
0.000264561,0.0002875165,0.0011414414
0.0003048394,3.22067e-05,-0.0010258511
0.000154711,0.0001427595,0.0005829867
0.0001779016,0.0005648147,0.0005665077
0.0005275909,-0.000139425,5.13867e-05
-0.0001168627,0.0002044492,-0.0001951879
0.0001711885,0.000482969,0.0006775883
0.000323758,0.0003571465,2.8194e-05
-2.04388e-05,-8.62863e-05,0.000128899
0.0002676124,-0.0003080027,0.0005713904
4.4861e-05,0.0004377706,-0.000472279
5.95076e-05,0.0008134059,0.0004694648
0.000246863,0.0003907399,0.0004999814
0.0002236724,1.08291e-05,-0.0001469715
6.2559e-05,7.43512e-05,5.26073e-05
-7.65844e-05,0.000396237,0.0006592783
0.0002779872,0.0003394336,-2.00223e-05
0.0002737152,-2.9483e-05,0.0001765049
-0.0002364772,0.0004298304,0.0002314349
0.0004128586,0.0005025143,0.0002058009
0.0004409314,-0.000237762,0.0004200278
-0.0002993358,-0.0001174366,-0.0001488025
0.0003219272,0.0006875833,-1.69706e-05
0.0002132977,0.0008659337,0.0005640664
0.0001193149,-0.0001357602,0.0005012021
0.0006008242,-0.0003538119,-0.0005485707
2.35012e-05,-1.29917e-05,0.000664161
-0.0001211347,0.0009661031,0.0003596048
0.0009224407,0.0004310519,0.0002241109
-9.85544e-05,0.0002142218,-0.0001365959
3.44862e-05,0.0001055014,0.0002503552
0.000595942,0.0002343779,0.0001301196
-1.92182e-05,9.93935e-05,0.0003022335
3.14348e-05,0.0005202271,-0.0003441091
0.0004531369,0.0007101825,0.0004511548
9.9786e-05,0.0005049574,0.0005665077
0.0002590685,-0.0007911368,0.0001246266
1.8619e-05,-0.0003751895,-7.55626e-05
0.0001711885,0.0006802539,0.0005744421
8.57496e-05,0.0007107933,0.0005774937
0.0003866166,0.0002233837,8.55653e-05
0.0002499144,-0.0001033884,-2.42946e-05
-0.0002346464,0.0001879579,0.0001411056
0.0001650857,0.0007303386,0.0001026547
0.0006008242,0.000647882,0.0002076319
-0.0004036934,0.0004108959,0.0001038753
0.000257848,0.0003559249,-0.0001213376
0.0006221839,-0.0002970085,0.0006141137
-0.0003518197,-0.0002921222,0.0001173026
0.0002969058,0.0004848014,-0.0001091309
0.00054773,0.0005306106,0.0008289509
-0.0001620233,-0.0001724076,0.0004743474
0.0004574089,-0.0003269372,-0.0004954717
0.0003445075,9.32856e-05,0.0005677284
-0.000227323,0.0006961344,0.000687964
0.0008888754,0.0007480514,-0.0001774882
0.0002932441,0.0003534817,0.0005243948
-0.0003872159,0.0004237225,0.0001569743
0.0007204387,0.0006210073,-0.0002714795
0.0003634261,0.0002636958,0.0009406419
-0.0004811987,0.0002191082,6.2983e-05
0.0009206099,0.0002349887,-0.0003605881
-0.0003768411,7.55727e-05,0.0009089045
-5.03424e-05,-6.61303e-05,0.0002125146
0.0009895713,-0.0004661971,-0.0003087098
-0.0004824192,0.000361422,0.000709936
-0.0002956742,0.0007920282,0.000114251
0.0010689074,-0.0001033884,-6.15249e-05
-0.0004274942,-0.0001339279,0.0004621408
-0.0001107599,0.0004457109,-0.0004655654
0.0007826871,0.0008231785,0.0002027493
-0.0001540897,0.0005458803,0.0007618143
0.0001711885,0.0001335977,-0.0004313867
0.0006191326,-3.25369e-05,0.0002082423
-0.0004268839,0.0003559249,0.0007367906
0.0003072805,0.0003553141,-0.0002592728
0.0008156421,0.0002325455,0.0004462721
-0.0003774514,0.0003559249,0.0005366014
0.0002926338,0.0005153408,-0.0003758464
0.0007698712,-0.0001009453,0.0007972136
-0.0004433614,-0.0002499778,0.0003480085
0.0004787686,0.0002410966,-0.0006694166
0.0004812097,0.0006643733,0.0009455245
-0.0004500745,0.000474418,0.0007496076
0.0009389182,-0.0001815694,-0.0007414359
0.0002615096,-0.00015103,0.000609231
-0.0007320229,0.0008659337,0.0003290882
0.0011848603,0.0006350555,6.96967e-05
3.20451e-05,9.6075e-06,0.0005347704
-0.000503779,0.0001171064,-0.0001298822
0.0010377833,0.0003394336,-0.0001506335
-0.0002389183,0.0002215513,0.0011335071
-0.0002596678,5.84707e-05,-0.0003221371
0.0010255777,0.0002117787,-0.0003001651
-0.0005098817,0.0005916895,0.0009131769
-8.87899e-05,0.0003119481,-0.0002073945
0.0011885219,-0.0005095631,0.0001411056
-0.0007832863,2.42665e-05,0.0002125146
0.0001034476,0.0010516136,-0.0003990391
0.0009663807,0.0004909093,0.0010608775
-0.0004079653,-0.0002756309,0.0004505445
0.000356713,-0.0002554749,-0.0011131287
0.0003811241,0.0006252828,0.0011115351
-0.000205353,0.0010277928,0.0007904999
0.0007686507,-1.97103e-05,-0.0007420462
0.0002132977,8.59562e-05,0.0004505445
-0.0001144216,0.0006246721,0.0006928467
0.0006533081,0.0003406552,-0.000501575
6.31693e-05,-9.78913e-05,0.00075388
0.0001193149,0.0003015647,1.65977e-05
0.0004464239,0.000448154,-0.0001536852
-1.55566e-05,1.38831e-05,0.0011139764
0.0002779872,-0.0002457023,-0.0003642501
0.00035,-4.29203e-05,-0.0001054689
-0.0002846892,0.0009673247,0.000759373
0.0005819056,0.0005220595,0.0003663185
0.0002047538,-0.000359309,-0.0004863167
-5.76657e-05,-0.0002469238,0.0008057583
0.00041591,0.0006967452,-0.0004399314
0.0001742399,0.0009306773,0.000667823
0.0001736296,0.0004982387,0.0006849123
0.0005068414,-0.0004277174,-0.000459462
-0.000312762,0.0001201603,2.88044e-05
0.0002230621,0.0005782521,0.0009406419
0.0006038756,0.0003724162,-0.0001921362
-0.0003188647,0.00027469,-0.0001109619
0.0004799892,8.16806e-05,0.000733739
0.0002474733,-0.0001253768,-0.0001298822
-0.0003463272,0.000118328,0.0001990873
0.0006124195,0.0001873471,0.0002625619
0.0001901071,0.0006790323,-7.25109e-05
-6.9261e-05,0.000682697,0.0006995603
0.0005288114,-0.0003049488,0.0002704962
0.0001370129,-0.0005193357,-0.0005223263
-0.0001998605,0.0006759783,0.0002155663
0.0009846891,0.0010760451,0.0010566051
-0.0001693466,0.0005092329,-0.0005394157
-1.37257e-05,-0.000182791,8.25137e-05
0.0006472053,-0.0003544227,0.00071726
-7.65844e-05,0.0001213819,-2.36843e-05
-0.0001565308,0.0005898571,8.00723e-05
0.0008498176,0.0005446587,0.0008814396
-0.0001247963,0.0002881273,-0.0001042482
0.000154711,-0.0003025056,6.72553e-05
0.0004555781,7.92375e-05,0.0003895112
-6.9261e-05,0.0004664777,0.0001667396
3.44862e-05,0.0006185642,-0.0002311975
0.0004909742,0.0005354969,0.0003931732
-2.9593e-05,0.0001525322,0.0002375382
2.7518e-06,-0.0002481454,-0.0002757518
0.0002267238,-7.59029e-05,0.0002881959
0.000180953,0.0003992909,0.0005158501
0.0002163491,0.0004316627,6.96967e-05
3.20451e-05,0.0002753007,3.49077e-05
0.0001443363,0.0001390948,0.0002393692
0.0004824303,0.0001140525,9.53307e-05
9.30729e-05,0.0001678019,0.0005604044
-9.30619e-05,0.0004151714,-0.0001426992
0.0004940256,0.000216665,0.0003016232
0.0001907174,0.000338212,0.0006153344
7.04926e-05,0.0001281006,-5.72526e-05
0.000666124,5.1752e-05,0.0002003079
-5.40041e-05,0.000271636,0.0005488081
0.0002810385,0.0003192776,9.2279e-05
0.0003536616,8.22914e-05,-0.0001103516
-0.0001852138,0.0003992909,0.0004279621
0.0003438972,0.000650936,-0.0002537798
0.0003853961,8.16806e-05,0.0004468825
-0.0002248819,7.1908e-05,6.60347e-05
0.0005184367,0.0001568077,6.1152e-05
0.0001687474,0.0001555861,0.0004188071
-0.0001968091,0.0005544313,7.82413e-05
0.0006954173,0.0003516494,4.16214e-05
-1.5202e-06,0.000118328,0.0005793247
-6.98713e-05,0.000115274,-0.0001170652
0.0002749358,0.0002917921,-0.0002958928
0.000139454,0.0002936244,0.0010102198
0.000106499,0.0003070618,-0.0003172545
0.0003042291,0.0002435397,-1.63603e-05
1.25162e-05,0.0003779133,0.0009095149
0.0004458136,9.69504e-05,0.0002405899
8.33085e-05,0.000115274,-0.0002080048
0.0001669166,0.0003485954,0.0008692329
0.0001797324,0.0005006819,-0.0001030276
2.53321e-05,0.0003278286,0.000128899
0.0004061455,9.2064e-05,0.0005243948
0.0001699679,-9.3269e-06,-0.0003685224
-3.02032e-05,0.0006448281,0.0002222799
0.0005910598,0.0002917921,0.0008893739
-2.47107e-05,-0.0002756309,-0.0005003544
9.73449e-05,-3.31477e-05,0.0001081476
0.0004342183,0.0006118455,0.000744725
8.33085e-05,0.0001739098,6.90863e-05
0.0001772913,0.0002404858,-0.0004149077
0.0004586294,0.0001629156,0.0008106409
-0.0001760597,0.0005336645,-0.0003642501
0.0003255888,0.00025148,0.0003010129
0.0003841755,1.38831e-05,0.0005518597
-0.0001333402,0.0002728576,-0.0001890845
0.0002120771,0.0004505972,0.0002112939
0.0002718844,0.0002734684,0.0008368852
2.10601e-05,-0.0002078334,-0.0001805399
0.0001382335,6.5536e-06,-0.0002440145
0.0001571521,0.0006491036,0.0009418625
2.71629e-05,0.0007706506,-0.0003428884
0.0002883619,-0.0001882881,0.0002643929
6.4134e-06,-0.0001314847,0.0002515759
0.0002145182,0.0002239945,6.72553e-05
5.95076e-05,0.0003718054,0.0001649086
0.0002163491,0.0001464243,0.0007349596
0.0005751925,9.38964e-05,-0.0001317132
-0.0001644644,0.0004041772,-6.21353e-05
0.0003011777,0.0005080114,0.0007917206
0.0003640364,0.0002429289,-0.0004155181
-1.00641e-05,0.0002337671,-3.10083e-05
0.0003060599,0.0005153408,0.0005402634
0.0002523555,0.000161694,0.0003565532
0.0001955996,-0.0001296524,-9.26519e-05
0.0002194005,-0.0002737986,0.0003290882
0.0001760707,0.0007107933,0.0003382432
0.0002993469,0.0008610474,0.0002564586
0.0002956852,3.03744e-05,0.0003083369
-0.0001351711,-9.36158e-05,-0.0002031222
0.0006057064,0.000318056,0.0001746739
-0.0003048283,0.0006631518,0.000128899
0.0001162635,0.0006320015,0.0003168815
0.000699079,-6.1244e-05,-1.69706e-05
-0.0003054386,-0.0004668079,0.0004230795
7.72057e-05,7.80159e-05,0.0002326556
0.0006240148,0.0001836824,0.0005323291
-0.0003548711,0.0002319347,0.000132561
0.0002731049,0.0004383814,-0.0001689435
0.000655139,0.0004536511,0.0004072108
-0.0003512095,3.77038e-05,0.0003681495
0.0003384047,-0.0002127197,-0.0003148131
0.0004592397,0.0004225009,0.0002588999
-0.0003316806,0.0012660005,0.0001148613
0.0003860064,0.000549545,0.0003358019
0.0006746679,-0.0005437673,0.000612893
-0.0002926228,-0.0006072894,-0.0004588517
-2.89827e-05,0.0003608112,0.0001465986
0.0005733617,0.0010638293,0.0010016752
6.2559e-05,0.0001714666,-0.0001744365
0.0001681371,-0.0004283282,-0.0002604935
0.000367698,0.0002704144,0.0005366014
-7.0127e-06,0.0006057376,1.3546e-05
6.92721e-05,0.00020506,0.0001667396
0.0006588006,0.0004652561,0.0003992765
-8.2332e-06,0.0008152382,-0.0003758464
-0.000102216,0.0003229423,0.0005317187
0.0006392717,-0.000373968,0.0004767888
0.0001748502,-0.0004582568,-0.0003727948
-0.0004177298,0.0007541593,0.0001667396
0.0004531369,0.0011163572,0.0009632242
0.0003231477,-0.0001730184,-0.0002141082
-0.0002621089,-0.0008558805,-0.0003489918
0.0004683939,0.0002869057,0.000669654
0.000121756,0.0010784883,0.0002387589
-0.00017667,0.0003980693,0.0001173026
0.0006081476,-0.0001888989,6.42037e-05
0.0002724947,0.0001904011,0.0002863649
-0.0003152031,0.0005238919,0.0002094629
0.0005471198,0.0001439811,0.0003541118
0.0003225374,0.0001977305,-0.0001811502
-0.000271263,0.0004927416,0.0004004972
0.0007021304,0.0003003431,0.0005262258
0.0001187046,-0.0002017255,-0.0001225582
-0.0002938433,2.12125e-05,0.0002552379
0.0009511238,0.0004231117,0.0003876802
-4.66807e-05,0.0008702092,0.0002051906
-0.00028652,0.0007834772,3.97904e-05
0.0009749246,-0.000440544,0.0003797458
-0.0003274086,-0.0002194383,-0.0005571153
-8.51283e-05,0.0006020729,0.0002955199
0.0007485115,0.0006973559,0.0004749578
-0.0003756206,0.0002142218,3.49077e-05
0.0001321307,-0.0001882881,-0.0004075837
0.0007375265,-3.92556e-05,0.0008258993
-0.0005910487,0.000427998,0.0001996976
0.000382955,0.0002978999,-0.0001451405
0.0006038756,5.78599e-05,0.0004474928
-0.0004793678,0.0005336645,2.39217e-05
0.0005373553,0.0005935218,6.1152e-05
0.0003158244,-7.52921e-05,0.0006904053
-0.0002590575,-8.75079e-05,-0.0002189908
0.0005294217,0.0003302718,-0.0001311029
0.0002853105,0.0006265044,0.001327593
-0.0002499033,0.0003388228,-0.0003923254
0.0006380512,-0.0001620242,-0.0002379112
0.000279818,0.0001653587,0.0010218161
-0.000231595,0.0003919614,-0.0001359856
0.000558715,0.0001390948,-0.0001249996
2.16704e-05,-3.55909e-05,0.0006727057
-8.87899e-05,0.0004835798,-0.0004710584
0.0007241004,0.0003540925,0.0006373064
1.5312e-06,8.77885e-05,0.0005250051
-0.0001315094,2.30449e-05,-0.0007176329
0.0006606315,0.0004799151,0.0004822818
-8.87899e-05,0.000393183,0.0010242575
-4.30191e-05,0.000115274,-0.0009428458
0.0006343895,2.91528e-05,0.0003321399
-0.0003890467,0.000341266,0.0009528485
0.0003646466,0.0003241639,-0.0007267879
0.0005867878,-0.0002463131,0.0005091364
-0.0007710807,0.0004487648,0.0004218588
0.0005452889,0.0005684795,-0.0006517169
0.0003365738,4.80872e-05,0.0006635507
-0.000429325,4.99196e-05,0.0004535961
0.0005666486,0.0003742486,-0.0012431296
-0.0001699569,0.0005306106,0.0010505018
-5.76657e-05,0.0002429289,0.0005420944
0.0008009954,-0.0002450915,-0.001157683
-0.0005410059,-1.90995e-05,0.0009742102
-4.48499e-05,0.0006912481,0.0002808719
0.0011830294,8.47346e-05,-0.0002324182
-0.0005422265,-0.0001834018,0.0006208274
0.0001681371,0.0001262682,9.47203e-05
0.0007717021,0.0006136779,-9.02106e-05
-0.0002846892,0.0001012259,0.0015308339
0.0005532225,1.44938e-05,-0.0005870216
0.0005135545,0.0006246721,-0.0003734051
-0.0004580081,0.0010222957,0.0016333698
0.0007283723,5.60275e-05,-0.0002818551
0.0003292505,-0.000240816,-0.0008537372
-0.0003951495,0.000639331,0.0009528485
0.0005831262,0.0005758089,0.0003199332
0.0001638652,-6.36871e-05,-0.0002702588
-0.0001669055,-0.0004906287,0.000633034
0.0002389294,0.0001659695,-0.0004173491
3.93685e-05,0.0006949128,0.0003919525
5.70665e-05,0.0001219927,0.0009803135
0.0003487794,-0.0003080027,-0.0005906836
3.02143e-05,0.0002777439,0.0001026547
-0.0002480725,0.000694302,0.0007984343
0.0004384903,0.0004695317,-0.0003770671
0.0003146038,0.0001690235,0.0002436416
-0.0001516486,0.0003204991,0.0006543957
0.0003365738,0.0002197189,-0.000448476
-4.5716e-06,0.0002740792,0.0003620462
0.0001998716,8.04591e-05,0.0007660866
0.000378683,0.0002233837,-0.00054735
-5.58349e-05,7.92375e-05,0.000700781
0.0001565418,9.81719e-05,0.0005799351
0.0003597644,-0.0001760723,-0.0003782878
-0.0002364772,0.0002783547,0.0002466932
0.0007118948,0.0004591482,0.0008423782
0.0001742399,0.0003608112,-0.0004332177
-0.0002395286,0.0002936244,0.0001935943
0.000857141,-0.0002035578,0.0006354754
-1.79977e-05,0.0003467631,-0.0004045321
-0.0001235758,0.000905635,0.0003321399
0.0006221839,0.0004457109,0.0004780094
-5.64452e-05,-0.0001082747,-0.0001109619
0.0002322163,1.14399e-05,-0.0001213376
0.0002413705,0.0002795763,0.0007312976
-0.0003255778,0.0008048548,-7.92246e-05
0.0005953317,-1.4824e-05,0.0002942992
3.02143e-05,-0.0002896791,0.0003339709
-0.0002926228,0.0004316627,-0.0001433095
0.0004525267,0.0004964064,0.0005323291
-5.09527e-05,8.10698e-05,0.0004261311
0.0001650857,-2.45967e-05,-0.0004783824
0.0003652569,0.0005128977,0.0003370225
-0.0002944536,0.0006643733,0.0008905946
0.0003908886,-0.0001211013,-0.0005412467
0.0003774625,-0.0002035578,0.000116082
-0.000194368,0.0008891437,0.0006116724
0.0003200963,0.0005770305,0.000136223
0.0005062311,-0.0004509274,0.0002973509
-3.20341e-05,-0.0002976193,-7.98349e-05
0.0001010065,0.0007120149,-7.25109e-05
0.0004195716,0.0008262324,0.0008875429
0.0001541007,3.64822e-05,4.04007e-05
0.0003298608,-0.0001443113,-0.0005497913
0.0001553213,0.0004603698,0.0006812503
0.0002267238,0.0007877527,0.0005427047
0.0003634261,7.7752e-06,-0.0002275355
0.0001345718,2.5488e-05,0.0002637826
0.0002004818,0.0003999017,0.0003461775
9.5514e-05,0.0003229423,0.0001423263
0.0001992613,-0.000136371,0.0005189018
0.0002102463,-0.0002163844,1.7208e-05
-0.0002071839,0.0008421129,-0.0001793192
0.0003377944,0.0006460497,0.0010279195
6.37796e-05,-0.0001516408,-0.0001182859
3.57068e-05,-0.0001125503,-0.0004252834
0.0001669166,0.0006039052,0.0005585734
0.0001180943,0.0007132365,0.0004474928
-4.5716e-06,0.0002789655,-0.000453969
0.0003756316,-0.0002402052,0.000622048
-0.0002334258,0.0002044492,-5.23699e-05
0.0001882763,0.0001494782,0.0002686652
0.0002877516,8.65669e-05,0.0004535961
8.14776e-05,-0.0001009453,8.43447e-05
6.62207e-05,0.0003638652,-5.29803e-05
0.0005513917,0.0004292196,0.0006849123
-4.66807e-05,0.0001323761,-5.84733e-05
0.0002657816,0.0002221621,-0.0001414785
0.0003615952,0.000318056,0.0005597941
0.0001248074,0.0008427237,-0.0001311029
0.0003011777,0.0003204991,0.0003290882
0.0003750214,0.0003235531,0.000158195
0.0001571521,-0.0001064424,0.0003315295
0.0001022271,0.0001897903,6.72553e-05
0.0003683083,0.0002710252,0.0004773991
-4.48499e-05,7.61835e-05,0.0001441573
0.0002993469,-2.03211e-05,0.0002631722
0.0004384903,0.0001873471,0.0002344866
-0.0003243572,0.0001769637,0.0002076319
0.0002273341,0.0003357689,8.6786e-05
0.0005007386,0.0001690235,-3.58909e-05
-0.0003475478,0.0005153408,0.0002759892
0.0003036188,0.0008494424,-4.68769e-05
0.0004470342,0.0002404858,0.0004688545
-0.000323747,-0.0001974499,-0.0001402579
0.0004134689,3.77038e-05,0.0001710119
0.0004470342,0.0005672579,0.000742894
-0.0005739609,0.0003107265,-6.57973e-05
0.0007308134,-3.07045e-05,-8.47176e-05
0.000268833,-2.58182e-05,0.000746556
-0.0002718733,0.0003461523,0.000119744
0.0004702247,0.0003369904,-0.0003184751
0.0001339615,0.0002801871,0.0006708747
0.000139454,0.0004505972,2.51424e-05
0.0004427622,0.0001989521,-0.0001652815
-1.61668e-05,0.0003327149,0.0006653817
0.0002078052,0.0002789655,-9.99759e-05
0.0004702247,0.0002172758,-8.22762e-05
-0.0001406636,0.0004585374,0.0007544903
0.0003493897,0.0003742486,-0.0001353752
0.000246863,-0.0002640259,0.00011242
-3.99677e-05,0.000193455,0.0004127038
0.00048182,0.0002294916,5.44383e-05
-1.79977e-05,0.0004035664,0.0002027493
0.0001132121,6.82433e-05,0.0007001707
0.0004110278,-0.0001705752,-0.0003904944
-9.06208e-05,0.0002844626,0.0003150505
0.0001992613,0.0007150688,0.000746556
0.0002169594,0.0005361077,-0.0003990391
1.31265e-05,0.0001397056,0.0003974455
0.0001968202,0.0001250467,0.0001704016
0.0001559316,6.15246e-05,-9.6466e-06
-0.0001449355,0.0006148994,-3.83323e-05
0.0004641219,0.0005666471,0.0006928467
0.0002194005,0.0002429289,-5.42009e-05
-1.00641e-05,-0.000229211,0.0003351915
0.0001760707,-0.0002353189,0.0003010129
0.0002224519,0.0001995629,-4.87079e-05
0.0001589829,0.0007535485,0.0004621408
0.0003530513,0.0005855816,0.0001697913
0.0002218416,0.0001555861,-7.49523e-05
-3.351e-06,0.000126879,0.0001191336
0.0003365738,1.6937e-05,0.0003718115
0.0001705782,0.000459759,-0.0002977238
0.0002413705,0.000581306,0.0006647713
0.0004342183,0.0004609806,0.0003376329
0.0001577624,-0.0002499778,0.0001423263
5.76768e-05,-9.23942e-05,0.0002839236
0.0005599356,0.000416393,0.0003998868
-2.16593e-05,0.0006875833,6.8476e-05
2.89937e-05,0.0004579267,0.0002387589
0.0006722267,-0.0002585288,0.0003193229
-0.0002230511,-0.0001052208,-0.0003373954
-6.55994e-05,0.0002978999,0.0004700751
0.0005764131,0.000592911,0.0002851442
-5.21732e-05,0.0002972892,3.3687e-05
2.41115e-05,0.0001714666,7.58e-05
0.0005208778,-2.15427e-05,0.0003730322
-0.0003152031,0.0002704144,-0.0002653761
0.0002297752,0.0005330537,0.0003199332
0.0006954173,0.0004261656,0.0004047695
-0.0004043037,0.0002551447,-0.0003184751
0.000231606,0.000283241,7.0307e-05
0.0005825159,-4.71958e-05,0.0007251943
-0.0001797213,0.000294846,-0.0001878639
0.0004549678,0.0005440479,-2.97876e-05
0.0001962099,0.0003388228,0.0008173546
-0.0001052674,0.0001189388,-0.0001390372
0.0006356101,-0.0003696924,-8.89899e-05
2.41115e-05,0.0002783547,0.000741063
0.0001376232,0.0005635932,0.0002204489
0.0005953317,0.0002966784,4.71143e-05
-0.0002364772,0.0001079446,0.0006159447
0.000356713,0.0002539231,-7.80039e-05
0.000301788,0.0004964064,6.42037e-05
-0.0001443252,0.0003626436,0.0008320026
0.0004012633,0.0002722468,-0.0003917151
0.0004201819,-2.76506e-05,0.0003608255
-0.0005007276,0.000318056,0.0001881013
0.0005971625,0.0002643065,0.0001441573
0.0002059743,0.0001171064,4.77247e-05
-0.0002431903,0.0002404858,0.0003931732
0.0004781583,-8.7161e-06,-1.102e-06
0.0002230621,-9.05619e-05,0.0005677284
-0.0002547855,0.000170245,-4.26046e-05
0.0004220128,0.000569701,-8.77692e-05
0.000290803,0.0005965758,0.0010047268
6.37796e-05,0.0002319347,-0.0002592728
0.0004201819,-0.0002860143,0.0001093683
-7.71946e-05,0.0005128977,0.0002119043
0.0003426766,0.0005519882,0.0004755681
0.0001925482,0.0005629824,-0.0002690381
0.0001583727,0.0001281006,0.0007770726
0.0003139936,-4.53635e-05,-1.102e-06
0.0001724091,-0.0001870665,1.3546e-05
-1.4336e-05,0.000503125,0.0003760838
0.0005812953,0.0006552115,0.0004267415
1.31265e-05,0.0003119481,2.88044e-05
5.27946e-05,0.0001946766,3.3687e-05
0.0005074517,-0.0002340973,0.0004310138
-0.0001467663,-1.29917e-05,0.000139885
2.65526e-05,0.0005434371,0.000132561
0.0006935865,0.0004261656,0.0005280568
-0.0001101497,0.0003449307,0.0002137353
0.0002224519,2.91528e-05,7.88517e-05
0.0003585438,-6.85735e-05,0.0002997922
-0.0001150319,0.0002520908,0.0004499341
0.0002364882,0.0006283368,-9.20416e-05
0.0002663919,0.0003455415,0.0004340655
-0.000187655,0.0003095049,-0.0001182859
0.0007033509,0.0001891795,0.0001819979
-1.18949e-05,0.0003547033,0.0001502606
-0.0002920125,0.0004267764,5.62693e-05
0.0007436293,0.0002203297,0.0002619516
