0.0004915845,0.0003162236,1.9497e-06
0.0005220984,0.0003711946,0.0011554791
5.40151e-05,0.0004640345,-0.0002568315
0.0006447642,0.0002588094,6.60347e-05
0.0002877516,0.0003259962,0.0009491865
0.000312773,0.0005550421,-0.0001121826
0.0006411026,0.0005238919,-0.0001158446
0.0002163491,0.0006466605,0.0008509229
0.0004360492,0.0010100799,-0.0003532641
0.0007485115,0.0003443199,0.0002595102
-8.14666e-05,0.0002789655,0.0003773045
0.0005129442,0.0008244001,-0.0003563158
0.0007967235,0.0007114041,0.0005939727
3.9723e-06,0.000236821,0.000709936
0.0004275053,0.0002814086,-0.0008213895
0.0005812953,0.0002160542,0.0007349596
-7.3533e-05,0.0005831384,0.0004310138
0.0006978584,0.0007156796,-0.0005644393
0.0005483403,0.0004255548,0.0007294666
-0.0001101497,0.0005422155,8.37343e-05
0.0006526978,0.0005281674,-0.0003868324
0.0003591541,0.0004011233,0.000755711
0.0001455568,0.0003485954,0.0002570689
0.0004238436,0.0009990857,-0.0006346276
0.0003780727,0.0007114041,0.0014466079
0.0002187902,-2.27643e-05,8.8617e-05
0.0004891433,-2.9483e-05,-0.0005882423
0.0001699679,0.0006637626,0.0011396104
0.000154711,0.0007865311,0.0001881013
0.0006270662,0.0003736378,-0.0004551897
0.0002773769,0.0001592508,0.0009809238
0.0001669166,0.0005165624,-6.33559e-05
0.0005568842,0.0005483234,-0.0004600724
0.0002566274,0.0005819168,0.0012921937
0.0005446786,0.0004805259,-0.0003245784
0.0005873981,0.0002801871,-0.0002122772
0.0002218416,0.0007388896,0.0012024747
0.0007814665,0.0002539231,6.8324e-06
0.0004622911,0.0002465937,-0.000551012
8.51393e-05,0.0012354611,0.0011487654
0.0010286291,0.0008567719,0.0004218588
0.0001589829,-5.45253e-05,-0.0004405417
0.000180953,0.0003290502,0.0004438308
0.0008437149,0.0009874807,0.0002021389
0.0001132121,0.0008848682,0.0004554271
0.0004964667,0.0002636958,0.0001960356
0.0006276764,1.57154e-05,-0.0001652815
-0.000205353,0.0006930804,0.0001331713
0.0004891433,0.0006521576,0.0007441146
0.0006813809,0.0001421487,2.94147e-05
-9.85544e-05,0.0001696343,4.1011e-05
0.0004030941,0.000729117,0.0003187125
0.0005050106,0.0005849708,0.000609231
0.0001717988,0.0001073338,0.0001746739
0.0005819056,0.0003204991,0.0001057063
0.0002773769,0.0008317295,0.0005127984
7.634e-06,0.0009612168,7.33587e-05
0.0010231366,8.53454e-05,0.0006891847
0.0003670877,4.62549e-05,8.25137e-05
0.0001223663,0.00087082,-0.0002476765
0.0007814665,0.0009398392,0.0008051479
0.0007088434,7.4962e-05,0.0008338336
0.0003213169,-0.000124766,-0.0005424673
0.0005404067,0.0006649841,0.0002961302
0.0004140791,0.0010290144,0.0010993284
0.0005623767,0.0004676993,-0.0001048586
0.0008675157,1.32723e-05,0.0001667396
6.80515e-05,0.0004591482,0.0005366014
0.0004018736,0.0012989831,6.8476e-05
0.0008723979,0.0004676993,0.0004853334
0.0001516596,0.0002307132,0.0003486188
0.0004305567,0.0007590456,-0.0002855171
0.0006221839,0.0009270126,0.0004865541
-3.26443e-05,0.0002001737,0.0008564159
0.0005971625,0.000239875,-0.0010270717
0.0006447642,0.0003907399,0.0008857119
-0.0004268839,0.0011029198,0.000633034
0.001070128,0.0003247747,-5.29803e-05
0.0004836508,-0.0003092243,0.0004474928
-0.0003713486,0.0004676993,0.0004572581
0.0009901816,0.0011432319,-0.0001042482
0.0004146894,0.0004731964,0.0013221
1.25162e-05,2.5488e-05,-2.24636e-05
0.0010225263,0.0006368878,-0.0008854745
0.0001003963,0.0010858178,0.0018836063
0.000356713,0.000960606,-3.83323e-05
0.0012306311,-0.0001437005,-0.0004789927
-0.0001235758,0.0002075032,0.0009845858
0.0003365738,0.0008934192,-0.0001292719
0.00116228,0.0006765891,0.0001044856
0.0001278588,0.0002307132,0.0013599406
0.000764989,4.56441e-05,-0.0006779613
0.0005526123,0.0006521576,-4.13839e-05
0.0001541007,0.0008066872,0.0019238883
0.0009291538,0.0002325455,-0.0007420462
0.0004732761,0.0003400444,-5.90836e-05
1.19059e-05,0.0012788271,0.001355058
0.0009438005,0.0006771999,-8.65486e-05
0.0002706638,-1.72672e-05,-8.53279e-05
0.0001791221,0.0005825276,0.000664161
0.0007765843,0.0009190724,-0.0001176756
4.54712e-05,0.0009129645,0.0004554271
0.0006221839,0.0001714666,0.0009436935
0.0005562739,-0.0003055596,-0.0007090882
-5.03424e-05,0.0005703118,0.0005347704
0.0005892289,0.0011304053,0.0010541638
0.0007094537,0.0003235531,-0.0001945775
-4.7291e-05,0.0001995629,4.391e-06
0.0007717021,0.0004457109,0.0009357592
0.0004805994,0.0006863617,-1.81913e-05
0.0003292505,0.0005770305,0.0003681495
0.0008498176,0.0007309493,0.0006025174
0.0005458992,0.0005745874,0.0001661293
0.000242591,0.0005330537,0.0004291828
0.0008394429,0.0001836824,0.0007068843
0.0005184367,0.000361422,-0.0002440145
0.00045985,0.0009416715,0.0004029385
0.0008455457,0.0009160184,0.0008771672
0.0006453745,0.0003919614,0.000134392
0.0002767666,-5.6622e-06,5.81003e-05
0.0006887042,0.0002838518,0.0005146294
0.0006166914,0.0010876501,0.0004139245
0.0004561883,0.0007730938,0.0007178703
0.0005581048,0.0001109985,0.0002759892
0.0004287258,0.00020506,-0.0001060792
0.0002456424,0.0007877527,0.0005481977
0.0006826015,0.00087082,0.0007404526
0.0004079764,0.0008372266,-0.0002501178
0.0003115524,0.0003577573,0.0004499341
0.0004690042,0.0004273872,0.0002180076
0.000382955,0.0002905705,0.0004438308
0.0002456424,0.0002362103,0.0003681495
0.0006832117,0.0002142218,0.0003766942
0.0002114669,0.0007675967,0.0001771153
0.000422623,0.0003821888,0.0009638345
0.0008394429,-1.84888e-05,0.0001612466
0.0002059743,0.0003901291,-0.0001567369
0.0004165203,0.0013655591,0.0007795139
0.0009663807,0.0011597232,0.0003858492
5.09637e-05,0.0004652561,-0.0002122772
0.0007521732,0.0001769637,0.0003736425
0.0007832973,0.0002557555,0.0004798404
0.0001089401,0.0007352249,0.0001575846
0.0008272374,0.0003290502,0.0007874483
0.0007607171,0.0001867363,0.0002967405
-2.7407e-06,0.0003485954,0.0002100733
0.0008736185,0.0005428263,0.0007514386
0.000602655,0.0001281006,0.0004035488
0.0001229765,0.0005464911,-0.0004326074
0.0008400532,0.0010448949,0.0008167443
0.0003432869,0.0012055324,0.0005738317
0.0004275053,0.000326607,-2.73463e-05
0.0005788542,0.0003241639,-1.63603e-05
0.0003774625,0.0006100131,0.0008527539
0.0001650857,0.0008408914,-0.0001744365
0.0007698712,0.000381578,0.0006074
0.0001406746,0.000236821,0.0002216696
0.0004061455,0.0002795763,-7.55626e-05
0.000677109,0.0002343779,0.0008405472
0.0002682227,0.000303397,0.0003644875
0.0004085866,0.0002826302,-0.0001951879
0.0006002139,0.0006607086,0.0007416733
0.0005178264,0.0005312213,0.0007679176
0.0004458136,0.0004560943,-0.000479603
0.0005233189,0.0004762503,0.0009552899
0.0005953317,0.0008805926,0.0001374436
0.0004677836,0.0007120149,-2.18533e-05
0.0003951605,0.0007663751,0.0005884797
0.0006221839,0.0006100131,0.0002784306
0.0005391861,0.0003681407,-1.0257e-05
0.0005214881,0.0003455415,0.0007221426
0.0005715309,0.000471364,0.0002765996
0.0003463383,0.0003999017,0.0001704016
0.0005605459,0.0001000043,0.0006208274
0.0005977728,0.0001928442,2.20907e-05
0.0001846146,0.0004805259,0.0001667396
0.0005861775,0.0008140166,0.0005774937
0.0005196572,0.000381578,0.0001008237
0.0001888866,0.0005935218,-0.0001414785
0.0005465095,0.0005593176,0.000741063
0.0004018736,0.000572755,0.0001777256
0.0003310813,0.0003186668,0.0003467879
0.0008565307,0.0005489342,0.0005622354
0.0002047538,0.0005220595,0.0004175865
6.86618e-05,0.0008054656,-7.98349e-05
0.0009431902,0.0001958982,0.0008503126
7.17132e-05,0.0002978999,-0.0003965977
0.0002932441,0.0007908067,0.0001411056
0.000606927,0.000772483,0.0007679176
0.0003493897,0.0001000043,0.0002393692
0.0004482547,0.0001775745,-0.0003721844
0.0005623767,0.0005684795,0.0010224265
0.0001522699,0.0006753675,0.0002936889
0.0008113701,0.0001256574,-3.83323e-05
0.0003207066,0.0002239945,0.0004578685
0.0002615096,0.0006790323,0.000158195
0.0006813809,0.0006796431,0.0002656136
0.0002877516,0.0006026837,0.0001948149
0.0004812097,0.0007230091,0.0001282886
0.0008034365,0.0005422155,0.0002271626
3.93685e-05,0.0005464911,0.0005237844
0.0005233189,0.00058436,-0.0001628402
0.0008961988,5.96922e-05,0.000711767
-8.08563e-05,0.0004725856,0.0002247213
0.0006313381,0.0007052962,7.09173e-05
0.0005922803,6.3357e-05,0.0008307819
3.32657e-05,0.000150089,5.62693e-05
0.000885824,0.0004072312,-9.08209e-05
7.96468e-05,0.0005324429,0.0007642556
9.5514e-05,0.0008463885,0.000145378
0.0010200852,0.0004108959,-5.90836e-05
-0.0001040469,0.0001525322,0.0006580577
0.0002895824,0.0006002405,-9.50932e-05
0.0008540896,0.0007443867,0.0001844393
-0.0001058777,0.0005104545,0.0006891847
0.000411638,0.0004884661,-0.0004258937
0.0007112845,0.0004377706,-6.15249e-05
-0.0004000317,0.0004200577,0.0009351489
0.0006996893,0.0003302718,-0.000508899
0.000628897,-8.38432e-05,0.0004871644
-0.0002914022,0.0005257242,0.0004639718
0.000901081,0.0006503252,5.26073e-05
0.0005434581,0.0003705838,0.00075388
-2.5321e-05,0.0001146632,0.0003284779
0.0008229654,0.0003131697,-0.0006327966
0.000187666,0.0009917562,0.0009925202
0.0002816488,0.0008873113,0.0004426101
0.000988961,0.0001977305,-0.0006974919
0.0001150429,0.0002655281,0.0007642556
2.65526e-05,0.0010571107,8.4955e-05
0.0009724835,0.0003675299,0.0003321399
3.81479e-05,-8.56756e-05,0.0002692756
0.0001211457,0.00053794,2.2701e-05
0.0006941967,0.000792639,0.0001136406
-8.4518e-05,6.0303e-05,0.0009028012
0.0002560171,0.0001910119,-0.0006797923
0.0007637684,0.0004145606,0.0001832186
-0.000356702,0.0005758089,0.0008777776
0.0004647322,0.000682697,-0.0005156127
0.0010274085,-0.0001540839,0.0004578685
-0.0005959309,0.0002429289,0.0003480085
0.0008113701,0.0009935886,-0.0002476765
0.0007192181,0.0008641013,0.0005500287
-0.0003408347,0.0003394336,0.0008478712
0.0008260168,0.000549545,-0.0012992803
0.0005544431,0.0006344447,0.0009546795
-0.0006172907,0.000726063,0.0006629403
0.0012928795,0.0002209405,-0.0008342065
0.0001882763,0.0003351581,0.0006910157
-0.000407355,0.0005019035,0.0008680122
0.0013569587,0.0002551447,-0.0005973973
-4.0578e-05,1.87694e-05,0.0008667916
-0.0002706528,0.0004585374,0.0004712958
0.0013770978,0.0004884661,-0.0005442983
-0.00024258,0.0007602672,0.0008863222
-0.0001473766,0.0007120149,0.0001020443
0.0012989822,0.000352871,-0.0005809183
-0.0002468519,0.0003821888,0.000711767
-9.85544e-05,0.0009673247,-0.0001896949
0.0011964555,0.0008164598,7.82413e-05
-0.000429325,0.0003882967,0.0005933624
9.42935e-05,0.0001329869,-0.0003142028
0.0010603635,0.0001806285,0.0002161766
-0.0004604492,0.0003834104,0.0006556163
-9.79441e-05,0.0006539899,-0.0005351433
0.00111834,0.0004182254,0.0005384324
-0.000275535,0.000384632,0.0004273518
-8.0246e-05,0.0003748594,-0.0005479603
0.0008406635,0.000373027,0.0007325183
-3.351e-06,0.0002606418,0.0005237844
0.0001315204,0.0005281674,-0.0005961766
0.0008626335,0.0010870393,0.0008741156
-0.0002193894,0.0006668165,0.0005091364
0.0003780727,3.28175e-05,-0.0007927039
0.0006307278,3.22067e-05,0.0006867433
-0.0002816378,0.0009673247,0.0002241109
0.0001290793,0.001137124,-0.0006334069
0.000738747,0.000352871,0.0009717688
0.0001351821,-9.05619e-05,0.0001203543
0.0001022271,-5.14714e-05,-0.0006816233
0.000345728,0.0006039052,0.0010773565
0.0001461671,0.0004689209,0.0003107782
0.0004281155,0.0003290502,-0.0007524219
0.0002621199,0.0003339365,0.0010804081
-7.0127e-06,0.0007596564,-0.0003062685
0.0004519164,0.0004676993,-0.0003148131
0.0004409314,0.0003137805,0.0009229422
0.0002700535,0.0005513774,-0.0002507282
-2.7407e-06,0.0010259604,-0.0005571153
0.0002840899,0.0006350555,0.0015631815
0.0007302032,-0.000324494,-2.30739e-05
3.20451e-05,-9.9377e-06,-0.0008335962
-7.78049e-05,0.0009825944,0.0012989073
0.0003988222,0.0011798793,0.000108758
0.0005416272,-0.0002011147,-3.10083e-05
-9.00105e-05,-0.000107664,-6.45766e-05
0.000279818,0.0007132365,0.0002924682
0.0002059743,0.0010607754,-7.2053e-06
0.0003072805,-0.0001699644,0.000759373
0.0002895824,0.000150089,-0.0007939245
0.0001736296,0.0006863617,0.0003876802
0.0001113813,0.0009587736,0.0005720007
0.0005941112,9.45072e-05,-0.0001182859
0.000497077,7.37404e-05,-6.39663e-05
-6.68199e-05,0.0010913149,0.000132561
0.000290803,0.001229964,0.0005219534
0.0007234901,-0.0002224923,0.0006074
0.0001315204,-0.0005242221,-0.000605942
2.7518e-06,0.0010913149,-2.12429e-05
0.0004409314,0.0014290812,0.0016931824
0.0006862631,-0.0002017255,-0.0001878639
-0.0001095394,-0.00048391,-0.001148528
0.0001168738,0.0012782163,0.0009034115
0.0003438972,0.0013350197,0.0005286671
0.0001949893,4.68657e-05,-0.0006437826
0.0001931585,-0.0003012841,0.0002033596
6.6831e-05,0.0007816448,2.56e-06
-3.02032e-05,0.0009435039,0.0002930785
0.0006862631,-0.0001204905,0.0008948669
0.0003506102,-0.0003916808,-0.0003984287
-0.000227323,0.0007785909,-0.0001475819
0.0004146894,0.0009428931,0.0013672646
0.0004677836,-9.54482e-05,-0.0001127929
0.0001797324,-0.0001950068,-0.0006633133
9.06318e-05,0.0011865979,0.000638527
0.0003481691,0.0016245336,0.0005402634
0.0004744967,0.000315002,2.39217e-05
0.0004262847,-0.0005083415,0.0002106836
-9.099e-07,0.0006674273,-0.0004112457
0.0002303855,0.0015268074,0.0005115778
0.0004940256,0.0003870751,0.0009839755
0.0005068414,-0.0002780741,-0.0007237362
9.4648e-06,0.0001232143,-1.3919e-05
0.0001351821,0.0006216181,0.0010669808
0.0005471198,0.0002209405,-0.0001249996
9.12421e-05,5.54167e-05,-0.0002800241
8.75804e-05,0.0006814754,0.000618386
0.0005550534,0.0008702092,5.6117e-06
5.27946e-05,0.0004127283,0.000139885
0.0002499144,0.0002007845,0.0002753789
0.0003695289,0.0006552115,-0.0005424673
-7.17021e-05,0.0013447923,0.0003052852
0.0004848714,0.0007578241,0.0006818607
0.0002267238,-0.0001901205,-0.0004326074
-0.0001058777,-0.0001650781,1.3546e-05
0.0005660384,0.0004304412,0.0006702643
2.41115e-05,0.0008946408,8.1293e-05
0.0001779016,0.0003308825,0.0003583842
0.0006850426,-0.000428939,0.0002827029
-6.31582e-05,0.0003003431,-0.0004045321
0.0002120771,0.0009599952,0.0007129877
0.0005873981,0.0007798125,0.0004865541
0.0002004818,0.0002759115,-0.0006431723
7.59851e-05,0.0006069592,-4.13839e-05
0.0004989078,0.0009667139,0.0009046322
0.0002749358,0.0002704144,-7.2053e-06
0.0001901071,0.0001177172,-0.0003746258
0.0004244539,0.0006020729,0.000704443
0.0003847858,0.0010998659,0.0003296985
0.0001473877,0.0002978999,0.000136223
0.0002108566,-0.0003886269,4.391e-06
0.0005019592,0.0001366516,-4.50459e-05
6.13385e-05,0.0010717696,0.0003950042
0.0002651713,0.0008225677,0.00073557
0.0004830406,-0.000162635,-0.0004515277
9.91757e-05,0.0001232143,-0.0002476765
0.0001742399,0.0011548369,0.0008716742
0.0004311669,0.0007052962,0.0003284779
6.4134e-06,5.05304e-05,-0.0003581468
0.0003518308,0.0004560943,0.0001557536
0.000323758,0.000873874,0.0005536907
3.3621e-06,0.0005825276,5.81003e-05
0.0004751069,0.0001787961,0.000141716
0.0004055353,0.0001751314,0.0002491346
-0.0001009955,0.0004939632,0.0002833132
0.0005159956,0.0004255548,0.0005060848
0.0002059743,2.5488e-05,-7.92246e-05
0.0001193149,0.0002392642,3.30767e-05
0.0006758884,0.0010161878,0.0004401688
0.0002499144,0.0003540925,0.000611062
5.64562e-05,0.0003418767,-0.0004637344
0.0007582759,0.0002991215,0.0003809665
0.0001663063,0.0011279622,0.0003101679
0.0003365738,0.000671092,0.0003644875
0.0004037044,0.0005037358,3.67387e-05
0.0002255032,2.73204e-05,0.0005463667
0.0002200107,0.0002172758,-0.0001237789
0.0005965523,7.80159e-05,0.0009266042
2.77732e-05,0.0006148994,-2.55153e-05
0.0003078908,0.0006039052,0.0001856599
0.0005208778,0.0003852428,0.000612893
0.000339015,0.0001122201,0.0003083369
-0.0001186935,0.0004823582,-0.0003837808
0.0004214025,0.0009398392,0.0005427047
0.0004757172,0.0008720416,0.0002534069
0.000198651,0.0005287782,-0.0001707745
0.0002962955,0.0003595896,0.0004682441
0.0001754604,0.0005348861,0.0001331713
0.0002200107,0.0001604724,0.0002857546
0.0004787686,0.0001684127,0.0002265522
-4.5716e-06,0.0004041772,0.0002027493
0.0001931585,0.0006997991,0.0002332659
0.0006337792,5.05304e-05,0.0004511548
0.0002114669,-9.05619e-05,-4.32149e-05
4.0589e-05,0.0007242307,5.6117e-06
0.0005336936,0.0007834772,0.0007312976
0.0002724947,0.0002215513,9.0448e-05
0.0004275053,0.0003009539,-0.0001799295
0.0004757172,0.0010174094,0.000704443
8.39187e-05,0.0009581629,0.000627541
0.0005184367,0.0006845294,-0.0004326074
0.0008290682,1.0565e-06,0.0009046322
-0.0002468519,0.0004414354,-0.0001390372
0.000497077,0.0008176814,-0.0001231686
0.0006234045,0.0004560943,0.0009497969
-9.61133e-05,0.00022827,7.3969e-05
0.0007588862,8.71777e-05,-0.0001286616
0.0001559316,0.0001256574,0.0007587626
-0.0001418841,0.0006301692,8.92273e-05
0.0010335113,0.0005324429,5.07763e-05
3.63171e-05,0.0006967452,0.000744725
-7.23124e-05,0.0007682075,-0.0001152342
0.0009920124,0.0002807978,0.0002479139
-0.0001449355,0.0002698036,0.0004066005
4.97432e-05,0.0008195137,-0.0002183805
0.0010139824,0.0008677661,0.0007477766
-5.33938e-05,0.0004689209,0.0005048641
0.0002023127,0.0004615914,-0.0004283351
0.0008772801,0.0001574185,0.0009717688
2.41115e-05,0.0002465937,0.0005524701
0.0001925482,0.0006845294,-0.0007542529
0.0007411882,0.0008433345,0.0010193748
0.0001302999,0.000326607,0.00069895
0.0003762419,-7.65137e-05,-0.0008519062
0.0007332545,0.0001696343,0.0009797032
-7.04816e-05,0.0008879221,0.0005121881
0.0005727514,0.000685751,-0.0002952825
0.000721049,0.0001274898,0.0009235525
0.0001376232,0.0003840212,0.0003657082
0.0003152141,0.0012110295,-0.0007792765
0.0006301176,0.0007785909,0.0014374529
0.0001894968,0.0003522602,-4.44356e-05
0.0006356101,0.0002765223,-0.0007042056
0.0001254177,0.0006332231,0.0011054318
0.0001364027,0.0005135085,0.0004676338
0.0007417984,2.12125e-05,-0.000615097
0.0003133833,0.0003174452,0.0011322864
1.61779e-05,0.0007620996,0.0003724218
0.0007527834,0.0005202271,-0.0004930304
7.23235e-05,5.72491e-05,0.0008777776
0.0001931585,0.0006271152,-0.0001054689
0.0008620232,0.0011737714,9.0448e-05
-2.65416e-05,0.0006643733,0.0011341174
0.0002560171,7.06864e-05,-0.0003380058
0.0008772801,0.0001061122,-0.0002684278
-0.0001357813,0.0010540567,0.001331255
0.0005019592,0.0009471686,0.000106927
0.0009047427,0.000239875,-0.0002464558
-9.30619e-05,-2.39859e-05,0.0011646341
0.0003268094,0.0005135085,-0.0005314813
0.0009291538,0.0003021755,0.0004816714
-0.0003512095,0.0007022423,0.0008002653
0.000966991,0.000526335,-0.0001060792
0.0006081476,0.0001580293,0.0003889008
-0.0002761453,0.0003430983,0.0009143975
0.0010322908,0.0004951848,-0.0002812448
0.000508062,0.0004988495,0.0005951934
-0.0001693466,0.0011377348,0.0003382432
0.0012593142,0.0008989163,-6.33559e-05
0.0001510493,0.0001329869,0.0008838809
9.18524e-05,0.0001812392,-0.0002037325
0.0007942823,0.0005819168,-0.0002189908
9.06318e-05,0.0008909761,0.0012152917
0.0002694433,0.0003015647,0.0001154716
0.0007454601,2.30449e-05,-0.0001915259
-4.79013e-05,0.0001012259,0.0011969817
0.00054773,0.0004725856,-2.24636e-05
0.00054773,0.0005715334,0.0003370225
3.3876e-05,0.0009416715,0.0008075893
0.0004989078,0.0005354969,-0.0001976292
0.0003115524,0.0003467631,5.99313e-05
0.0003518308,0.0005208379,0.0009369799
0.0002432013,0.0005373292,-0.000503406
0.0005068414,0.0006582655,0.0004468825
0.0004769378,0.000459759,0.0008020963
0.0003603747,0.0002447613,-0.0003666914
0.0002761563,-2.03211e-05,0.0006720953
0.0006386615,0.0003467631,0.0006373064
0.000497077,0.0004041772,0.0002698859
0.0001492185,0.0006484928,4.1011e-05
0.0006282867,0.0003137805,0.0009418625
0.0002956852,0.000349817,-0.0003685224
0.0004439828,0.0007101825,0.0003754735
0.0005684795,0.0007773693,0.0008356646
0.0003963811,0.0007804233,-0.0001951879
0.0004458136,0.0005892463,0.0001429366
0.0003103319,0.0002997323,0.0008057583
0.0003835652,0.0002594202,-7.73936e-05
0.0003536616,0.0004328843,-4.74873e-05
9.06318e-05,0.0004438785,0.0008966979
0.0006411026,0.0004866337,-4.99286e-05
0.0003133833,0.0001519214,0.0001588053
-0.0001717877,0.0003186668,0.0004499341
0.0006148606,0.0003675299,0.0001008237
0.0004244539,0.0002826302,0.0004395585
-9.79441e-05,0.0005324429,0.0001899323
0.0007173873,0.0008146274,0.0001063166
0.0003622055,0.0004799151,0.0007258046
0.0001772913,0.0004579267,-0.0001121826
0.0007363059,0.000494574,0.0002527966
-2.47107e-05,0.0006472712,0.000592752
0.0004616808,0.0004389922,5.13867e-05
0.0006313381,0.0001714666,0.0001826083
0.0001461671,0.0001403164,0.0007972136
0.0006130298,0.0008182922,-0.0003807291
0.0005697,0.0004292196,0.0010028958
0.0001614241,0.0001549753,0.0004877748
0.0007655993,0.000129933,-0.0006144866
-8.08563e-05,0.000862269,0.000636696
0.0004567986,0.0007425543,0.0009388109
0.0010652458,2.42665e-05,-0.000571153
-0.0003530403,0.0003479846,0.0001984769
0.0004537472,0.000925791,0.0008191856
0.0010396141,0.0004371598,1.84287e-05
-0.0003597534,0.0001397056,2.94147e-05
0.0005922803,0.0007388896,0.0002100733
0.0007155565,0.0007040746,0.0005536907
-0.0003438861,0.0003186668,0.00014904
0.0008888754,-5.08606e-05,0.0001038753
0.0003377944,0.000503125,0.0001557536
-0.0001528691,0.0008628798,0.0007239736
0.0008119804,0.0004475432,0.000163688
0.0003634261,-0.0001174366,0.0002582896
-3.69163e-05,0.0003137805,0.0002277729
0.0006679548,0.0007657643,0.0005054744
0.0003066702,0.0006521576,0.0004474928
0.0002023127,0.0002807978,9.7772e-05
0.0006996893,0.0005257242,0.0002393692
0.0002633405,0.0005501558,0.0004438308
0.000139454,0.0004157822,0.000110589
0.0007344751,0.0004670885,9.71617e-05
0.000323758,0.0006417741,0.0003156609
0.0001296896,0.0005941326,0.000143547
0.000644154,8.386e-06,0.0003870698
0.0005074517,0.0001226035,0.0003229849
7.04926e-05,0.0003314933,0.0001386643
0.0006679548,0.0008329511,0.0003351915
0.0005391861,0.0006112347,0.0005140191
3.9723e-06,0.0001378732,0.0001551433
0.0006392717,-0.0001259876,0.0001411056
0.000253576,0.000506179,-0.0001347649
-0.0001235758,0.001003972,0.0004889954
0.0007814665,0.0008659337,0.0004243001
0.0004982975,-7.16274e-05,0.0002784306
-0.0004811987,0.000294846,-0.000521716
0.0007680404,0.0006344447,0.0008039273
0.0003085011,0.0005806952,0.0005469771
4.66918e-05,0.0001293222,-9.26519e-05
0.0004940256,0.0004573159,-0.0002086152
0.0001748502,0.0006845294,0.0009925202
4.79123e-05,0.0002197189,-5.96939e-05
0.0008077085,-8.99511e-05,7.7631e-05
-0.0001473766,0.0004487648,0.000665992
0.0002987366,0.0010241281,-9.20416e-05
0.0006435437,0.0002960676,0.0005378221
8.39187e-05,-7.4946e-06,0.0004017178
0.000716777,2.42665e-05,-2.97876e-05
0.0002822591,0.0010009181,-0.0001347649
9.06318e-05,0.0011340701,0.0013068417
0.0008479868,0.0002191082,-0.0004179594
0.0004024839,-0.0002683015,0.0002381486
-0.0001595822,0.0010369546,0.0001789463
0.000896809,0.0011426211,0.0005750524
0.0003225374,-4.47527e-05,0.0003821872
0.0001492185,0.000170245,-0.0003990391
0.0007112845,0.0007016315,0.0005433151
-0.0001315094,0.0005831384,0.0006501234
0.0004897536,-0.0002469238,0.000139885
0.0005690898,-7.89569e-05,-0.0002232632
-0.0002456314,0.0006936912,0.0009137872
0.00037197,0.0009893131,-3.83323e-05
0.0005623767,5.41951e-05,0.0004017178
-0.0001247963,2.60988e-05,1.29357e-05
0.0003042291,0.0007657643,-0.0001140136
0.0005678692,0.0010693264,0.0007306873
-0.0003091003,0.0004139499,0.0001295093
0.00059167,6.39678e-05,-0.0002751415
0.0005526123,0.0003015647,0.0005933624
-0.0002480725,0.0007846988,0.0003614358
0.0005928906,0.0004817474,7.2138e-05
0.0004757172,-0.0002279894,0.0005030331
-5.09527e-05,0.0005660363,-0.0002446248
0.0006978584,0.000702853,0.0004871644
0.0003811241,0.0005257242,0.0005811557
0.0001705782,0.0003046186,-0.0002696485
0.0006777192,0.0003449307,0.0001569743
0.0001278588,0.0007401112,0.0007660866
0.0001528802,0.0006784215,-0.0001915259
0.0006044859,0.0003760809,0.0003119989
0.0001119915,0.0001378732,0.0005854281
0.0002877516,0.0005587068,-0.0005119507
0.0003957708,0.0005446587,0.00071726
-8.87899e-05,0.0004909093,0.0003791355
0.0005690898,1.99909e-05,-0.0004283351
0.0002822591,0.0002142218,0.0004395585
5.76768e-05,0.000818903,0.0005060848
0.0002291649,0.0006374986,-0.0004954717
0.0002413705,7.98483e-05,0.0006849123
0.0003078908,4.80872e-05,0.0003022335
0.0001785118,0.000436549,-0.0004991337
-7.96358e-05,0.0007486622,0.0008930359
0.0003768522,0.0006900265,-4.56563e-05
0.0005044003,0.0001977305,4.52833e-05
1.55676e-05,0.0003644759,0.0004938781
0.0001479979,0.0006533791,-0.0002556108
0.0002773769,0.0005110653,0.0001966459
0.0002969058,0.0001207711,0.0008832706
0.0005019592,0.0003339365,-0.0004948614
-1.25052e-05,0.0008030224,0.0002918579
0.0001864455,0.0005403832,0.0010736945
0.0007411882,-3.19261e-05,-0.0006584306
0.0001955996,2.42665e-05,0.0003205435
-8.08563e-05,0.0014229733,0.0003583842
0.000514775,0.0007908067,-0.0001005862
3.26554e-05,-3.43693e-05,0.0002015286
0.0004409314,-0.0003812974,0.0004468825
0.0002914133,0.0006387202,-0.000490589
-0.0002993358,0.0009062458,0.0009308765
0.0006929762,0.0004371598,0.0002808719
0.0005544431,-0.0003251048,-0.0002147185
-0.0004811987,0.000436549,0.0001893219
0.0003872269,0.0008653229,0.0002869752
0.0002785974,0.0005080114,-3.71116e-05
-9.42824e-05,0.0003870751,7.88517e-05
0.0006148606,0.0005238919,0.0002906372
-1.12846e-05,0.0007120149,3.49077e-05
-6.49891e-05,0.0001928442,0.0005060848
0.0005703103,-3.31477e-05,-2.18533e-05
0.0002053641,0.0004854122,0.0003388535
-0.0002785864,0.000980762,0.0002717169
0.0003921091,0.0005739766,0.0001948149
0.000382955,-0.0004338253,0.000160026
-0.0001980297,-7.759e-07,-0.0001420889
0.0004421519,0.0008121843,0.0003004025
0.0001364027,0.0010693264,0.0003620462
0.0003658672,0.0002924028,0.0004841128
0.0004409314,-0.0002683015,-0.0002812448
0.0002187902,0.0003992909,0.0004645821
6.56104e-05,0.0009001379,0.0003010129
0.0005605459,0.0008860897,-1.81913e-05
0.0001901071,0.0005721442,0.0002601206
0.0001748502,0.0002130003,0.000138054
0.0003463383,0.0003217207,-0.0001298822
-0.0001339505,0.0005000711,0.0003052852
0.0004195716,7.61835e-05,0.0005262258
0.0004329978,0.0003583681,-0.0003831704
-5.76657e-05,0.0007193444,0.0007636453
0.0002236724,0.0002643065,0.0003461775
0.0004140791,-0.0002603612,-0.0003080995
-9.30619e-05,0.0005953542,1.9497e-06
0.0003158244,0.0009642707,0.0007709693
0.0002132977,0.0009318989,-0.0003502124
-6.86508e-05,0.0001891795,0.0001166923
0.0003506102,6.51893e-05,7.7631e-05
0.0002993469,0.0004115067,0.0001264576
-0.0002077941,0.0008860897,0.0001679603
0.0003921091,0.0004548727,0.0001557536
0.0001388438,1.6673e-06,2.56e-06
0.0001827838,0.0002349887,0.0003138299
0.0003799036,0.000326607,0.0002936889
-0.0001327299,0.0005122869,-3.34496e-05
0.0003445075,0.0003669191,0.0004212485
0.0006722267,0.0001592508,0.0002680549
-0.0002023016,0.0002301024,0.0002125146
0.0003805139,0.0005599284,0.00011242
0.0005092825,0.0005855816,0.0005530804
-2.5321e-05,0.0006881941,0.0001429366
0.0005837364,0.0005819168,-1.63603e-05
0.0001498288,0.0008726524,0.0002082423
-0.0001424944,0.0005403832,0.0001258473
0.0007216593,0.0001146632,-6.82386e-05
-2.77621e-05,0.0005574853,6.222e-06
-0.0001608027,0.0009716002,0.0004993711
0.0007417984,-0.0001064424,0.0004957091
7.47646e-05,-0.0008473294,4.22317e-05
-5.27835e-05,0.0001708558,-0.0002928411
0.0003170449,0.0011481182,0.0007898896
0.0001162635,0.0008164598,0.0005506391
0.0003640364,-0.0003483148,-0.0003459401
2.10601e-05,0.0001904011,-0.0003770671
-0.0001687363,0.0014968787,0.0003663185
0.0004567986,0.000960606,0.0005005918
0.0004018736,-6.67411e-05,-6.33559e-05
-1.79977e-05,0.0002527016,-0.0003679121
4.18096e-05,0.0006552115,0.000623879
0.0001089401,0.0004182254,0.0004365068
0.0004757172,-0.0001149934,-0.0002562212
0.0002395396,1.87694e-05,0.0003388535
-0.000165685,0.0009795405,0.0001881013
0.0005764131,0.0004463217,0.0001862703
0.0001425054,-0.0005614802,0.0005408737
7.41543e-05,0.0002624742,-0.0004802134
0.0006148606,0.0011175788,0.0005958037
-0.0002663808,0.000740722,0.0008930359
0.0006191326,3.58715e-05,-0.0004747204
0.0006093681,0.0001397056,3.67387e-05
-0.0004641109,0.0011823224,0.0008234579
0.0005623767,0.0012293532,-0.0004490864
0.0005928906,0.0002239945,0.0002265522
-0.000459839,-0.0001308739,0.0004773991
0.0005050106,0.0005709226,-0.0008793711
0.0003750214,0.000407842,0.0010340228
-0.000466552,0.0004670885,0.0003852388
0.0009614985,-8.01784e-05,-5.90836e-05
0.0001101607,-3.43693e-05,0.0004383378
-0.0004738753,0.0003162236,0.0005604044
0.0007271518,0.000818903,-0.0004734997
0.0003542719,7.37404e-05,0.0011963714
-0.000341445,0.0006442173,-0.0008061312
0.0009047427,0.000928845,-4.764e-06
-0.0001150319,0.0008543287,0.0011573101
3.26554e-05,4.25901e-05,-0.0004094147
0.0008815521,0.0003736378,-0.000596787
-0.0001681261,0.0009312881,0.0014844486
-6.74302e-05,0.0006429957,3.7349e-05
0.0010957597,-0.0005651449,-0.0004301661
-0.0002023016,-0.0002200491,0.0008918152
1.43471e-05,0.0012519524,-0.0002598832
0.0009688218,0.0008750955,0.0005897004
-7.71946e-05,-0.0003855729,0.0007795139
-1.37257e-05,-0.0001705752,-0.001073457
0.0008412737,0.0007572133,0.0005976347
-0.0003341217,0.0014669501,0.0011731787
0.0004635117,0.0004304412,-0.0005467397
0.0007924515,-0.0001064424,-1.33086e-05
-0.0004018625,0.0003351581,0.0010468398
0.0001626446,0.0009044134,-0.0005992283
0.0009090146,5.84707e-05,0.0010639291
-0.000367687,0.0002545339,9.65513e-05
0.0004909742,0.0008109627,-0.0004716687
0.0003646466,0.000949001,0.0008930359
-0.0002401389,-0.000107664,0.0005420944
0.0005831262,-6.273e-06,-0.0014182952
0.0002187902,0.0006735352,0.0012024747
-0.0004451923,0.0011652203,0.0004822818
0.000901081,9.6075e-06,-0.0007963659
6.80515e-05,-0.000272577,0.000770359
-0.0002413594,0.0005012927,0.0003693702
0.0009346463,0.0007486622,-0.0003911047
-2.77621e-05,0.0004389922,0.0010114405
-1.12846e-05,0.0004102851,-0.0001329339
0.0009029118,0.0002661389,-0.0004265041
-0.0001998605,0.0006796431,0.0011713477
0.0004439828,0.0005556529,1.59874e-05
0.0007613273,1.44938e-05,-2.79566e-05
-0.0001339505,0.0004530403,0.0009851962
0.0006960276,0.0007498838,0.0001020443
0.0005703103,0.0005532097,0.0003486188
-0.0001998605,0.0004139499,0.000614724
0.0007228798,0.0004243333,-0.0004881477
0.0003792933,0.000373027,0.00064402
-2.5321e-05,0.0004334951,0.0006446304
0.0006343895,0.0003913507,-0.0007078676
0.0001315204,0.0005635932,0.0007868379
0.0003133833,0.0005880247,0.0007709693
0.0005867878,0.000236821,-0.0005687116
-9.00105e-05,5.332e-06,0.0007636453
6.13385e-05,0.0004768611,0.0001862703
0.0007253209,0.0004976279,-0.0003257991
-0.0002047427,0.0007920282,0.0006287617
0.0004519164,0.0006930804,0.0002350969
0.000345728,0.0003559249,-0.0004881477
-8.75694e-05,0.0002820194,0.0007203116
0.000558715,0.0005751981,7.27483e-05
0.0002920235,0.0008317295,-0.0001237789
-0.000150428,0.0004988495,0.0009266042
0.0008003851,-3.25369e-05,-3.46703e-05
0.0001626446,-5.75793e-05,1.65977e-05
-5.8276e-05,0.0006906373,0.0006794193
0.0008144215,0.0004982387,0.0001874909
0.0002035332,0.0004261656,0.0001899323
0.0002749358,0.0003711946,0.0006672127
0.0006044859,0.0001647479,-0.0002067842
-0.0001028263,0.0007816448,7.88517e-05
0.0007417984,0.0005318321,0.0011298451
0.000672837,0.0003327149,-0.0003972081
-5.8276e-05,0.0009306773,-0.0001780985
0.0004757172,0.0008286756,0.0009839755
0.00059167,-4.78066e-05,0.0001881013
-1.67771e-05,0.0001403164,-0.0006907783
0.0003646466,0.0007822556,0.0009021909
0.0001364027,0.000795693,0.0002393692
0.0002053641,0.0001464243,-0.0003331231
0.0005172161,-0.0001785155,0.0006232687
8.57496e-05,0.0004609806,0.0001166923
0.0001254177,0.0007559917,4.52833e-05
0.0003054497,0.0002258268,0.0007312976
0.0005446786,1.38831e-05,0.0002460829
0.0002230621,0.0005348861,-0.0003605881
-3.50855e-05,0.0009599952,0.0008521436
0.0006270662,0.0007846988,0.0003174919
0.0005873981,-5.39145e-05,8.43447e-05
-2.16593e-05,0.0003125589,0.0003846285
0.0002657816,0.0011365132,6.4814e-05
0.0005428478,0.0007669859,0.0005622354
0.0002151285,-2.6082e-06,0.0004261311
0.0006319484,2.06017e-05,2.8194e-05
0.0001302999,0.00022827,0.0003693702
9.18524e-05,0.0004890769,0.0004310138
0.0009108454,0.0003986801,0.000117913
0.0004525267,0.0001409272,0.00068064
-3.75266e-05,0.0006356663,-0.0002684278
0.000552002,0.0008048548,0.0002448622
0.0003512205,0.0001665803,0.0009778722
0.0004311669,5.41951e-05,-0.0004857064
0.0002395396,0.0008024117,-0.0001957982
0.0001553213,0.0013625052,0.0014588146
0.0007417984,0.0002869057,6.42037e-05
0.0002785974,-0.0004313821,-0.0005632187
9.18524e-05,0.0004560943,0.0011292348
0.0003371841,0.0012049216,0.0002497449
0.0003994325,0.0003937938,0.000143547
0.0001791221,-0.000350758,0.0001679603
0.0002541863,0.0006338339,-0.0003373954
0.0001296896,0.0012855458,0.0006739263
0.000301788,0.0002465937,0.0009528485
0.0006252353,-0.000425885,-0.0006724683
7.96468e-05,0.0004108959,-3.65013e-05
4.85226e-05,0.0013637267,0.0015210685
0.0007466807,0.0002759115,0.0001337816
0.0005318628,-0.0005633125,-0.0002690381
-0.0001528691,0.0001946766,0.0005127984
0.0004805994,0.001394877,0.0002112939
0.0006282867,0.0008219569,0.0006196067
-6.4024e-06,-2.39859e-05,0.0001661293
0.0007417984,0.0004505972,-0.0006334069
0.0003091113,0.0009667139,0.0009443039
1.55676e-05,0.0005916895,0.0009351489
0.0010170338,-0.0003354883,-0.0007054262
0.0001925482,0.0001995629,0.0004377275
-0.000106488,0.0012928752,0.0009388109
0.0009547855,0.00051473,-1.45293e-05
0.0002255032,-0.0006530985,0.000768528
-2.59313e-05,5.9428e-06,-0.0003947667
0.0006386615,0.0012806594,-0.0001426992
-0.0001638541,0.0013228039,0.0013593303
0.0007363059,-3.13153e-05,-0.0002373008
0.0005483403,-0.0004087829,-0.0007249569
-0.0005611451,0.0008347835,0.0009705482
0.0007350854,0.0010870393,0.0004963194
0.0005544431,0.0002539231,-0.0003526538
-0.0001144216,-5.20822e-05,0.0007251943
0.0006209634,0.0004347167,-0.0002110565
0.0001644754,0.0005385508,0.0005066951
-7.04816e-05,0.0001213819,0.0005286671
0.0008907063,-1.3867e-06,-0.0002037325
0.0001870557,0.0008757063,0.0002863649
2.22807e-05,0.0010479488,0.0011127558
0.0008876549,1.20507e-05,0.000150871
0.0002157388,-0.0002652475,-0.0002067842
0.0002407602,0.0008524964,0.0005622354
0.0005782439,0.0013179176,0.0005658974
0.0002261135,0.0003901291,0.0003956145
0.0003304711,-0.000469251,-0.0002458455
0.0005483403,0.0001958982,0.0001057063
8.63599e-05,0.0014400754,0.000620217
0.0005495609,0.0007156796,0.0009266042
0.0005458992,-0.000336099,-0.00052904
-3.44752e-05,7.25188e-05,-0.0001530749
0.0003316916,0.0009392284,0.0009192802
0.0004720556,0.0006961344,0.0002778202
0.0001736296,3.83146e-05,-0.0001866432
0.0004500855,0.0001433703,0.0002942992
0.0002169594,0.0007456083,0.0001911529
-5.94966e-05,0.0008109627,0.0002473036
0.0006234045,-9.11727e-05,0.0005720007
0.0004287258,8.83993e-05,-0.0004454244
-6.55994e-05,0.0010290144,0.0002125146
0.0003701391,0.0008610474,0.0010285298
0.0005404067,-0.0001583594,0.0001301196
0.0001333513,1.63262e-05,-0.0005095093
0.0004281155,0.0008109627,0.0010419571
0.0002377088,0.0012904321,0.0005213431
0.0004891433,-8.14e-05,6.42037e-05
0.0003805139,-0.0002976193,9.89927e-05
0.0003432869,0.0007761477,0.0002155663
0.0002224519,0.0012336287,0.0004987608
0.0003799036,0.0003742486,0.0004963194
0.0004476444,-0.0002683015,-0.0003691328
0.0003426766,0.0004133391,-9.14312e-05
8.39187e-05,0.0010827638,0.0009290455
0.000514775,0.0006643733,-6.595e-06
0.0003683083,-0.000139425,-7.86143e-05
0.0001492185,0.0002001737,0.0003016232
0.0003060599,0.0006124563,0.0005152398
0.0001553213,0.0004725856,7.88517e-05
0.0002938544,-2.09319e-05,0.0004499341
0.0005220984,0.0004793043,-0.0002598832
5.76768e-05,0.0008885329,0.000653175
-9.24516e-05,0.0006039052,0.0006012967
0.0006447642,-0.0002670799,-0.0001671125
0.0001791221,0.0001164956,-9.63139e-05
-0.0001235758,0.0014736688,0.0006727057
0.0007173873,0.0008213461,0.0008338336
0.0001553213,-0.0003220509,-0.0002684278
8.8801e-05,-0.0001198797,0.00013073
0.0006697856,0.000604516,0.000633034
-0.000205353,0.0008683769,0.0004847231
0.0004604603,0.0005019035,-0.0001311029
0.0007442395,-0.0004533705,0.0006434097
-0.0003182545,0.0006704812,-0.0003941564
0.0004513061,0.0010094691,0.0004957091
0.000536745,0.0004377706,0.0007404526
-2.10491e-05,0.0001989521,-0.0006327966
0.0005245395,0.0005825276,-2.67359e-05
0.0001827838,0.0006888049,0.0013343066
0.0001687474,0.0002655281,-0.0004948614
0.0006111989,0.00015864,-0.0001811502
0.0001840043,0.0004670885,0.0015253409
0.0001840043,0.0007132365,-0.0004966924
0.000176681,0.0002966784,0.000101434
0.0002584583,8.22914e-05,0.0011042111
0.0004665631,0.0004994603,-0.0005388053
0.0001193149,0.0009618276,0.0003126092
0.0001614241,0.0006155102,0.0013910676
0.0003701391,-7.52921e-05,-0.0011418143
7.634e-06,0.000349817,0.0001246266
0.0002212313,0.0008726524,0.0016101772
0.000356713,0.0006136779,-0.0007615769
0.0001858352,-5.08606e-05,0.0001789463
0.0002065846,0.0001195496,0.0008576366
0.0003731905,0.0003583681,-0.0003282404
0.0001223663,0.0007388896,0.0003333605
0.0003030086,0.000462813,0.0010480605
0.0004342183,0.0002429289,-0.0009947241
7.65954e-05,0.0004554835,0.000655006
0.0002529658,0.0006588762,0.0011298451
0.0003872269,0.0003241639,-0.0009898414
0.0001040579,0.0005690903,0.0003010129
0.0004323875,0.0008671553,0.0010657601
0.0004989078,0.0004939632,-0.000461293
-3.69163e-05,0.0002026169,0.0002595102
0.00043788,1.87694e-05,0.0007856173
0.0003805139,0.0004536511,-0.0006480549
9.85654e-05,0.0008378374,0.0008698432
0.0003695289,0.0002997323,0.0008765569
0.0003133833,-8.75079e-05,-0.0007176329
5.76768e-05,0.0003406552,0.0003229849
0.0003030086,0.0006124563,0.0009742102
0.0003243683,0.0007834772,-0.0004002597
0.0002102463,0.000459759,0.0002497449
0.0001150429,0.0004811366,0.0003699805
0.0002828694,0.0004731964,-0.0001890845
9.73449e-05,0.0005226703,0.0002753789
0.0002017024,0.0002062816,0.0007642556
0.0001797324,0.0004023449,-0.0007261776
0.0003432869,0.0003827996,0.0006391374
-0.0002462416,0.0003895183,0.0005549114
0.0005513917,0.0002869057,-0.0002421835
0.0003103319,9.57288e-05,0.0004340655
-0.0001522588,0.0004457109,0.0004017178
0.0002608994,0.0005751981,-0.0003135925
0.0004146894,0.0004005125,0.0004499341
3.26554e-05,0.0002814086,0.0005475874
0.000530032,0.0007352249,-0.000569322
0.0003402355,0.0004115067,0.0007178703
-0.0002761453,0.0004695317,0.000154533
0.0006984687,0.0004084528,7.4427e-06
0.0004024839,0.0001549753,0.0004548168
-0.000558704,0.000784088,-0.0002208218
0.0009016913,0.0007205659,0.0005030331
0.0003170449,-0.0001088855,0.0003528912
-0.0005818945,0.0002209405,-0.0004710584
0.0008803315,0.0005556529,0.0004169761
0.0001309102,0.0001812392,0.0009058529
-0.0005074406,0.0003327149,-0.0006828439
0.0009840788,0.0004304412,0.000658668
9.18524e-05,0.0005593176,0.0008796086
-0.0005562629,0.0005629824,-0.0007853799
0.0009029118,0.0002142218,0.0005225638
-8.14666e-05,0.0004005125,0.0005658974
-0.0001870447,0.0006796431,-0.0006071626
0.0005837364,0.0004304412,0.0004651925
-0.0001626336,0.0003278286,0.000655006
0.0001663063,0.0002276592,-0.0005632187
0.0004622911,-8.87295e-05,0.0007996549
-0.0002023016,0.0004890769,0.0001917633
0.0002566274,0.0002777439,-0.0003367851
0.0003884475,0.0004872445,0.0009461349
0.0001101607,0.0004011233,0.000154533
0.0002017024,0.0003485954,-0.0006443929
0.0001473877,0.0004670885,0.0009101252
0.0002517452,0.0006692597,-3.5433e-06
8.57496e-05,0.000419447,-0.0004448141
0.0002017024,0.0004188362,0.0011664651
0.0003524411,0.0004554835,-0.0002971135
-1.5202e-06,0.000329661,-0.0001231686
0.0001992613,0.000306451,0.0010205955
0.0005666486,0.0003559249,-0.0002220425
-0.0003371731,0.0004762503,-0.0002470662
0.0002718844,0.0005440479,0.0010602671
0.0007363059,0.0001354301,-0.0001274409
-0.0003280189,0.000263085,-0.0002665968
0.000213908,0.0007352249,0.0009565105
0.0005428478,0.0004090635,-6.595e-06
-0.0002218305,0.0001787961,-4.56563e-05
0.0002242827,0.0002441505,0.0004859438
0.0003628158,0.000685751,5.87107e-05
-0.0002151175,0.0005587068,0.0002613412
0.0002822591,0.0002569771,0.0003052852
0.0004220128,0.0002527016,-8.71589e-05
-0.000271263,0.0004579267,0.0002588999
0.0004702247,0.0005049574,0.0005378221
0.0003255888,0.000115274,-5.3743e-06
-0.0001113702,0.0003339365,0.0001978666
0.0004732761,0.0004939632,0.0002924682
0.000224893,0.0006252828,0.0001459883
-6.37685e-05,0.0003082834,0.0003107782
0.0005819056,0.000236821,-1.575e-05
0.000242591,0.0004609806,9.0448e-05
-0.0002010811,0.0008860897,0.0003156609
0.0007729226,0.0003803565,0.0004468825
0.000242591,2.67096e-05,5.5659e-05
-0.0002023016,0.0005257242,0.0002375382
0.0007222695,0.0006576547,0.0003931732
8.4529e-05,0.000271636,0.0002967405
-6.55994e-05,0.0003339365,5.50487e-05
0.0006478156,0.000141538,0.0001331713
-0.0003798925,0.0005043466,0.000145378
9.91757e-05,0.0005709226,0.0002015286
0.0005776337,0.0004041772,-7.92246e-05
-0.0002816378,0.0003748594,0.0003803562
0.0001602035,0.0004402138,-0.0002220425
0.0004140791,0.0003449307,0.0002869752
-0.0003835542,0.0003663083,0.0001996976
0.0006752781,5.41951e-05,0.0002015286
0.0001901071,0.0004053988,-1.45293e-05
-0.0004348176,0.0007700398,0.0003998868
0.000710064,0.0002294916,0.0003052852
0.000231606,0.0001470351,-0.0001115722
-0.0002291539,0.0006753675,0.0002839236
0.0005129442,0.0006130671,0.0002625619
0.0002560171,0.0004548727,0.0001484296
-2.77621e-05,0.0003229423,-3.77219e-05
0.0004329978,0.0003327149,0.0005152398
0.0001980407,0.0005471019,0.0002430312
0.0001461671,0.0002728576,0.0002155663
0.0001180943,0.0003070618,7.27483e-05
0.0004879228,0.0003369904,0.0005439254
5.03535e-05,0.0003754701,0.0002039699
0.0001101607,0.0003858536,0.000161857
0.0004744967,0.0003052294,0.0001783359
-2.65416e-05,0.0003797457,0.0002302142
0.000275546,0.0006979667,-4.916e-07
0.0003335225,0.0003840212,0.0005048641
-0.0001193038,0.0004573159,-8.28866e-05
0.0004867022,0.0003253854,-5.72526e-05
1.98396e-05,0.0006356663,0.0004377275
4.85226e-05,0.0004719748,0.0001575846
0.0005239292,0.0001830716,-0.0002586625
-0.0001803316,0.0002691929,0.0004566478
0.0001296896,0.0004267764,3.1856e-05
0.0006215737,0.0003638652,0.0001819979
-0.0002035222,0.0004890769,0.0005970244
0.0003756316,0.0005312213,-0.0001341546
0.0005373553,0.0004029556,0.0003510602
-0.0002871303,0.0004499864,0.0004615305
0.0006313381,0.0003449307,0.0001594156
0.0004506958,0.0001452027,0.0002131249
-0.0004238325,0.0006374986,5.07763e-05
0.0009755349,0.0006698704,0.0005372117
0.0001754604,0.000208114,0.0001734533
-0.000319475,0.0004121175,-8.28866e-05
0.0008644643,0.0006729244,0.0003101679
0.0001565418,0.0002172758,0.0007508283
-0.0004506848,0.0005910787,-0.0008720472
0.0010292394,0.0003827996,0.0008619089
-0.0003213058,0.0002972892,0.0004383378
5.21843e-05,0.000170245,-0.0002885688
0.0008357812,5.29736e-05,0.0003303089
-0.0004696034,0.0006350555,0.0003846285
0.0003451177,0.0008983055,-8.47176e-05
0.0007149462,0.0002087247,0.0006244894
-0.0004567876,-1.54348e-05,1.1715e-05
0.0002102463,0.0005849708,-0.0006822336
0.0004976872,0.000619175,0.0012738837
-0.0001516486,0.0004518188,0.0001185233
0.0005044003,0.0001769637,-0.0005992283
9.30729e-05,0.0005892463,0.0008258993
-0.0001138113,0.0006136779,0.0003596048
0.0005385759,9.69504e-05,-0.0004490864
0.0002218416,-8.32324e-05,0.0009058529
-0.0002297641,0.0007083501,-0.0002409628
0.0004091969,0.0006197857,-2.49049e-05
0.0004122483,6.76325e-05,0.0011383898
0.0001479979,-0.000194396,-0.0004564104
9.61243e-05,0.0007205659,-0.0004075837
0.0002529658,0.0009618276,0.0014710212
0.0003487794,0.0001855148,-0.0002250942
0.000279818,-5.45253e-05,-0.0007670699
0.0001693577,0.0006442173,0.001347734
0.0001193149,0.0009410608,-0.0001341546
0.0005135545,0.0002636958,-0.0002263148
0.0002743255,8.47346e-05,0.0008558056
0.0001541007,0.0004267764,0.0001221853
0.0001516596,0.0006796431,-0.0002208218
0.0003921091,8.04591e-05,0.0012317707
0.000117484,-5.33037e-05,-0.0002934515
0.0003573233,0.0006368878,-0.0001341546
8.26982e-05,0.0008372266,0.0010840701
0.0001089401,0.0004023449,-0.0001542955
0.0007002995,-2.9483e-05,-0.0001054689
-0.0002730939,0.0004066204,0.0003803562
9.49038e-05,0.000882425,0.0003522808
0.0006057064,0.0007437759,-9.44829e-05
0.0001095504,-7.52921e-05,0.0007361803
-0.0001565308,0.0002826302,-0.0006694166
0.0008699568,0.0004683101,0.0007453353
-0.0001809419,0.0003944046,0.0006067897
0.0001577624,0.0003534817,-0.0004600724
0.0008406635,0.0003394336,0.0003223745
-0.0001589719,0.0005220595,0.0007074947
5.46254e-05,0.0005971866,-0.0003642501
0.0008992502,0.0001317653,0.0004932678
-2.9593e-05,-8.1053e-06,0.000651344
8.26982e-05,0.0006894157,-0.0008165068
0.0007393573,0.0008054656,0.0011939301
-6.49891e-05,0.0003711946,0.0004627511
0.0003878372,8.386e-06,-0.0006889473
0.0005306422,0.0001623048,0.0007551006
-0.000205353,0.0008219569,0.0004963194
0.0004177408,0.000839059,-0.0004515277
0.0008388326,3.46499e-05,0.0010254781
-0.0002682117,6.27462e-05,-6.51869e-05
0.0002596788,0.000647882,-0.0004423727
0.0004195716,0.0006020729,0.0013050107
3.69273e-05,0.0002429289,6.222e-06
0.0004342183,0.0002301024,-0.0006919989
0.0004207922,0.0006124563,0.0011103144
-0.0003078797,0.0006900265,0.0001813876
0.0006203531,-7.4946e-06,-0.0004246731
0.0004171305,-0.0001217121,0.0006830813
-0.0004213914,0.0008341727,-2.85669e-05
0.0005178264,0.0010180202,5.44383e-05
0.0005660384,-0.0002805172,0.0009137872
-0.000238308,-4.41419e-05,-0.0007133606
0.0005501711,0.0009709894,0.0001276783
0.0003353533,0.0011639987,0.0014221946
2.71629e-05,7.92375e-05,-0.000463124
0.0007466807,-0.000182791,-0.0005479603
0.0001559316,0.0004237225,0.0014319599
-0.0001589719,0.0009777081,-0.0002226528
0.0009212202,0.0001012259,0.0002161766
9.36832e-05,-0.0001101071,0.000722753
-3.9613e-06,0.000682697,-0.000541857
0.0005184367,0.0007816448,0.0004041592
0.0002114669,4.19794e-05,0.001338579
0.0003805139,-0.0002182168,-0.0011912513
0.0003414561,0.0007651535,6.60347e-05
-0.0001058777,0.001406482,0.0016089565
0.0008034365,1.99909e-05,-0.0003691328
0.0002255032,-0.0006640927,-0.0003428884
-0.0002114558,0.0007120149,0.0008606882
0.0005898392,0.0013771641,6.96967e-05
0.0004934153,0.0002887381,0.0006556163
8.08674e-05,-0.0001974499,0.000150871
0.0004653425,0.0003198883,-0.0003984287
-0.0001089291,0.0011688851,0.0004981504
0.0003280299,0.0006570439,0.0008887636
0.0005867878,-0.0001717968,-0.0004808237
9.4648e-06,0.0001006151,0.0001465986
-3.02032e-05,0.0009300666,0.0004786198
0.0005428478,0.0003956262,0.0003712012
0.000433608,-0.0003464825,0.0002997922
0.0001425054,0.000161694,3.06354e-05
0.0003213169,0.0010607754,0.0005256154
0.0004769378,0.0003076726,0.0008765569
0.0002340471,-9.66698e-05,-0.0003428884
0.0003817344,0.0006454389,-2.3226e-06
0.0002505246,0.0014101467,0.0008149133
0.0002554069,0.0006735352,0.0001594156
0.00037197,-0.0001345387,-0.0005357537
0.0004360492,3.09851e-05,0.00077219
7.96468e-05,0.0006387202,0.0002235006
0.000486092,0.0005837492,0.0003419052
0.0002511349,0.0001000043,0.0003596048
0.0002486938,-5.20822e-05,0.000121575
0.0004769378,0.0002294916,0.0001459883
0.0002670021,0.0004237225,0.0007874483
0.0001827838,0.0003870751,-0.0002635451
0.0002969058,0.000737668,-0.0002061738
0.0002969058,0.0008384482,0.0009571208
0.0004165203,0.0004811366,0.0001002133
0.0001675268,0.0001445919,-0.0002391318
2.10601e-05,0.000486023,0.0005189018
0.0006185223,0.0004884661,0.0004377275
0.0002297752,0.000419447,1.23254e-05
-1.79977e-05,0.0002435397,0.0005750524
0.0003518308,0.0003461523,-0.0001274409
8.75804e-05,0.0003333257,0.0001606363
0.0003414561,0.0001989521,0.0007709693
0.0004586294,0.00022827,8.92273e-05
-0.0002102352,0.0003308825,-0.0002598832
0.0003158244,0.0005745874,0.0006720953
0.0007625479,0.0003956262,0.0003754735
5.1574e-05,0.0004872445,-7.8156e-06
0.0003133833,0.0003675299,0.0006830813
0.0005098928,0.0002508692,7.2138e-05
0.0001498288,0.0004811366,5.6117e-06
0.0003365738,0.0007834772,0.0006074
0.0005166059,0.000714458,0.0003547222
0.0001608138,0.0001696343,-7.31213e-05
0.0004531369,6.15246e-05,0.0005890901
0.0002529658,0.0004328843,9.28893e-05
3.3876e-05,0.0007022423,0.0001765049
0.0004769378,0.00058436,0.0006727057
0.0003231477,0.0002142218,0.0001057063
0.0001400643,0.0001561969,-8.47176e-05
0.0001730193,0.0004261656,0.0003254262
0.000231606,0.0006087915,0.0003718115
0.0003603747,0.0004933524,5.50487e-05
0.0001534904,0.0002960676,0.0002674446
0.0001248074,0.0003760809,0.0003242055
0.0004458136,0.0001580293,0.0003156609
0.0002480835,9.57288e-05,0.0005036434
0.0002761563,0.0008213461,0.0002119043
0.000367698,0.0007352249,0.0002613412
9.5514e-05,0.0004029556,0.0004560375
0.000514775,0.000306451,0.0001539226
0.0004744967,0.0004927416,7.09173e-05
-0.000150428,0.0006155102,0.0005884797
0.0005678692,0.0007675967,-0.0002311975
0.0004384903,0.0002209405,0.0005677284
-9.18413e-05,-3.62016e-05,0.000611062
0.0006862631,0.0002557555,-0.0004185697
0.0001577624,0.0004389922,0.0007068843
0.000117484,0.0006869725,0.0006763677
0.000852869,0.0001561969,-0.0002611038
-1.12846e-05,0.0001623048,0.0003626565
-9.099e-07,0.0004835798,0.0001771153
0.000749732,0.0007846988,-7.98349e-05
0.0001498288,0.0003479846,0.0010736945
0.0003530513,-5.69685e-05,-3.28393e-05
0.0003231477,0.0003620328,-0.0003032168
-6.13274e-05,0.0008207353,0.0009699378
0.0005324731,0.0005892463,7.64103e-05
0.0004616808,0.0002734684,2.14804e-05
-0.0001760597,0.0007303386,0.0003126092
0.0003213169,0.0005214487,0.0001740636
7.59851e-05,0.0002197189,2.51424e-05
0.0002102463,0.0002178866,0.0003687598
0.0004531369,0.0002490368,0.0002595102
-0.0001455458,0.0004988495,0.0003565532
0.0005172161,-3.19261e-05,0.0006690437
0.0003512205,-0.0005083415,0.000143547
2.7518e-06,0.0004096743,4.16214e-05
0.0004641219,0.0012983723,0.0005060848
0.0003164347,0.0006173426,0.000634865
0.000246863,0.0001928442,-0.0006712476
0.0005184367,0.0002563663,0.0006305927
-0.0001363916,0.0011902627,0.0002967405
0.0005941112,0.0006417741,0.000156364
0.0004177408,0.0001146632,0.0002881959
2.9604e-05,0.0002013953,0.0002161766
0.0003841755,0.0002343779,0.0001673499
9.18524e-05,0.0003174452,0.0008271199
0.0004220128,-1.72672e-05,-1.14776e-05
0.0001132121,0.0002355995,-0.0003886634
-4.42396e-05,0.000717512,0.0010907838
0.0006154709,0.000396237,-0.0001579575
3.3876e-05,-0.0003177754,5.44383e-05
-3.14238e-05,0.0004933524,0.0002442519
0.0010225263,0.0007162904,0.0006946777
-0.0004268839,0.0006344447,-1.2088e-05
0.0002303855,0.0003461523,0.0004847231
0.000949293,0.0003944046,1.65977e-05
-0.0006563485,0.0006326123,0.0003254262
0.0004665631,0.0009245695,0.0003022335
0.000863854,0.0002099463,0.0003162712
-0.0007686396,0.000236821,0.0001154716
0.0007674301,0.0004267764,0.0001484296
0.0006557492,8.29022e-05,0.0008765569
-0.0007338538,0.0001714666,4.77247e-05
0.0010249674,0.0001769637,0.0001710119
0.0003103319,0.0001445919,0.0006885743
-0.0005715198,0.0006936912,-0.0003184751
0.0012288003,0.0005080114,0.0004719061
1.19059e-05,0.0002410966,0.0004389481
-0.0001577513,0.0003418767,-0.0005314813
0.0008852138,0.0006643733,0.0004432205
7.90365e-05,0.0006717028,0.0010407365
5.21843e-05,0.0003644759,-0.0007444876
0.0008626335,0.0004200577,0.0005909211
-7.3533e-05,0.0005318321,0.0008680122
0.0002004818,0.0002349887,-0.0002983341
0.0003847858,0.0001390948,0.0001374436
7.04926e-05,0.0004866337,0.0005189018
0.0001095504,0.000627726,-0.0001701642
0.0003097216,0.0001647479,0.0005713904
0.0001388438,-0.0001186582,0.0001594156
1.67882e-05,0.0001836824,-0.0003911047
0.0002407602,0.0007767585,0.0007801243
0.0002895824,0.0008225677,0.0004780094
0.0001101607,4.0147e-05,-0.0003813394
0.0001675268,0.0002710252,5.26073e-05
0.000187666,0.0007602672,0.0005842074
0.0001028374,0.0004408246,2.4532e-05
0.0002132977,0.0003559249,-0.0002989445
0.0002651713,0.0005721442,0.0006354754
-3.26443e-05,0.0005892463,4.8335e-05
0.0005220984,-0.0002133305,0.0003101679
7.90365e-05,-1.42132e-05,0.0003101679
5.64562e-05,0.0004591482,0.0001685706
0.0004793789,0.0006307799,0.0004371171
0.0001742399,0.0001653587,0.0005189018
0.0001705782,0.0001824608,-0.0002098358
0.0003426766,0.0005287782,0.0001990873
9.42935e-05,0.0007089609,0.0007526593
0.0003438972,0.0006399418,-0.0002922308
0.0003188758,0.0004664777,0.0002149559
-0.0001144216,0.0007792017,0.0002241109
0.0006392717,0.0004084528,0.0004243001
0.0001614241,2.60988e-05,1.47667e-05
5.5846e-05,1.08291e-05,0.0002485242
7.634e-06,0.000784088,-0.0004063631
0.0004342183,0.0006063484,0.0009150079
8.69701e-05,-0.0001259876,0.0001008237
5.21843e-05,-8.4454e-05,-0.0004185697
0.0001913277,0.0005385508,0.0006427994
0.0001241971,0.0008018009,0.0003095575
0.0002523555,0.000393183,0.0001826083
0.0003597644,0.0003889075,0.0002637826
5.52357e-05,0.0004304412,0.0004395585
0.0001058888,0.0004005125,-8.22762e-05
0.000584957,0.0003858536,0.0005323291
-7.84152e-05,0.00056115,-5.72526e-05
6.43899e-05,0.0007669859,-3.52806e-05
0.000514775,0.0003229423,0.0003986662
-0.0001351711,-0.0002102765,-0.0002421835
0.0003292505,6.45785e-05,9.89927e-05
0.0003207066,0.0004634238,0.0005134088
-3.93574e-05,0.0005269458,0.0003217642
0.0005044003,3.52607e-05,4.71143e-05
0.0003603747,-7.65137e-05,0.000671485
-0.0001913166,0.0005452695,-0.0001164549
0.0005202675,0.0006130671,0.0004023282
0.0003194861,0.0005086221,0.0004615305
-8.4518e-05,0.0004768611,-0.0003727948
0.0003914989,0.0004011233,0.0003614358
0.0002895824,0.000407842,0.0005835971
0.0002340471,0.0002795763,-0.0001274409
0.0001211457,0.000619175,8.6786e-05
0.0002877516,0.0005110653,0.0006702643
3.87582e-05,0.0002588094,-0.0002244838
0.0001492185,-1.97103e-05,0.0003846285
0.0001833941,-1.90995e-05,0.0002173973
-8.08563e-05,0.0006466605,-0.0004710584
0.0001785118,0.0007834772,0.0008747259
0.0003866166,0.0001671911,0.0003998868
5.88974e-05,-0.0004435979,-0.0004545794
-0.0001101497,0.0001525322,0.0002582896
0.00043788,0.0007230091,0.0008161339
0.0003213169,0.0005342753,-5.84733e-05
0.0001101607,0.0003589788,0.0002784306
0.0002828694,0.000369973,7.27483e-05
0.000209636,0.0004896877,-9.75346e-05
0.0001272485,0.0006326123,0.0004914368
0.0005880084,0.0005880247,0.0001655189
-3.26443e-05,0.000436549,-6.27456e-05
0.000110771,0.000474418,0.0004310138
0.0006563595,-9.05619e-05,0.0005158501
-2.5321e-05,-9.91129e-05,-5.48113e-05
0.0002444219,0.0002911813,0.0007416733
0.00054773,0.0007254522,9.83823e-05
-0.0003274086,0.0004634238,0.0001319506
0.0003139936,0.0001293222,0.0004230795
0.0005318628,0.0001458135,-0.0003459401
-0.000569689,0.0007706506,9.884e-06
0.0002407602,0.0011420103,0.0004401688
0.0007009098,0.0002410966,0.0001002133
-0.0004781473,1.0565e-06,-0.0003325128
0.0003207066,0.0001958982,0.0005543011
0.0003689186,0.0005733658,0.0002894165
-0.0002950639,0.0001372624,0.0003809665
0.000422623,0.0001787961,-7.49523e-05
0.0003298608,0.0002099463,0.0005378221
-0.0003982009,0.0004786935,0.0003211539
0.0005611561,0.0002899597,-8.10556e-05
0.0001888866,0.0004890769,0.0002662239
-0.000205353,0.0007413328,0.0004529858
0.0006392717,0.0006203965,6.1152e-05
0.0001302999,0.0002698036,0.0001716223
-0.0001693466,0.0001904011,0.0002857546
0.0008003851,0.0003125589,-9.44829e-05
-9.36721e-05,0.0008524964,0.0003998868
-8.39077e-05,0.0005580961,0.0004108728
0.0008363915,-0.0002084441,-0.0001610092
-0.0001162524,-7.34598e-05,2.88044e-05
-0.0003005564,0.0007120149,0.0002460829
0.0010975905,0.0004951848,0.000768528
-0.0001125908,0.000129933,-0.0001481922
-9.97749e-05,0.0003864643,-9.81449e-05
0.0006734473,0.0009630492,0.0003821872
2.35012e-05,0.0005098437,0.00071726
-6.55994e-05,0.0002429289,-0.0004625137
0.0006691754,0.0002105571,8.6634e-06
-0.0003731795,0.0008231785,0.0003699805
9.42935e-05,0.0005825276,0.0002369279
0.0007149462,-2.52074e-05,4.1011e-05
-0.0004097962,-0.0002279894,0.0002790409
0.0001260279,0.0003858536,0.0002173973
0.0007411882,0.0002459829,0.000671485
-0.0004134578,3.46499e-05,0.0002082423
0.0003304711,0.000416393,-8.83796e-05
0.0007131154,0.0011004767,0.0003040645
-0.0004964556,0.0005434371,0.0005933624
0.0003902783,9.5118e-05,-0.0003972081
0.0008382224,8.90101e-05,0.0002399796
-0.0007576546,0.001140178,0.0001881013
0.0006148606,0.0009392284,0.0002643929
0.0006966379,0.0001305438,8.25137e-05
-0.0004842501,-0.0003092243,0.0002784306
0.0002065846,0.0003272178,-0.0004509174
0.0007369162,0.0004707532,0.0008844912
-0.0005886076,0.0002850734,1.9039e-05
0.0005227086,0.0002734684,-0.0001384269
0.0006148606,0.0003003431,0.0006232687
-0.000591659,0.0003345473,0.0002180076
0.0005873981,0.0004573159,-0.0001732159
0.0007131154,0.0001983413,0.0008857119
-0.0007362949,0.0007132365,-0.0002067842
0.0007466807,0.0009019703,-7.2053e-06
0.0004812097,4.19794e-05,0.0012915833
-0.0007668088,6.27462e-05,-0.0008140655
0.0008205243,0.0005220595,-2.42946e-05
0.0003261991,0.0008280648,0.0015039792
-0.0005458881,0.0002905705,-0.0003581468
0.0009071838,-0.0001229337,-0.000563829
-7.41433e-05,2.79312e-05,0.0012152917
-0.0002944536,0.0007633212,-0.0004191801
0.0009578368,0.0004652561,4.89453e-05
-0.0004305456,0.000260031,0.000684302
-4.60705e-05,0.0003760809,-0.000488758
0.0008009954,0.0003742486,7.15277e-05
-0.0003176442,0.0003687515,0.0009656655
8.63599e-05,0.0005690903,-0.0007817179
0.0008522588,0.0003467631,0.0006427994
-0.00026455,0.0004658669,0.0008246786
0.0002639508,0.0001720774,-0.0006688063
0.0006496465,0.0001757421,0.0008460402
-0.0001370019,0.0004267764,0.0006464614
0.0003445075,0.0006252828,-0.0006608719
0.0003884475,0.0006142886,0.0007990446
-0.0001626336,0.0002972892,0.0005878694
0.0003713597,-6.67411e-05,-0.0007524219
0.0002486938,0.0001604724,0.0007422836
0.0001443363,0.0006845294,0.000605569
0.000154711,0.0007046854,-0.0004460347
0.0003182655,0.0004420461,0.0006995603
0.0003048394,-1.84888e-05,0.0004316241
2.53321e-05,0.0002685821,-0.0005632187
0.000154711,0.0007645427,0.0006519544
0.0002608994,0.0005422155,0.0004297931
0.0001949893,6.45785e-05,-0.0002720898
0.0002883619,0.0003504278,0.0003461775
0.0001382335,0.0003278286,0.0004590891
6.80515e-05,0.0002258268,-0.0001341546
0.0006575801,0.0004316627,0.0003589945
0.0001235868,0.000448154,0.0005250051
-0.000194368,0.0007285062,-0.0002928411
0.0006008242,0.0004976279,0.0003852388
8.26982e-05,4.13686e-05,0.0002332659
4.79123e-05,0.0002722468,8.80067e-05
0.0007112845,0.0006888049,0.0002570689
-0.0002346464,0.0003876859,0.0004877748
0.0002120771,0.0003944046,2.56e-06
0.0008437149,2.30449e-05,0.0005304981
-0.0003225264,0.0004579267,0.0003284779
0.000139454,0.0005403832,-5.48113e-05
0.0007393573,0.0002154434,0.0004566478
-0.0002438005,0.0002722468,4.40627e-05
0.000334743,0.0004750288,1.3546e-05
0.0004238436,0.0005471019,0.0006122827
4.24198e-05,0.0002899597,0.0002106836
0.0002914133,0.0001164956,-0.0002708691
0.0003109422,0.0004475432,0.0005774937
-5.40041e-05,0.0008958624,0.0001917633
0.0003756316,0.0005422155,-5.72526e-05
0.0004281155,1.26615e-05,0.0004639718
9.00215e-05,0.0002691929,1.1715e-05
0.0001296896,0.0004793043,0.0001136406
0.0003518308,0.0005672579,0.000612893
0.0002493041,0.0002685821,0.0001557536
6.86618e-05,-1.84888e-05,-5.23699e-05
0.0004287258,0.000216665,0.0008130823
0.0001559316,0.0005721442,0.0001411056
0.0002590685,0.0003345473,0.000136223
0.0005208778,0.0004634238,0.0003687598
4.91329e-05,0.0006588762,2.14804e-05
0.0002010921,0.0006258936,0.0001911529
0.0005764131,0.0003620328,0.0003705908
-1.00641e-05,0.0003827996,1.3546e-05
0.0002724947,0.0006735352,6.54243e-05
0.000286531,0.0005703118,0.0006537853
8.08674e-05,0.0001806285,0.0001673499
0.0005581048,-0.0004503166,0.0003467879
0.0001296896,7.37404e-05,0.0002070216
7.04926e-05,0.0007828664,0.0005713904
0.0005324731,0.000604516,0.0003467879
0.0002493041,7.1908e-05,0.0002308246
0.0002511349,8.41238e-05,-6.03043e-05
0.0001913277,0.0009099105,0.0001838289
0.0001309102,0.0009300666,0.0005994657
0.0003689186,0.0004444893,-0.0001231686
0.0003988222,0.0001720774,0.0001801669
-0.0001180833,0.0005690903,0.0002357072
0.0003085011,0.0003937938,0.0004688545
0.0004744967,0.0001274898,0.00013073
4.85226e-05,0.0001452027,0.0004877748
0.0002584583,0.0004426569,0.0001960356
0.0002456424,1.14399e-05,0.0005805454
7.65954e-05,-0.0001382034,-5.29803e-05
0.0003377944,0.0001476458,5.62693e-05
0.000339015,0.000914186,0.0005573527
9.24626e-05,0.0008457777,0.0003284779
0.0005318628,-2.39859e-05,-5.3743e-06
0.0002309957,-8.62863e-05,9.28893e-05
0.0001010065,0.0008213461,0.0003010129
0.0005318628,0.0012006461,0.0004316241
0.0003780727,0.0002685821,0.0007636453
0.0001638652,4.68657e-05,-0.0003618088
0.0004580192,0.0001378732,0.0005335497
-9.099e-07,0.0005397724,0.0006415787
0.0002840899,0.0004689209,1.9497e-06
0.0004665631,0.0003247747,9.2737e-06
7.7816e-05,0.0002930136,0.0005610147
0.000128469,0.0004994603,-0.0002763621
0.0005123339,0.0003082834,0.0004310138
-1.92182e-05,-1.60456e-05,0.0005146294
0.0002560171,0.0004170038,-0.000490589
0.0003255888,0.0004218901,0.0007886689
-0.0001748391,0.0003327149,0.0004596995
0.0006411026,0.0002545339,-0.0002659865
0.0002987366,0.0004176146,0.0004133141
-4.36294e-05,0.0008237893,0.0008966979
0.0006465951,0.0005819168,-0.0002946721
0.0001864455,8.71777e-05,0.0004047695
-4.5716e-06,0.0003620328,0.0004767888
0.0008119804,0.0008066872,-0.0004088044
0.0001211457,0.0004817474,0.0010651498
3.3621e-06,0.000439603,0.0001832186
0.0009138968,-0.0005223897,2.56e-06
-0.0003823336,0.0001555861,0.0003834078
0.0004317772,0.0007456083,0.000638527
0.0007851282,0.0006252828,9.65513e-05
-9.79441e-05,0.0001470351,0.0006507337
0.000470835,0.0001372624,-0.0001390372
0.0003432869,0.0006344447,1.3394e-06
-0.0003219161,0.0009147968,0.0006592783
0.0006240148,0.0005232811,-0.0002409628
0.0006636828,9.38964e-05,0.0003889008
-0.0004433614,0.0005086221,5.44383e-05
0.0004238436,0.0004854122,0.0003382432
0.0005648178,6.5536e-06,0.0005274464
-8.63488e-05,0.0002710252,9.10583e-05
0.00035,0.0006649841,0.0001765049
0.0001626446,0.000462813,0.000761204
0.000165696,-0.0001986715,0.0001661293
0.0004152997,9.32856e-05,-0.0003624191
0.000246863,0.0008732632,0.0009803135
-0.000150428,0.0012018677,0.0001392746
0.0007948926,-8.62863e-05,0.0004755681
0.0001425054,-0.0003971779,-3.77219e-05
-9.85544e-05,0.000552599,0.0001990873
0.0006655137,0.0012812702,0.0003876802
0.0002230621,0.0003143912,0.0007984343
3.3876e-05,-3.19261e-05,-0.0005662703
0.000716777,-5.75793e-05,0.0004023282
-0.0004610595,0.0008610474,0.0004822818
0.0003310813,0.0006051268,0.000147209
0.0009987255,-8.62863e-05,0.0001996976
-0.0003542609,0.0003052294,0.0002863649
0.0001461671,0.0006484928,-7.67833e-05
0.0008974193,0.0001482566,0.0008374956
-0.0003530403,3.4996e-06,3.3687e-05
0.0006923659,0.0005947434,-3.40599e-05
0.0005166059,0.0007938606,0.0011286244
-0.0004128475,0.0004444893,-1.102e-06
0.0008083187,-0.0001223229,-0.0003807291
0.000246863,0.0005110653,0.0007398423
-0.0002682117,0.0010882609,0.0002558482
0.0007106743,0.0006912481,-0.0001707745
0.0001119915,-0.0003122783,0.0010883424
1.43471e-05,-4.16987e-05,-0.0004844857
0.000558715,0.0004298304,0.0002527966
-6.37685e-05,0.0009544981,0.0012751043
0.0003707494,0.0003534817,-0.0002287562
0.0004586294,-0.0002737986,-0.0002452352
-2.10491e-05,6.45785e-05,0.0011213004
0.0001980407,0.0006539899,-0.0005186643
0.0003982119,0.0006961344,0.0002759892
0.000106499,0.0006765891,0.0007514386
0.0005434581,0.0003418767,-0.0004081941
0.0002230621,1.81586e-05,0.0005347704
-8.26871e-05,0.0004469325,0.0003541118
0.0004769378,0.0006381094,-0.0004918097
0.0003487794,0.0005519882,0.0008191856
0.0001687474,0.0005403832,0.0003724218
0.0001754604,0.0001812392,-0.0005662703
0.0001772913,-4.78066e-05,0.0009540692
0.0004793789,-0.0001540839,0.0003522808
0.0001370129,0.0006521576,-0.0003978184
0.0002218416,0.0008347835,0.0013977813
0.0004079764,0.0002301024,0.0001716223
0.0002065846,-0.000136371,-0.000596787
0.0002804283,0.0003449307,0.0009516279
0.0001693577,0.0008659337,0.0003870698
6.56104e-05,0.000960606,-0.0004863167
0.0004458136,0.0001433703,0.0008698432
0.0001199252,0.0001610832,-0.0001799295
0.0001077196,0.0007285062,-0.0002672071
0.0001742399,0.0007052962,0.0012317707
0.0002566274,-9.9377e-06,-0.0002019015
0.0001748502,1.6937e-05,-0.000576646
0.0001113813,0.0005165624,0.0011914887
0.0001644754,0.0003088941,9.71617e-05
0.0004665631,0.000141538,-0.0003837808
0.0002065846,4.56441e-05,0.0009912995
0.0002181799,0.0005635932,-6.03043e-05
0.0002071949,0.0005635932,-3.58909e-05
0.0001888866,0.0003327149,0.0010328021
0.0005129442,0.0004567051,-0.0003923254
0.0002108566,0.0007504946,-6.33559e-05
0.0001833941,0.0007199551,0.0013855746
0.000573972,7.55727e-05,-0.0004844857
0.0002450321,1.38831e-05,-0.0001524645
-5.94966e-05,0.0005544313,0.0011200798
0.0007015201,0.0006851402,-0.0002458455
0.0001168738,-1.36024e-05,0.0003260365
7.96468e-05,0.000118328,0.0003510602
0.0006484259,0.0001244359,2.57527e-05
-9.67235e-05,0.0005006819,0.0002265522
6.92721e-05,0.0003485954,0.0005481977
0.0006337792,0.0005067898,-0.0002153288
-0.0001040469,0.0003852428,0.0004505445
0.0001339615,0.0003742486,0.0003431259
0.0004848714,0.0004640345,-0.0002031222
-5.76657e-05,0.0006081808,0.0003535015
0.0001602035,0.0007486622,0.0002509656
0.0004397108,0.0005593176,2.69734e-05
9.79551e-05,-7.71245e-05,0.0004786198
4.91329e-05,-5.08606e-05,0.0002521862
0.0003194861,0.000459759,5.0014e-06
0.0002529658,0.0003742486,0.0007624246
0.000231606,5.23628e-05,0.0003046749
6.07282e-05,0.000416393,-0.0002391318
0.000339015,0.0001946766,0.0006794193
3.3621e-06,0.0004622022,7.29e-07
0.0005892289,0.0009447255,2.51424e-05
4.36404e-05,0.0009496118,0.0003113885
0.0001235868,0.0003376012,0.0002961302
0.000360985,0.0002581987,-0.0003196958
0.0003780727,1.08291e-05,0.0007233633
-0.0002077941,0.0003595896,6.23727e-05
0.0004744967,0.000506179,0.0002680549
0.0004293361,0.000118328,0.0007160393
-0.0002822481,-0.0002933438,-0.0002067842
0.0004214025,0.000592911,-8.47176e-05
0.0005465095,0.0004261656,0.0011524274
-0.0003420553,0.0003278286,-0.0001762675
0.0007070126,0.0006491036,-0.000477772
0.000231606,0.0006124563,0.0010138818
-0.0003933186,0.000474418,3.918e-05
0.0009364771,1.99909e-05,-0.0003038271
-4.42396e-05,0.0002472045,0.0007947723
-0.0003737898,0.0010265712,-0.0001402579
0.0009193893,0.0004084528,-4.1536e-06
-8.94002e-05,-0.0001388142,0.000770359
-8.20769e-05,7.92375e-05,-0.000507068
0.000536745,0.0002472045,-8.426e-06
-0.0002376978,0.000627726,0.0009717688
0.0003756316,0.0001360409,-0.0004149077
0.0004214025,8.83993e-05,5.44383e-05
-0.0002932331,0.0003278286,0.0010846804
0.0003487794,0.0003162236,-0.0006651443
0.0003249786,0.0001714666,0.0003162712
-0.000117473,0.0007730938,0.0007221426
0.0005971625,0.0006289476,-0.0002519488
6.4134e-06,0.0002178866,0.0003113885
0.0002901927,0.0001971198,0.0004883851
0.0003774625,0.0001958982,-0.0003965977
8.39187e-05,0.0004939632,0.0009876375
0.0004104175,0.0003974585,0.0004279621
0.0003042291,7.80159e-05,-0.0003343438
-0.000172398,0.0005574853,0.0003535015
0.0008144215,0.0002655281,0.000658668
2.9604e-05,4.1104e-06,-0.0003819498
-0.0002560061,0.0006692597,-0.0001451405
0.0004372697,0.001050392,0.0002137353
-1.8608e-05,0.0003889075,0.0002924682
0.0003518308,-0.0001528623,-4.87079e-05
0.0002602891,0.0001696343,8.92273e-05
-0.0005928796,0.0008763171,0.0002100733
0.0006783295,0.0004622022,0.0007038327
0.0004232333,-0.0004093937,0.0001166923
-0.0005049995,0.0001995629,-0.0002769725
0.0005239292,0.0007822556,0.0008240683
0.0002834797,0.0002209405,0.0004816714
0.0001577624,-3.31477e-05,-0.0003813394
0.0003640364,0.0007364464,0.0002058009
1.19059e-05,0.0010100799,0.0010096095
0.0001370129,0.0003223315,-0.0004600724
0.0005452889,-0.0003128891,7.15277e-05
-0.0001455458,0.0008286756,0.0003119989
0.0001901071,0.0012464553,0.0003370225
0.0005758028,4.99196e-05,0.0004297931
5.5846e-05,-0.0007941908,-0.0002562212
-3.08135e-05,0.0004359383,-0.0003746258
0.0002511349,0.000815849,0.001237874
0.0001754604,1.99909e-05,0.0002424209
0.0002810385,-0.0003605306,-0.0007804972
0.0002401499,0.0003095049,0.0006928467
-0.000271263,0.0011261298,0.0003174919
0.0007204387,0.0006374986,8.37343e-05
0.0002541863,6.5536e-06,0.000136223
-0.0003701281,0.0008372266,-0.0001945775
0.0004946358,0.001073602,0.0001752843
0.0002407602,0.0001226035,0.0006727057
-0.0002358669,0.0002026169,-0.000561998
0.0005611561,0.0005538205,0.0002607309
-0.0001046572,0.0002905705,0.0008893739
-5.40041e-05,-0.0002457023,-0.0001909155
0.0006911454,-0.0005107847,0.0003937835
-0.000117473,0.0002020061,0.0006318134
-8.69591e-05,0.00084761,-0.0003410574
0.0007564451,0.0004121175,0.0008222373
-2.996e-07,-1.66564e-05,0.0003705908
-0.0001351711,0.0003162236,-0.0009056155
0.0005922803,0.000882425,0.0007105463
0.0001779016,0.0007474406,0.000620217
-1.98285e-05,0.0007449975,-0.001071626
0.0006685651,0.0005037358,0.0009363695
7.17132e-05,0.0002771331,0.0004627511
4.36404e-05,5.1752e-05,-0.0005278193
0.0004201819,0.0002698036,0.0005085261
2.53321e-05,0.0004524296,0.0006519544
0.0001357924,0.0003272178,-0.000591294
0.0005196572,-0.0001259876,0.0010120508
-4.30191e-05,-0.0001467545,0.0001331713
-7.0127e-06,0.0002966784,-0.0006492756
0.0004921947,0.0006423849,0.0011206901
-1.12846e-05,0.000682697,0.0003443465
0.0001693577,0.0003773025,-0.0006535479
0.0001833941,0.0003577573,0.000620217
3.93685e-05,0.0004328843,0.0003901215
0.0002731049,0.0008775387,-0.0006285243
0.0003292505,0.0004383814,0.001334917
-0.0001180833,0.0003840212,-0.000446645
0.0002840899,2.30449e-05,-0.0003282404
0.0002529658,0.0002734684,0.0012055264
0.0001412849,0.0001763529,0.0001655189
0.0002450321,0.0003143912,-0.00060228
0.0001632549,0.0002215513,0.0011872164
0.0001101607,0.0002856842,-8.89899e-05
0.0003890577,0.0002417074,-0.0001323236
8.94113e-05,0.0004096743,0.0009119562
0.0003146038,0.0006961344,-0.0002702588
0.0003847858,0.0005477126,0.000143547
0.0001028374,0.0001287114,0.0008234579
0.0002163491,0.000236821,-0.0006028903
0.0002700535,0.0006906373,-9.75346e-05
0.0001431157,0.0006484928,0.0013117243
0.0003615952,0.0003168344,-0.0004344384
0.0002419808,-0.0001491976,0.0001264576
-0.0001089291,0.000260031,0.0007715796
0.0004232333,0.000471364,-4.74873e-05
0.0001541007,0.000115274,0.0002656136
-4.66807e-05,0.0001879579,0.0006464614
0.000444593,0.0004567051,-0.0002910101
-6.19377e-05,0.000486023,0.0004230795
3.69273e-05,0.0003015647,0.0004157555
0.0004354389,0.0002520908,-0.0004863167
-6.62096e-05,0.0003913507,0.0002991819
-2.34902e-05,0.0006466605,0.0002119043
0.0004012633,0.0003693623,8.3124e-05
0.0001101607,-1.17701e-05,0.0003712012
5.70665e-05,0.0002685821,-3.22289e-05
0.0002761563,0.0006179534,6.05417e-05
0.0001266382,0.0002154434,0.0008033169
0.0002932441,-4.59743e-05,-0.0001201169
0.0001388438,0.0003754701,-0.0002238735
0.0002523555,0.0010357331,0.0008057583
0.0003914989,0.0003449307,0.0003272572
0.0003622055,-0.0001272092,-6.88489e-05
0.000132741,0.0002557555,0.0002424209
0.0001687474,0.0008537179,0.0003663185
0.0004622911,0.0007132365,0.0004694648
0.0002175696,0.0001555861,0.0002839236
0.0001504391,7.61835e-05,-7.2053e-06
0.0002377088,0.000436549,0.0002576792
0.0001669166,0.0001983413,0.0006012967
0.0001663063,0.0002032276,-0.0003575364
0.0003219272,0.0002533123,0.0002711066
-1.4336e-05,0.0008579935,0.0005939727
0.0004714453,0.0002264376,0.000101434
4.66918e-05,-0.000202947,-0.0002525592
-0.0001290683,0.0005825276,0.0003950042
0.0004421519,0.0010430625,0.0001771153
0.0001071093,6.39678e-05,0.000664161
-7.04816e-05,-0.0001094963,-0.0003465504
0.0004555781,0.0001671911,6.2983e-05
-0.0001998605,0.0008915868,0.0006074
0.0005233189,0.0004683101,0.0005304981
0.0004427622,8.386e-06,-0.0002879585
-0.0002663808,0.0002966784,0.0004291828
0.0002419808,0.0004536511,0.0003803562
0.0007259312,0.0003992909,0.0003754735
-0.0001400533,0.0002636958,4.71143e-05
8.39187e-05,0.0006747568,-0.0002598832
0.0005654281,0.0007285062,0.0009748205
0.0001052785,-0.0001601918,0.000136223
5.46254e-05,-1.66564e-05,-0.0004802134
0.0003524411,0.0008402806,0.0005695594
0.0002334369,0.0008537179,0.0008295613
0.0003109422,1.87694e-05,-0.00051073
0.0003377944,-0.0001638565,0.0004908264
2.16704e-05,0.0003449307,0.0004462721
0.0001528802,0.0005416048,-0.0001030276
0.0003194861,0.0004530403,0.0004523755
0.0001852249,0.0004652561,0.0001746739
9.67346e-05,0.0001910119,0.0002180076
0.0001290793,0.0003736378,3.918e-05
0.0003414561,0.0001861256,0.0004950988
6.13385e-05,0.0007627104,-0.0001610092
0.0001571521,0.0007162904,0.000651344
0.0003707494,0.0002148326,0.0002186179
-3.351e-06,-0.0002457023,6.96967e-05
0.0002163491,0.0004255548,5.81003e-05
0.0002322163,0.0004151714,0.0006598887
-1.06743e-05,0.0005428263,6.60347e-05
0.0007228798,0.00027469,0.0004499341
-2.1304e-06,3.09851e-05,0.0002125146
-0.0001992502,0.0002765223,2.6363e-05
0.0008986399,0.0004457109,0.0004346758
8.4529e-05,0.0004347167,0.0004706854
-0.0003621945,0.0009233479,-0.0003709638
0.0009737041,0.000526335,0.0003638772
-6.31582e-05,-0.0001620242,0.0006214377
-8.57385e-05,0.0003986801,-0.0007701215
0.0006691754,0.0008335619,0.000744725
-5.40041e-05,0.0004377706,0.0009650552
0.0002749358,-1.651e-07,-0.0009538318
0.0006362203,-0.0002450915,0.0007306873
-0.0004122373,0.0004927416,0.0009827548
0.0006478156,0.0002013953,-0.0006236416
0.0001894968,0.0002807978,0.0001246266
-0.0001247963,0.0007083501,0.0011274038
0.0006984687,0.0004108959,-0.0006480549
-6.2548e-05,-2.45967e-05,0.0005286671
-0.0001601925,0.0004567051,0.0004426101
0.000907794,0.0007095717,-0.0002525592
-0.0002071839,0.0006515468,0.000678809
0.0001016168,0.0003693623,0.0004828921
0.0009676013,-0.0001553055,-0.0003367851
-0.0005886076,0.0003901291,0.0001813876
0.0001821735,0.0007901959,0.0008863222
0.0009291538,0.0002374318,-0.0001298822
-0.0002608883,-0.0002511994,0.0002350969
5.1929e-06,0.000451208,8.6786e-05
0.000912066,0.0002698036,0.0005536907
-0.0001571411,5.05304e-05,0.0002082423
0.0002181799,0.0005104545,-5.84733e-05
0.0007613273,0.0006881941,0.0006470717
-0.000183383,0.0005348861,0.0003284779
0.000301788,0.0001323761,-0.0001988499
0.0006911454,0.0004670885,0.0002814822
-0.0001156422,0.0007022423,0.0006855227
0.0003359636,0.0004536511,-8.53279e-05
0.0006215737,-0.0001748507,0.0003760838
-0.0001736186,0.0004139499,4.04007e-05
0.0002444219,0.0006387202,0.0001960356
0.0006093681,0.0005306106,0.0005524701
-9.36721e-05,-7.71245e-05,8.25137e-05
0.000198651,0.0001116093,-0.0004069734
0.0003060599,0.0004053988,0.0007947723
-0.0001034366,0.0006771999,0.0001838289
0.0006008242,5.72491e-05,-0.0001158446
3.08246e-05,0.0005910787,0.0002509656
0.0001083299,0.0005648147,0.000596414
0.0004354389,-8.32324e-05,-3.46703e-05
0.0001187046,0.0002203297,7.2138e-05
-1.8608e-05,0.000784088,0.0002711066
0.0005227086,0.0007627104,0.0003425155
0.0002554069,0.0001598616,0.0002143456
0.0002297752,-0.0002432591,0.0001441573
0.0002383191,0.0003113373,0.0003333605
0.0002944647,0.0005452695,0.0004481031
0.0002255032,0.0003663083,0.0001752843
0.0004360492,0.0003748594,0.0003449569
0.0003792933,0.0004157822,0.0004340655
3.50965e-05,0.0002722468,3.30767e-05
0.0004671733,0.0003882967,0.0002326556
0.0003969914,0.0002649173,0.0004828921
-0.0003017769,0.0006497144,-0.0002604935
0.0004940256,0.0004249441,0.0004975401
0.0004635117,-0.000124766,0.0004194175
-0.0002883508,-5.88008e-05,-0.0001665022
0.0004812097,0.0007718722,0.0002564586
0.0002194005,0.0007431651,0.0005250051
4.4861e-05,0.0003968478,3.42974e-05
0.0003866166,0.0002985107,-0.0003233578
9.42935e-05,0.0001671911,0.000612893
-0.0001827727,0.0004554835,-7.61729e-05
0.0007588862,0.0002679713,0.0004352861
-0.0002261025,0.0003186668,-4.764e-06
-1.18949e-05,0.0005758089,0.0003571635
0.000595942,0.0003992909,0.0005573527
0.0001510493,-0.0003257156,0.0005335497
5.09637e-05,6.94649e-05,-0.0002897895
0.0004055353,0.0007993577,0.0005079158
0.0001425054,0.0009190724,0.0005176811
0.0002615096,0.0001977305,-0.0002592728
0.0005507814,3.58715e-05,0.0005243948
0.0001089401,0.0005000711,-7.8156e-06
0.0001412849,0.0004939632,0.0002198386
0.0005745823,0.0008891437,0.0003181022
0.0004519164,0.0005373292,0.0005201224
-1.31155e-05,0.0002429289,-0.0001518542
0.0004470342,-4.16987e-05,0.0004102625
0.0002395396,2.24341e-05,0.0003901215
1.06854e-05,0.0004725856,0.0002497449
0.0005361347,0.00060757,0.0003248159
4.54712e-05,0.0007584348,3.1704e-06
0.0001479979,0.0002288808,0.0005597941
0.0005111133,-0.00012782,-3.5433e-06
1.49573e-05,0.0002380426,0.0002711066
5.46254e-05,0.0008024117,0.0001667396
0.0005391861,0.0007584348,0.0005353807
-1.61668e-05,0.0005684795,-0.0001921362
0.000224893,-6.8838e-06,0.0003919525
0.0004470342,0.0001238251,0.0002253316
-7.0127e-06,0.0003327149,0.0001899323
0.0001315204,0.0004774719,0.0003254262
0.0003048394,0.0005104545,0.000128899
0.0003579336,0.0002722468,0.0005536907
1.98396e-05,8.29022e-05,0.0001594156
0.0003414561,0.000196509,0.0001313403
0.0003481691,0.0004817474,0.0003223745
6.80515e-05,0.000729117,0.0003803562
0.0006502567,0.0005996297,8.73963e-05
5.82871e-05,0.000248426,5.9321e-05
-1.67771e-05,0.0003046186,0.0002051906
0.0007894001,0.0003290502,0.0001063166
9.12421e-05,0.0003131697,0.0006464614
-4.24088e-05,0.0004909093,0.0002436416
0.0008754493,0.0005275566,-0.0001390372
-0.0002059633,0.0003589788,0.0006043484
0.0003371841,0.0003925722,0.0003834078
0.0007894001,0.0001647479,-0.0001005862
-0.0006807596,0.0002362103,0.0003870698
0.0003933297,0.0006637626,0.0001411056
0.001048158,0.0002447613,0.0003388535
-0.0008662841,0.0003119481,0.0002613412
0.0006954173,0.0006118455,0.0001411056
0.0006057064,0.0004334951,0.0002320452
-0.0007576546,8.77885e-05,0.0006226584
0.0007997748,0.0003461523,-0.000582139
0.0004214025,0.000404788,0.000752049
-0.0009010699,0.0008561611,0.0001038753
0.0012782328,0.0003247747,4.4673e-05
0.0001449465,-0.0001027776,0.0004828921
-0.0008290571,0.000341266,6.72553e-05
0.0013172906,0.0004560943,0.0004542065
1.25162e-05,0.0001910119,0.0004163658
-0.0003847748,0.0004731964,-4.26046e-05
0.0011720444,0.0006979667,0.0001819979
-0.0001016058,0.0004426569,0.0010450088
-0.0001846036,0.0003516494,-0.0006535479
0.0010707383,5.41951e-05,0.0003333605
-0.0004146784,0.000595965,0.0005347704
2.47218e-05,0.0008757063,-0.0002940618
0.0011561772,8.96209e-05,0.0007276356
-0.0003017769,-0.0001656889,0.0004932678
8.63599e-05,0.0002044492,-0.0004991337
0.0006227942,0.0004725856,0.0007496076
-4.91219e-05,0.000419447,0.0009388109
0.0002828694,0.0003736378,-0.0009294185
0.0004592397,0.0002105571,0.0006574473
-0.0004372587,0.0008903653,0.0004358965
0.0006166914,0.0004915201,-0.0001854225
0.00037197,9.26748e-05,0.0002436416
-0.000429325,0.0005354969,0.0001331713
0.0004732761,0.0007846988,-0.0001811502
0.0004506958,0.0001256574,0.0011267934
-0.0001736186,-8.93403e-05,-0.0001500232
0.0005404067,2.67096e-05,-0.0002031222
1.5312e-06,0.0007181228,0.0009192802
-3.08135e-05,0.0003485954,0.0001990873
0.0005904495,-4.41419e-05,-0.0003825601
0.0001321307,0.0003302718,0.0007050533
-0.0002364772,0.0009832052,-9.14312e-05
0.0006600212,0.0007285062,8.8617e-05
0.0001388438,0.0001287114,0.0007618143
5.76768e-05,0.0001647479,-0.0004545794
0.0004244539,0.0005348861,0.000105096
0.0001144326,0.0005923002,0.0010578258
5.95076e-05,0.0003895183,-0.000497913
0.0007241004,-0.0001174366,0.0003681495
-0.0003463272,0.0003113373,0.0005671181
0.000242591,0.0003143912,-0.0002134978
0.0004043147,0.0001201603,0.0001350023
-0.000165685,0.0003669191,0.0007929413
0.0004738864,0.0007205659,-0.0006303553
0.0001974305,0.0002380426,0.0008808292
-0.0003640253,0.0003076726,0.0002863649
0.0009730938,-0.000171186,-0.0003868324
-0.0002816378,0.0004316627,0.0005909211
-0.0001412738,0.001339906,0.0003895112
0.0010731794,0.0004182254,7.51897e-05
-0.000514764,-0.0002780741,0.0004828921
9.85654e-05,0.0002661389,-0.0003557054
0.0007112845,0.000674146,5.07763e-05
-0.0006172907,0.0008305079,0.0011640237
0.0006764987,0.0002044492,-0.0005815286
0.0006752781,-0.0004582568,0.0002686652
-0.0009254811,0.0002734684,0.0008295613
0.0009346463,0.0007785909,-0.0004374901
0.0004946358,-0.0001094963,0.0008771672
-0.0005941001,0.00027469,-2.18533e-05
0.0010768411,0.0007236199,-0.0005937353
-0.0002614986,0.0007425543,0.0010114405
-7.0127e-06,0.0001323761,0.0005359911
0.0011177297,-0.0001302631,-0.0013743512
-0.0006972371,0.000807298,0.001349565
0.0001193149,0.0011652203,0.0003449569
0.0013404812,-0.0004356576,-0.0004771617
-0.0008693355,-0.0005382702,0.0005762731
0.00035,0.0006649841,-4.44356e-05
0.0006490362,0.0008341727,0.0001887116
-0.0006691643,0.0002123895,0.0009101252
0.0007674301,-0.000307392,-0.0007835489
0.0004769378,0.0002673605,0.0001679603
-0.0008845924,0.0010058044,0.0012458084
0.0010914877,0.0003052294,-0.0003837808
0.0002926338,-0.0004106153,6.1152e-05
-0.0006435326,0.0007675967,0.0005243948
0.0008980296,0.0008671553,0.000156364
5.34048e-05,-3.8298e-06,0.0004035488
-0.0002358669,-1.17701e-05,-3.95529e-05
0.0008278476,0.0004609806,-0.0002568315
-0.0002791967,0.0009960318,0.0010346331
2.04498e-05,0.0002478152,1.5377e-05
0.0008388326,-0.0003788543,-0.0005082887
-0.0003914878,0.0004823582,0.0006159447
0.0003103319,0.0007865311,0.0004273518
0.0006783295,-8.7161e-06,0.0001984769
-0.0004622801,0.0001543645,-2.55153e-05
0.0003152141,0.0004848014,7.27483e-05
0.0004311669,0.0004420461,0.0004883851
-0.0001400533,0.0003547033,0.0006574473
0.0005404067,0.0001317653,-0.0004478657
5.52357e-05,0.0003467631,0.0004279621
-3.99677e-05,0.0011261298,0.0005298878
0.0008742288,6.70217e-05,0.0003376329
-0.0002084044,-0.0002224923,-0.0001280512
-5.33938e-05,0.0006087915,0.0001136406
0.0007143359,0.0005874139,0.0003510602
-8.32974e-05,0.0003760809,0.0004072108
-3.99677e-05,0.0004298304,-0.0004204007
0.0006447642,0.0003143912,0.0003278675
-0.0003066592,-6.1244e-05,0.0005634561
0.0001357924,0.0003388228,-0.0006926092
0.000536745,0.0004347167,0.000713598
-0.0004586184,0.0010357331,3.42974e-05
0.0004421519,0.0002453721,0.0002350969
0.0003994325,-0.0002420375,6.8324e-06
-0.0003908775,-0.0002133305,0.0004212485
-0.000128458,0.000928845,-0.0009135498
0.0007625479,0.000815849,0.0015363269
-9.30619e-05,0.0001494782,1.3394e-06
0.0001644754,-0.0001962284,-0.0006694166
0.0002407602,0.0002661389,0.0009131769
-8.57385e-05,0.0004634238,0.0005115778
0.0005391861,0.0005361077,-0.0004625137
0.0001168738,0.000827454,0.0006263204
-1.49463e-05,0.0006265044,0.000600076
0.0004433725,-0.0001779047,-0.0008708265
0.0001650857,-0.0002298218,0.0010517225
-7.96358e-05,0.0005703118,-0.0001030276
0.0003615952,0.0007963038,-0.0002934515
4.60815e-05,0.0006240613,0.0009681068
0.0003182655,-0.0004747481,0.0003632668
0.0002694433,-0.0004106153,-0.0008659438
-0.0002322053,0.0008915868,0.0008509229
0.0003396252,0.0009502226,0.0004975401
0.0003805139,0.0003088941,-0.000593125
-2.28799e-05,6.94649e-05,0.0007312976
0.0001119915,0.0002508692,-9.08209e-05
0.0001772913,0.0003754701,3.7349e-05
0.0001821735,0.0005574853,0.0008832706
0.0001669166,0.0007107933,-0.0002946721
-3.69163e-05,0.0005580961,3.61284e-05
0.0001382335,0.000236821,0.0009211112
0.0002340471,-0.0004973473,-0.0002189908
1.43471e-05,-1.17701e-05,-7.92246e-05
0.000154711,0.0006729244,0.0009961822
0.0001943791,0.0008946408,-0.0003105408
0.0001028374,-9.9377e-06,0.0003608255
0.0001608138,-0.0002432591,0.0003138299
0.0004519164,6.70217e-05,-0.0001811502
-0.0003475478,0.000850664,0.0001649086
0.0005538328,0.0010106907,0.0008753362
0.0004549678,0.0007065178,-0.0006785716
-0.0002065736,0.0002704144,0.0002271626
0.0004470342,0.0002203297,0.0006708747
0.0004873125,-4.90282e-05,-2.55153e-05
-0.0005318518,0.0004731964,-9.99759e-05
0.0008833829,0.0003553141,0.0009876375
4.30301e-05,0.000494574,-0.0003013858
7.84262e-05,4.62549e-05,0.000687964
0.0005635973,-0.0003788543,0.0004835024
3.87582e-05,6.64109e-05,-8.34969e-05
-4.54602e-05,0.0010772667,-8.16659e-05
0.0005105031,0.0010790991,0.0008039273
-6.98713e-05,0.0005953542,-8.426e-06
0.0004567986,-0.0001540839,-0.0002580522
-0.0001699569,0.0001824608,0.0002082423
-9.97749e-05,0.0011530045,0.0004517651
0.0006850426,0.0006301692,0.0004273518
-0.0001900961,-0.0002548641,5.0014e-06
0.0001010065,-1.72672e-05,8.61757e-05
0.0005007386,0.0001317653,0.0005024228
-0.0003444964,0.0001592508,0.0004328448
0.0003091113,0.0002594202,-0.0002482868
0.0004830406,0.0004640345,0.0003058955
-0.0004464128,0.0005055682,0.0003345812
0.0002291649,0.0003736378,-0.0004283351
0.0008675157,4.44225e-05,0.0007087153
-0.0005452779,0.0007468299,-0.0001610092
0.0004531369,0.0012226345,0.0003199332
0.0004934153,0.0001256574,0.0008277303
-0.0003048283,-0.0003397638,-0.0003312921
0.0004146894,6.88541e-05,0.0001063166
0.0003701391,0.0008097411,0.0010083888
-0.0001998605,0.0004426569,0.0001990873
0.0005135545,2.73204e-05,-0.0003367851
0.0002895824,-0.0003483148,0.0008167443
-0.0004671623,0.0007052962,-0.0004692274
0.0007002995,0.000636277,0.0004658028
0.0001376232,0.0004622022,0.0001899323
-0.0001016058,0.000396237,-0.0001829812
0.0003475588,0.0003724162,6.17623e-05
0.0002023127,0.00015864,0.0006189964
-0.0002114558,0.0001598616,-0.0003904944
0.0005428478,0.0005361077,5.3828e-05
9.73449e-05,0.0004841906,0.0010047268
-0.0001644644,0.0002472045,-0.0002800241
0.0004879228,-0.0004295498,0.0004133141
-2.16593e-05,0.0001757421,0.0001203543
-0.0001540897,0.0008848682,0.0001441573
0.0007863487,0.0007315601,0.0007459456
-1.4336e-05,-6.61303e-05,0.0003309192
-0.0001376122,-0.0001455329,-0.0007512012
0.0004635117,0.0005043466,0.0007197013
0.0001248074,0.0008537179,0.00069895
0.0002651713,0.0005336645,-0.0005375847
0.0004439828,-9.85021e-05,0.0008399369
-1.37257e-05,0.0004976279,-7.00696e-05
0.0003805139,3.52607e-05,0.0003608255
0.0003542719,0.0002453721,0.000592752
0.0002999572,0.0004933524,2.33114e-05
7.04926e-05,0.0008011901,-0.0003349541
0.0001821735,0.0003253854,0.0010004545
0.0003762419,6.51893e-05,-0.0003013858
3.9723e-06,9.38964e-05,-0.0004460347
-7.78049e-05,0.0007853096,0.0008020963
0.0005172161,0.000781034,8.00723e-05
0.0001595932,-0.0002005039,0.0001026547
-0.0001937577,-0.0003061704,0.0002448622
0.0005715309,0.0005770305,0.0001447676
2.71629e-05,0.0005196163,0.000684302
-0.0001669055,0.0004841906,0.0001630776
0.0009084043,2.79312e-05,0.0001111993
-0.0004891323,0.0004414354,5.26073e-05
-7.84152e-05,0.0008250108,0.0004066005
0.0009584471,0.0003754701,8.1293e-05
-0.000205353,0.0001329869,0.0004609201
-9.67235e-05,0.0006979667,-0.0003776774
0.0008730082,0.0002838518,0.0008185753
-0.0003432759,-2.88722e-05,0.0003718115
0.0005105031,-4.4406e-06,-0.0003178648
0.0003957708,0.0005135085,0.0005530804
-0.0003859953,0.0006869725,0.0007819553
0.0008357812,0.0001409272,-0.0004289454
0.0002084155,-0.0004875747,0.0003687598
-0.000400642,0.0007266738,6.17623e-05
0.0008064879,0.0010974227,-4.68769e-05
5.5846e-05,0.0004762503,0.0009443039
4.5826e-06,-6.9795e-05,-0.0001835915
0.000710064,0.0001000043,-0.0005772563
-0.0004586184,0.0007254522,0.0011811131
0.0003231477,0.0009013595,7.64103e-05
0.0008601924,-3.86448e-05,-0.0003563158
-0.0005898282,9.08425e-05,0.0007642556
0.0002236724,0.0005733658,-0.0002476765
0.0004909742,5.41951e-05,0.0004340655
-0.0003774514,-6.55195e-05,0.000669654
0.0004714453,0.0004102851,-0.000624252
0.000165696,0.0006271152,0.0007544903
-0.0001608027,0.000341266,0.0009650552
0.0006691754,-0.0002450915,-0.0007579149
-3.50855e-05,0.000263085,0.0002741582
-0.0001498177,0.0011975921,0.0009644448
0.0007344751,0.0006771999,-0.0004130767
3.3621e-06,-0.0001901205,0.0003638772
1.49573e-05,-5.63577e-05,0.0002765996
0.0005977728,0.0006320015,-0.0004185697
-4.85116e-05,0.0008011901,0.0010169335
0.000139454,0.000459759,0.0001264576
0.0007302032,-0.0002206599,-0.0005778666
-0.0004122373,0.0002386534,0.0006482924
0.0002114669,0.0005605392,0.0005591837
0.0007112845,4.457e-07,-0.000450307
-0.0004024728,0.0003827996,0.0005176811
0.0003969914,0.0006888049,0.0003638772
0.0006301176,0.0001836824,0.0001075373
-0.0003579225,0.00018185,0.0004383378
0.0005611561,0.0002844626,4.52833e-05
0.0004793789,0.0006637626,0.0004554271
-0.0002462416,0.0006332231,0.0007911103
0.0006050962,9.38964e-05,-0.0001732159
0.0001235868,3.83146e-05,0.000152702
-0.0001272374,0.0007627104,0.0004322345
0.0006337792,0.0006973559,0.0001520916
0.0002090257,0.0004909093,0.0003693702
-0.000205353,0.0003174452,-2.61256e-05
0.0004946358,0.000126879,6.8324e-06
0.0001748502,0.0003363796,0.0004658028
2.04498e-05,0.0002673605,0.0004944884
0.0004281155,2.79312e-05,-0.0001304926
0.0001516596,3.46499e-05,0.000693457
9.85654e-05,0.0006234505,7.3969e-05
0.0005672589,0.0003797457,0.0004340655
-5.46144e-05,0.0006100131,0.0001649086
0.0003548822,0.0003162236,0.0002009183
0.0004061455,0.0002783547,0.0001404953
-0.0001028263,0.0007065178,0.0003034542
0.0005989934,0.0006900265,0.000123406
0.0002267238,0.0005312213,0.0002454726
0.000139454,0.0003864643,0.0007123773
0.0004879228,-4.90282e-05,-0.0001060792
-0.0001894858,0.000138484,0.0001575846
9.85654e-05,0.0003809672,0.0004902161
0.0007527834,0.0003693623,0.0001612466
-0.0002688219,0.0004585374,0.000161857
0.0001357924,0.000329661,0.0003620462
0.0006087578,-0.0002340973,7.88517e-05
-0.0003121517,-3.55909e-05,0.0002796512
0.0004555781,0.0005996297,0.0003614358
0.0003219272,0.0007498838,0.000127068
-0.0002047427,0.0004994603,0.0005329394
0.0007027406,-3.19261e-05,0.0001282886
0.0001498288,4.457e-07,0.000101434
-0.0003670767,0.0010180202,0.0002820926
0.0006630726,0.0008805926,0.0002576792
0.0002547966,0.0002313239,0.0003010129
1.06854e-05,0.0001470351,5.50487e-05
0.0003396252,0.0002911813,0.0001868806
0.000202923,0.0003663083,0.0005726111
0.0002132977,3.28175e-05,0.0003089472
0.0004329978,0.0001549753,4.95557e-05
0.0002370985,0.0003424875,0.0004981504
-1.37257e-05,0.0002826302,0.0002796512
0.0006807706,3.03744e-05,0.0004725164
0.0003371841,0.0005019035,-0.0001384269
-0.0001296786,0.0009984749,0.0004615305
0.0004836508,0.0007730938,0.0005219534
0.0004873125,4.93088e-05,0.0001148613
-0.0002438005,0.0002246053,-0.0003129821
0.0004561883,0.0010027504,0.00066233
0.0004427622,0.0012397366,0.0005207328
-8.26871e-05,-0.0002133305,0.0001465986
0.0002792077,-0.0002780741,-0.0002586625
0.0003634261,0.0003650867,0.0005567424
-0.00033046,0.0003247747,0.0005475874
0.000508062,0.000216665,-1.51396e-05
0.00052576,0.0001140525,0.0003669288
-0.0003750103,0.0001244359,0.0004456618
0.0004354389,0.0004011233,-6.70179e-05
0.0004702247,0.000349817,0.0003254262
-0.0004146784,0.0007914175,0.0001954253
0.000868126,0.0007932498,0.0002338762
0.0001467774,0.0004237225,0.000117913
-0.0003603636,0.0001122201,0.0004285725
0.0010432758,0.0002954568,0.0001606363
0.0002602891,0.0003101157,0.0005256154
-0.0004567876,0.0006790323,3.61284e-05
0.0010560916,0.0002710252,0.0006006864
-1.06743e-05,-0.0002768525,0.0002454726
-0.0001888755,-0.0001235445,-6.51869e-05
0.000749732,0.0007529377,-1.94119e-05
-2.04388e-05,0.0008549395,0.0008802189
-0.0002035222,0.0004139499,-0.0002336388
0.0009840788,-0.0002237139,0.000136223
-0.000260278,1.87694e-05,0.0004719061
-0.0002230511,0.0009215155,-0.0001579575
0.0008376121,0.0008469993,0.0006800297
0.0001608138,0.0001274898,0.0005658974
-2.71518e-05,-2.45967e-05,-0.0005168333
0.0004024839,0.0002765223,0.000728246
0.000165696,0.0002545339,0.0007093257
8.08674e-05,0.0001409272,-0.0008030795
0.0004085866,0.0008250108,0.0004865541
9.42935e-05,0.000702853,0.0007886689
-0.0001193038,-9.05619e-05,-0.0006102143
0.0005666486,-0.0001724076,9.34997e-05
0.000132741,0.0005623716,0.0006373064
-0.0001565308,0.0009972533,8.43447e-05
0.0006667342,0.0003308825,0.0003797458
7.3544e-05,-0.0003422069,0.0003974455
-5.7921e-06,-0.0001491976,-0.0002696485
0.0005721411,0.0005342753,0.0007160393
-0.0001095394,0.0009435039,0.0003449569
0.0002224519,0.0004157822,-0.0002354698
0.0006502567,0.0002545339,0.0001612466
-0.000231595,0.0001433703,0.0003370225
0.0001632549,0.0003369904,-0.0001939672
0.0004989078,0.0007706506,0.0002045803
6.56104e-05,0.0005043466,0.000704443
0.000220621,0.0001745206,-0.0002586625
0.0002712741,-9.66698e-05,0.0003919525
-0.0003158133,0.0002343779,0.0004932678
0.0004836508,0.000407842,9.83823e-05
0.0004671733,0.0003852428,0.0002100733
-0.000356702,0.0006759783,0.0006159447
0.0005758028,0.0002123895,0.0002674446
0.0005391861,-0.0005058984,0.0002045803
-0.000580674,0.0004053988,-0.0001964085
0.0007350854,0.0010882609,0.000645851
0.00037197,0.0006179534,0.000656837
-0.0004781473,0.0001213819,-0.000527209
0.0009462416,-0.0002518102,0.0003101679
-5.40041e-05,0.0003650867,0.0003101679
-0.0003719589,0.001140178,-6.09146e-05
0.0010390038,0.0004866337,0.0004615305
-2.34902e-05,-0.0001223229,0.0004175865
-0.0002108455,0.0001904011,-0.00054735
0.0007570554,0.000384632,0.0009632242
2.89937e-05,0.0002355995,0.0005213431
0.000246863,0.0005806952,-0.0007573045
0.0004982975,0.0005770305,0.0011475447
-5.33938e-05,0.000141538,0.0006196067
0.0005526123,-0.000295787,-0.0008378685
1.12957e-05,0.0004866337,0.0005085261
0.0001699679,0.0011334593,0.0008942566
0.0004275053,0.0005544313,-0.0007396049
-7.84152e-05,-0.0001876773,0.000636696
0.0001132121,0.0001293222,0.0002076319
0.0004146894,0.0003101157,-0.0002415732
-0.0001632438,0.0005519882,0.0010016752
0.0004781583,0.0005287782,7.3969e-05
0.0002132977,0.0001665803,-0.0003013858
-0.0001345608,0.0001665803,0.0008893739
0.0004207922,0.0002160542,-4.13839e-05
0.0002059743,0.000184904,-5.05389e-05
5.8032e-06,0.0005428263,0.0007068843
0.0003371841,0.0006228397,-0.0002208218
9.36832e-05,0.0001885687,9.7772e-05
0.000139454,-5.94116e-05,0.0004596995
0.0002035332,0.000647882,-0.0004619034
6.50001e-05,0.0007443867,0.0006391374
0.0001894968,0.0003748594,0.0004218588
0.0002273341,-1.3867e-06,-0.000459462
-2.996e-07,0.0003577573,0.0005219534
0.0002145182,0.0003369904,0.000739232
0.000339015,0.0002105571,-0.0003550951
3.32657e-05,0.0001684127,0.00071726
0.0002145182,0.0003369904,0.0005207328
0.0003176552,0.0003302718,-0.0004313867
0.0001345718,0.0005281674,0.0006373064
0.0002285546,0.0005770305,0.0005335497
0.0003475588,0.0003522602,-0.0005833596
-8.8435e-06,0.0002142218,0.000709936
0.0002078052,0.0001751314,0.0005286671
0.0004415417,0.0001879579,-0.0003892737
-0.0001809419,0.0005055682,0.0003913422
0.0003792933,0.0005483234,0.0007276356
0.0004079764,0.0001769637,-0.0002531695
-0.0002029119,0.0001714666,0.0002991819
0.0002834797,0.0002160542,0.0005012021
0.000422623,0.0005562637,-0.0002537798
-0.000341445,0.0005367184,0.0005060848
0.0004360492,0.0003638652,0.0002827029
0.000378683,0.0002765223,-0.0001408682
-0.0002993358,0.0003461523,0.0002619516
0.0004653425,0.0002643065,0.0004456618
0.0003426766,0.0004212793,-0.0002849068
-0.0003091003,0.0006814754,0.0002888062
0.0005349142,0.0004854122,0.0002454726
0.0003213169,0.0001140525,0.0002436416
-6.2548e-05,8.47346e-05,0.0002296039
0.0001858352,0.0002869057,6.54243e-05
0.0002499144,0.0005165624,0.0005176811
0.0003530513,0.0004658669,0.0003046749
0.0001955996,5.66383e-05,0.0002601206
6.92721e-05,0.0005287782,0.00013073
0.0003841755,0.0004658669,0.0002588999
0.0001992613,0.0003785241,0.0001758946
8.75804e-05,0.0002783547,0.0002601206
0.0003548822,0.0005464911,-0.0001091309
0.0001943791,0.000439603,0.0004328448
0.0001736296,0.0003125589,0.0002991819
0.0004384903,0.000129933,0.0002009183
8.81907e-05,0.0002258268,0.0002222799
-0.0001327299,0.0005330537,0.0002656136
0.0005446786,0.0004701424,9.5941e-05
0.0002120771,4.50333e-05,0.0003565532
-0.0001919269,0.0005190056,1.59874e-05
0.0004531369,0.0006564331,0.0001008237
0.0001559316,0.0003284394,0.0005579631
-0.0001815522,0.0002331563,-0.0002916205
0.0004964667,0.0005067898,-6.39663e-05
2.59423e-05,0.0003430983,0.0007953826
-0.0001882652,0.0004866337,-0.0003215268
0.0008534793,3.95362e-05,6.222e-06
-0.0003737898,0.0001580293,0.000774021
3.3876e-05,0.0005391616,-0.0001695539
0.0008608026,0.0002472045,0.0001484296
-0.000532462,-8.81187e-05,0.0009247732
0.0002749358,0.0005025143,-0.0006388999
0.0009395285,0.0002178866,0.0007258046
-0.001017633,0.0006454389,0.0003968352
0.0009608882,0.00051473,-0.0002958928
0.0005861775,0.0001323761,0.0005066951
-0.0008247852,0.000619175,0.0003821872
0.0009474621,0.0006405526,-0.000598618
0.0005776337,1.75478e-05,0.001219564
-0.000782676,-1.4824e-05,-0.0001542955
0.0010383935,0.0004139499,-0.0007353326
0.0002132977,0.0005190056,0.0015857638
-0.000433597,0.0003577573,-0.0001433095
0.0009981152,-1.9975e-06,-0.0008360375
-0.0001620233,0.0002380426,0.0013861849
-0.0003628047,0.0006411634,-0.0002159392
0.000824186,0.0004060096,-0.0006858956
-0.0001565308,8.41238e-05,0.0015711158
-9.4538e-06,0.0004542619,-0.0006999332
0.0007704815,0.0003620328,-5.17596e-05
-0.0003640253,0.0004341059,0.0014411149
9.42935e-05,0.000184904,-0.0007115296
0.0006313381,0.0003088941,-0.0003270198
-0.0002877406,0.0006771999,0.0016352008
3.32657e-05,0.0002698036,-0.0009648178
0.0005294217,-1.651e-07,-0.0001426992
-0.0002010811,0.0001690235,0.0014234153
0.0003469486,0.0004212793,-0.0005717633
0.0003884475,0.0001708558,0.0001057063
-0.0001113702,0.0002172758,0.001258015
0.0004354389,5.1752e-05,-0.0005900733
0.0004427622,0.0001580293,0.0001832186
-0.0002779761,0.0003473739,0.0010871218
0.0003988222,0.0006546007,-0.0009745831
0.0005684795,0.0004707532,0.0006208274
-0.0001382224,0.0003705838,0.0009089045
0.0005135545,0.0004878553,-0.0010124237
0.0001144326,0.0007639319,0.0005390427
-9.61133e-05,0.0004970172,0.0009870272
0.0007460704,-0.0001003345,-0.0009941138
-0.000113201,0.0001598616,0.0005555217
-0.0003060489,0.0004615914,0.000700781
0.0008040468,-2.88722e-05,-0.000472279
-5.76657e-05,-0.0001461437,0.000728246
-2.34902e-05,0.0003198883,0.0003083369
0.0003561027,0.0006790323,-0.0005796976
-0.0001308991,0.0005868031,0.0010004545
0.0001870557,0.0001207711,-6.51869e-05
0.0004275053,0.0002417074,-0.0004875374
-0.0003823336,0.0009435039,0.0008631296
0.000486092,0.0004438785,0.0004474928
0.0004293361,-3.8034e-05,-0.0005864113
-0.0002523444,4.07578e-05,0.000720922
0.0002651713,0.0007132365,0.0002650032
0.0002309957,0.0002215513,-3.10083e-05
-0.0001699569,-0.0002084441,0.0004163658
0.0005434581,0.0002856842,-0.0001359856
-1.5202e-06,0.000659487,0.0003467879
-0.0001412738,0.0006619302,0.0003931732
0.0008864343,-0.0001174366,0.0001404953
8.2443e-06,0.0001653587,-4.38253e-05
-0.0001900961,0.0005947434,0.0005640664
0.0007668198,0.0004780827,0.0002753789
1.49573e-05,9.63396e-05,0.0002918579
-3.32546e-05,0.0003119481,-5.05389e-05
0.0004763275,0.0006197857,0.0002991819
-3.02032e-05,0.0006051268,0.0004578685
0.0002084155,0.0002545339,-0.0001884742
0.0003219272,0.0003950154,-0.0001494129
-0.0001888755,0.0007065178,0.0003815768
0.0002157388,0.0003705838,0.0002271626
0.0002126874,-0.0001131611,4.16214e-05
-0.0001308991,-3.43693e-05,0.0002473036
0.0001577624,0.0005342753,-2.00223e-05
0.0002761563,0.0004225009,0.0008320026
4.73021e-05,3.03744e-05,0.0001813876
0.0002285546,-6.36871e-05,-0.0002208218
8.81907e-05,0.000549545,0.0004371171
6.50001e-05,0.0006301692,0.0003895112
0.0004506958,0.0004316627,-0.0001207272
2.35012e-05,0.0004927416,0.0003742528
0.0001504391,0.0005580961,0.000127068
0.0004091969,0.0001329869,0.0002515759
3.02143e-05,0.0002575879,0.0002820926
0.0004085866,0.0002355995,0.0002729376
0.0003005674,0.0005971866,0.00011242
0.0002493041,0.0005055682,0.0005616251
0.0004287258,-0.0001455329,0.0001826083
0.0001602035,5.332e-06,-0.0001085206
-1.67771e-05,0.0006387202,0.0004316241
0.0006447642,0.000662541,0.0004780094
2.77732e-05,0.0001323761,-9.6466e-06
9.79551e-05,0.0004817474,3.67387e-05
0.0004165203,0.0005281674,0.0003248159
6.98824e-05,0.000294846,0.0003730322
0.0001425054,0.0002801871,7.45793e-05
0.0003133833,0.000361422,-0.0001921362
-0.0003493786,0.0006674273,0.0003217642
0.0003371841,0.0005990189,0.0003638772
0.0003774625,-3.43693e-05,-2.24636e-05
-0.0004378689,-0.0001467545,0.0002827029
0.000242591,0.0003235531,0.0002601206
0.0005153853,0.0001995629,0.0003199332
-0.0002572267,6.82433e-05,0.0007142083
0.0005996037,0.0002881273,-1.45293e-05
0.0003750214,0.0006753675,0.0001624673
-0.000378672,0.0004261656,0.0008283406
0.0008101496,0.0003272178,-0.0002269252
0.0002126874,0.0002844626,-4.916e-07
-0.0004659417,0.0009086889,0.0003901215
0.0008614129,0.0008115735,1.96494e-05
0.0004799892,0.0002203297,0.0002454726
-0.0004171195,-7.16274e-05,0.0003675392
0.000683822,0.0003229423,-0.0002586625
0.0001553213,0.0003443199,0.000693457
-0.0002907919,3.52607e-05,0.0003553325
0.0009157277,-6.1244e-05,-6.64076e-05
2.65526e-05,0.0003889075,0.0003803562
-0.0002718733,0.0005617608,0.0004163658
0.0009004707,0.0003766917,-3.77219e-05
-4.60705e-05,0.0004487648,0.0001856599
-0.0003530403,0.0005874139,0.0001899323
0.0006801604,0.0006619302,-2.91773e-05
-2.65416e-05,0.0003968478,0.0003644875
-0.0002462416,0.0002978999,-0.0001921362
0.0007179976,0.0002191082,0.0004993711
1.80087e-05,0.0002997323,0.0005848177
-0.0002389183,-0.0001559163,4.6504e-05
0.0005422375,-0.0001015561,9.65513e-05
-3.56957e-05,0.0006307799,0.0005085261
0.0001687474,0.0007443867,0.0003425155
0.0005831262,0.0003357689,0.0003834078
0.0001467774,5.29736e-05,0.0003004025
-3.08135e-05,0.0002313239,-0.0001957982
0.0006252353,0.0004585374,0.0006379167
0.0001144326,0.0010381762,0.000136223
0.0002956852,0.0004573159,0.0001697913
0.0002712741,0.0001482566,7.27483e-05
0.0003286402,3.46499e-05,0.0003333605
-3.14238e-05,0.0004060096,-0.0001970189
0.0003121627,0.00056115,0.0006269307
0.0003292505,0.0005092329,0.0001148613
0.0001797324,0.0002075032,-7.98349e-05
0.0002877516,7.92375e-05,0.0006214377
0.000297516,0.0002172758,0.0002003079
0.0001052785,0.0002924028,7.70207e-05
0.0002309957,0.000471364,0.0004181968
0.0002602891,0.0004206685,0.0003364122
-7.71946e-05,0.0003791349,-9.26519e-05
0.0001693577,0.0002710252,0.0005219534
0.0003493897,0.0002093355,0.0001838289
0.0001260279,0.0005642039,0.000116082
0.0001351821,0.0003907399,0.0006592783
0.0002901927,0.0003626436,-3.83323e-05
0.0002541863,0.0001103877,0.0005262258
0.0001168738,0.0005721442,0.0003248159
0.00041591,0.0002496476,0.0002497449
2.71629e-05,0.0003430983,0.000154533
0.0003023983,0.0002087247,0.000629372
0.0003731905,0.0003944046,-0.0004368797
5.8032e-06,0.0006888049,0.0003974455
0.0002023127,0.0009386176,0.0003406845
0.0005648178,0.0002392642,-4.1536e-06
-6.4024e-06,-0.0001528623,0.0003827975
0.0001711885,0.0003040078,-1.102e-06
0.0004909742,0.0005678687,0.0003858492
5.46254e-05,0.0004683101,0.0005298878
0.0004299464,0.0004560943,0.000114251
0.0005416272,8.90101e-05,0.0002851442
-0.0005721301,0.0002203297,0.0002015286
0.0005996037,0.0004774719,4.16214e-05
0.0004366594,0.0005721442,0.0002881959
-0.0004281045,0.0007217875,0.0003773045
0.0005062311,0.0004841906,-0.0001274409
0.0003902783,-0.0003703032,0.0008527539
-0.0006502457,0.00027469,-0.0003911047
0.0007643787,0.0004909093,0.0003425155
2.89937e-05,0.0007462191,0.00069895
-0.0002730939,0.000126879,0.0001691809
0.0005098928,-9.91129e-05,-0.0004991337
2.9604e-05,0.0001653587,0.0010291401
-6.98713e-05,0.0006252828,1.9497e-06
0.0006569698,0.0005116761,-4.93183e-05
9.4648e-06,0.0003736378,0.0008503126
0.0001223663,0.000448154,-0.0002665968
0.0005202675,0.0001464243,0.0002924682
2.22807e-05,0.0001751314,0.0008881532
0.0004909742,0.000352871,-0.0002525592
0.0002877516,0.0009532765,-0.0003166441
-0.0001077085,0.0007547701,0.0011933197
0.0007192181,5.23628e-05,-0.0002330285
0.0002993469,-0.000182791,-0.0001243892
-0.0002517342,0.000474418,0.0006891847
0.0003884475,0.0005324429,9.16687e-05
0.0004183511,0.0002178866,0.0002765996
3.44862e-05,-9.05619e-05,0.0006836917
0.0004537472,0.0002807978,-0.0003190855
9.24626e-05,0.0004218901,0.0004279621
-1.79977e-05,0.0004811366,0.0008179649
0.0005831262,0.0003449307,-0.0006602616
-0.0001113702,0.0005831384,0.0002845339
-2.65416e-05,0.0006320015,0.000702612
0.0006081476,-0.0001058316,-0.0003068788
-0.0001412738,0.0001305438,0.0002198386
0.0001138224,0.0007278954,0.0008899842
0.0006984687,0.0003602004,4.8335e-05
-0.0003274086,1.99909e-05,0.0001917633
0.0002273341,9.81719e-05,0.0003156609
0.0005703103,0.0004615914,6.05417e-05
-0.000161413,0.0004121175,0.0006885743
0.0003139936,0.000263085,-0.0001182859
0.0005428478,0.0003040078,-5.78629e-05
-0.0002676014,0.0005501558,0.0003992765
0.0005507814,0.0003211099,0.0003168815
0.0004403211,0.0003235531,-0.0001951879
-5.8276e-05,0.000361422,0.0005915314
0.0003963811,0.0005849708,2.94147e-05
0.0003921091,0.00020506,0.0004114831
1.80087e-05,0.0002380426,0.0003895112
0.0003573233,0.0002154434,7.88517e-05
0.0002828694,0.0005202271,0.0004310138
7.90365e-05,0.0002007845,0.0005189018
0.0004281155,0.0002905705,9.47203e-05
0.0001339615,0.0006564331,0.0004444411
0.0001406746,0.0004676993,0.0005201224
0.0002010921,9.38964e-05,-0.0002604935
-1.8608e-05,0.0005507666,0.0002790409
0.0003139936,0.0004255548,0.0006562267
0.0001852249,0.0002307132,-0.0003611984
-1.4336e-05,0.0003516494,4.1011e-05
0.0003414561,0.0004915201,0.0005646767
0.0001888866,0.0001452027,0.0001173026
3.57068e-05,0.0002105571,-0.0001274409
0.0003078908,0.0001195496,0.000623879
0.0001302999,0.0005751981,-2.61256e-05
0.0001730193,0.0007162904,0.0001185233
0.0003603747,0.0001763529,0.0006427994
0.000264561,-2.09319e-05,3.0025e-05
0.0001443363,0.0001305438,-1.14776e-05
0.0001669166,0.000682697,0.0005439254
0.0003524411,0.0006649841,0.0001704016
0.0002419808,0.0005318321,8.06827e-05
0.0002126874,0.000263085,0.0007551006
0.0002224519,-1.9975e-06,-0.0002470662
7.3544e-05,0.0003040078,5.81003e-05
0.0002462527,0.0007046854,0.0006849123
0.0003951605,0.000647882,0.000127068
5.5846e-05,0.0001042798,0.0001942046
0.0003432869,-5.45253e-05,0.0003290882
8.57496e-05,0.0001061122,-7.2053e-06
4.85226e-05,0.0003553141,0.0005366014
0.0006136401,0.000404788,0.0005286671
2.1415e-06,0.0003595896,-0.0003471608
-0.0001528691,0.000396237,0.0004731268
0.0009206099,0.0001904011,0.0006446304
-2.9593e-05,0.0002722468,-0.0004991337
-0.0002157278,0.0008494424,0.0001752843
0.0007631582,0.0010021397,0.0005817661
6.19487e-05,-4.29203e-05,0.0001832186
-0.0002169483,-3.25369e-05,-0.0004014804
0.0009376977,0.0001488674,0.0009467452
-0.0001736186,0.0005550421,0.0001740636
0.0001272485,0.0003974585,5.749e-05
0.0007216593,0.0001598616,0.0004322345
-0.0002352566,0.0001335977,0.0001868806
0.0001498288,0.0003675299,-8.22762e-05
0.0005550534,0.0002331563,0.0005414841
-0.0003182545,0.0004817474,-0.0001628402
0.0005648178,0.0006997991,7.58e-05
0.0004238436,0.0003547033,0.0008948669
-0.000113201,1.51046e-05,-0.0001158446
0.000602655,9.63396e-05,-5.9846e-06
0.0002157388,0.0004957956,0.0011512067
-2.89827e-05,0.0005654255,7.0307e-05
0.0007894001,-0.0001021669,0.0001606363
-0.00028652,0.0003351581,0.0004432205
0.0002962955,0.0006997991,-2.85669e-05
0.0004995181,0.0002093355,0.0004841128
0.0001016168,0.0001061122,0.000605569
-3.9613e-06,0.0005580961,-0.0008836435
0.0001602035,0.0005977973,0.0007752416
0.0002230621,0.0006289476,0.0004438308
0.0004787686,0.0001598616,-0.0006645339
-0.0003353422,0.0003052294,0.0004120935
0.0002932441,0.0002869057,0.0005622354
0.0003634261,0.0003162236,-0.0008824228
-0.0001534794,3.52607e-05,0.0010303608
0.0002108566,0.0006283368,0.0001002133
0.0005611561,0.0001842932,9.9603e-05
-0.0003158133,-0.0001174366,0.0006653817
0.000580685,-6.06332e-05,8.06827e-05
0.0001321307,0.0005947434,-0.0001494129
-0.0002901817,0.0011377348,0.0009095149
0.0008113701,0.000506179,9.2737e-06
0.0001705782,2.36557e-05,-0.0003428884
-0.0003329011,0.0003736378,0.0007361803
0.0007045715,0.0005654255,0.0001966459
7.96468e-05,0.0003620328,0.0001661293
-0.0001345608,0.0003944046,0.0002900269
0.0008644643,0.0001085554,0.0005689491
-0.0001772802,6.82433e-05,1.3546e-05
0.0002059743,-2.03211e-05,0.0006409684
0.0007326443,8.04591e-05,0.0003010129
-0.0003695178,0.0005678687,-0.0003465504
0.0002444219,0.0005128977,0.0008320026
0.0007576657,8.71777e-05,0.0001118096
-0.0001681261,5.66383e-05,-0.0003142028
4.24198e-05,0.0009709894,0.0002033596
0.000721049,0.0008720416,0.0007978239
-2.71518e-05,0.0005122869,-0.0003813394
0.0001473877,5.11412e-05,0.0003168815
0.0002657816,0.0004255548,-2.933e-06
-8.39077e-05,0.0006613194,0.0001850496
0.0002047538,0.0004298304,0.0003498395
0.0003670877,-0.0001137718,0.0004999814
-0.0001760597,0.0001146632,-0.0002385215
-1.92182e-05,-3.31477e-05,0.0004334551
0.0002993469,0.0002496476,0.0005970244
0.0001992613,0.0002478152,-3.89426e-05
7.634e-06,0.0002698036,0.0002930785
0.0003542719,0.0004322735,0.0004896058
0.0002413705,0.0002178866,3.1856e-05
0.0001010065,0.0004408246,-4.74873e-05
0.0002950749,0.0008451669,0.0004548168
0.0003109422,0.0007718722,0.0001746739
0.0001974305,0.0002227729,0.0002918579
0.0004543575,0.0001048906,4.04007e-05
-2.10491e-05,0.000462813,-3.5433e-06
0.00035,0.0006026837,0.000655006
0.0005025695,8.77885e-05,0.0003620462
-0.0001699569,-0.0003251048,-0.0001768779
0.0002090257,8.47346e-05,0.0002405899
0.0002493041,0.0003711946,0.0004120935
6.13385e-05,0.0005159516,8.00723e-05
0.0004207922,0.0004799151,0.0002088526
0.0001901071,0.0002502584,8.6786e-05
-0.0001266272,0.000161694,0.0002015286
0.0004763275,0.0004780827,0.0001612466
7.65954e-05,0.0006839186,0.0002985715
-8.14666e-05,0.0009917562,2.2701e-05
0.0006929762,0.0003345473,0.0005634561
-0.0001406636,-0.000162635,-8.47176e-05
-0.0001772802,0.0001977305,-7.43419e-05
0.0004366594,0.0007443867,0.0003632668
-0.000205353,0.000529389,0.0005512494
0.0002401499,-2.6429e-05,-4.99286e-05
0.0002889722,-0.0003855729,0.0002503552
-0.0002212203,3.03744e-05,0.0005933624
0.0004567986,0.0003504278,0.0001819979
0.0004140791,0.0004927416,0.0004596995
-7.3533e-05,0.0004518188,0.0004444411
0.000378683,0.0003632544,-0.0001823709
0.0003872269,0.0003944046,0.0001374436
-0.0001302888,0.0006081808,0.0002753789
0.0004525267,0.0012098079,-7.61729e-05
0.0003585438,0.0005538205,0.0003602152
-0.0001235758,-4.84174e-05,6.23727e-05
0.0003652569,-0.0001351495,-7.8156e-06
0.0002126874,0.0002997323,0.0002662239
-0.0002279333,0.0004408246,0.0005390427
0.0005056208,0.0001433703,3.7349e-05
0.0003597644,-0.0003214401,0.0004493238
-0.0005605348,7.00756e-05,-0.0002513385
0.0004043147,0.0005159516,0.0001642983
0.0004891433,0.0006472712,0.0005854281
-0.0002846892,0.0004866337,-0.0001311029
0.0002987366,0.0002936244,6.8324e-06
0.0002767666,0.00027469,0.0004767888
-0.0002248819,0.0002856842,0.0001551433
0.00050379,0.0004615914,0.0001313403
0.0001962099,0.0006448281,0.0006653817
-0.0001522588,4.8698e-05,0.0002393692
0.0003683083,-0.0003196077,3.67387e-05
0.0002731049,-0.0001253768,0.0005158501
-0.0001870447,0.0008561611,-0.0001402579
0.000433608,0.0005825276,0.0007068843
0.0003518308,5.48059e-05,0.0003364122
3.81479e-05,-0.0005321623,-0.0002788035
-0.0001437149,0.0006466605,-0.0001896949
0.0005489506,0.001328301,0.0008985289
0.0003860064,0.000506179,9.34997e-05
9.12421e-05,-0.0002066118,-0.0003026065
0.0002212313,0.0001940658,0.0001807773
1.5312e-06,0.000436549,0.0002845339
0.0001998716,0.0003333257,0.0003693702
0.0007002995,0.0004579267,5.1997e-05
-3.38649e-05,0.0001641372,0.0005335497
-0.0002462416,0.0003797457,-7.37316e-05
0.0008931474,-0.0002169952,0.0007856173
-0.0003170339,0.0002423181,-0.0003001651
-5.21732e-05,0.0012281316,5.99313e-05
0.0006435437,0.0008964732,0.0008588572
-0.0003335114,-0.0003916808,0.0001704016
0.0001321307,-0.0003666385,-0.0008775401
0.0002926338,0.0007816448,0.0007068843
-0.0003152031,0.0011566693,0.0010352435
0.0005239292,8.83993e-05,-0.000593125
0.0001870557,-0.0005810254,0.0005250051
-0.0005263593,0.0001445919,0.0002332659
0.0006581903,0.0005544313,1.3394e-06
0.0003194861,0.0004053988,0.0008173546
-0.000102216,0.0004835798,-4.68769e-05
0.0007601068,0.0003705838,-0.0002452352
-0.00026455,0.0001659695,0.000667823
0.0002383191,0.0003345473,-8.426e-06
0.0007906207,0.0006442173,-0.0003770671
-0.0002627192,0.0008659337,0.0011286244
0.0002328266,0.0004640345,-0.0001384269
0.0007485115,-0.000440544,-0.0001805399
-0.0006801493,-3.07045e-05,0.0004767888
0.0004207922,0.0009239587,5.62693e-05
0.0006270662,0.0004976279,0.0004090418
-0.0005428368,0.0001207711,0.0002674446
0.0003908886,-1.84888e-05,-0.0001951879
0.0002511349,7.80159e-05,0.0003339709
-0.0003579225,0.0003620328,0.0006263204
0.0004305567,0.0007395004,-0.0003776774
0.0002944647,0.0004389922,0.0008387162
-0.000514764,0.0002203297,0.0002247213
0.0005788542,2.18233e-05,-0.0004307764
9.30729e-05,0.000448154,0.0006635507
-0.0003621945,0.0009581629,0.000620217
0.0006136401,0.0003681407,-0.000536364
0.0003219272,-0.0003489256,0.0008796086
-0.0004616698,0.0002930136,9.28893e-05
0.0009309846,0.0005422155,-1.63603e-05
0.0002200107,0.0002508692,0.0010974974
-0.0001662952,0.0003040078,-0.0001915259
0.0008821624,0.0003522602,-0.0001451405
-0.0003713486,0.0003204991,0.0009632242
9.73449e-05,0.0005568745,-0.0003624191
0.0011696033,0.0002612526,-0.0001433095
-0.0004769267,0.0005519882,0.0012867007
0.0002389294,0.0006381094,-0.0006999332
0.0008986399,-7.71245e-05,0.0003254262
-0.0005574834,0.0002380426,0.0008924256
0.0005483403,0.0005550421,-0.0006517169
0.0006697856,0.0003675299,0.0008173546
-0.0006636718,0.0002410966,0.0008143029
0.0006819912,-7.71245e-05,-0.0010911567
0.0002493041,0.00022827,0.000766697
-0.0006569587,0.0008262324,0.0007020017
0.000956006,0.0003571465,-0.0006614823
-1.37257e-05,-0.0001632458,0.0007142083
-0.0003951495,0.000419447,0.0002460829
0.0007820768,0.0005232811,-0.0002763621
-8.94002e-05,0.0004011233,0.0009510175
-6.49891e-05,0.0001653587,0.0002936889
0.0007613273,0.0001647479,-0.0005388053
-0.0002968947,0.0001726882,0.0011487654
-1.00641e-05,0.0003571465,-8.65486e-05
0.0008723979,0.0002734684,-3.22289e-05
-0.0001772802,0.0001745206,0.0010254781
0.0001132121,0.0004023449,-0.0004283351
0.0007295929,0.0003009539,6.23727e-05
-0.0003060489,0.0006197857,0.0008551952
0.0005831262,0.0004438785,-0.0001860329
0.0004171305,0.0004066204,-0.0002110565
-0.000297505,0.0005990189,0.0010602671
0.0003634261,8.59562e-05,-0.000549181
0.0004079764,0.0001458135,0.0001575846
-5.09527e-05,0.0004334951,0.0011444931
0.0002602891,0.0005354969,-0.0005406363
0.0003945503,0.0001592508,0.000629372
-0.0001559205,0.0001958982,0.0006885743
0.0004311669,6.09138e-05,-0.0004661757
-2.34902e-05,0.0004457109,0.0003327502
-4.54602e-05,0.0007266738,0.0007496076
0.000411638,0.0004261656,-0.0006572099
5.09637e-05,0.000208114,0.0005884797
-5.58349e-05,0.0003021755,0.0004639718
0.0002920235,0.0005868031,-0.0006266933
0.0001126018,0.0003595896,0.0011335071
8.4529e-05,0.0002991215,-9.81449e-05
0.00048182,0.0001910119,-8.83796e-05
-0.0002004708,0.0005568745,0.0007776829
0.0002267238,7.61835e-05,0.0002247213
0.0005794645,0.0001189388,-0.0003105408
-1.06743e-05,0.0002349887,0.0010321918
7.96468e-05,0.0005935218,-7.86143e-05
0.0005349142,0.000639331,-0.0001280512
8.81907e-05,0.0002594202,0.0008661812
0.0002901927,0.000216665,-0.0003770671
0.0002847002,0.0004170038,0.0001569743
0.0001052785,0.0005019035,0.0009247732
0.0001431157,0.0002337671,-0.0003257991
0.0005666486,0.0003748594,0.0001594156
1.5312e-06,0.0004115067,0.0009461349
0.0002279444,0.0003876859,-0.0002665968
0.0001089401,0.0002942352,0.0001691809
0.0003139936,8.10698e-05,0.0008429886
-9.4538e-06,0.0004756395,-0.000552843
0.0002822591,0.0006765891,0.0006507337
0.0002761563,-6.85735e-05,0.0009028012
5.21843e-05,-7.89569e-05,-0.0006895576
0.000117484,0.0007541593,0.0003541118
0.0002871413,0.0006869725,0.0012531324
9.73449e-05,0.0003827996,-0.0006785716
0.0003329122,1.57154e-05,0.0003504498
3.87582e-05,0.0002624742,0.0005958037
-2.16593e-05,0.0007700398,-0.000556505
0.0006234045,0.0007101825,0.0007770726
7.17132e-05,-0.0002151628,0.0008112513
0.0001492185,0.0001250467,-0.0009593248
0.0003518308,0.0003889075,0.00077219
0.0001498288,0.0004835798,0.0009662758
0.0002737152,0.0003711946,-0.0009672591
0.0004317772,0.0005782521,0.0004963194
1.67882e-05,0.0006094023,0.0008930359
0.0001602035,0.0004267764,-0.001086274
0.0005275909,-0.0001094963,0.0009784825
-2.7407e-06,0.0002844626,0.0004688545
0.0003432869,0.0006881941,-0.0004319971
0.0004110278,0.0002643065,0.001250691
0.000143726,-0.0001039992,0.0002888062
0.0002145182,0.0002936244,-0.0006102143
0.0003414561,0.0006429957,0.0015094722
0.0001992613,0.0005245027,2.88044e-05
9.61243e-05,0.0001445919,-0.0007707319
8.14776e-05,0.0005043466,0.0012061367
0.0003811241,0.0004676993,0.0001533123
-8.94002e-05,0.0004560943,-0.0006126556
0.0002627302,0.0004255548,0.0010895631
0.0001479979,0.0001305438,-5.60319e-05
-7.59741e-05,0.0002643065,-0.0003929357
0.000275546,0.0003009539,0.0010505018
0.0001241971,0.0004139499,-0.0001573472
-2.16593e-05,0.0001824608,-0.0002647658
0.0005123339,0.0001030583,0.0009742102
0.0002114669,0.0001262682,5.99313e-05
-0.0002010811,0.000381578,-0.0004094147
0.0006417128,0.0007511054,0.0010224265
0.0002816488,0.0002013953,0.0003687598
0.0001077196,0.000263085,-0.0003526538
0.0004842611,0.0004005125,0.0009052425
7.0237e-06,0.0006515468,6.8476e-05
0.0005446786,0.0003204991,0.0001539226
0.0004354389,0.0005770305,0.0003016232
-5.21732e-05,0.0006374986,0.0005317187
0.0002450321,0.0003345473,-0.0001951879
0.0005532225,-0.0003116675,0.0007203116
-0.0002627192,0.000315002,-0.0004381004
0.0003060599,0.0007211767,0.0005707801
0.0004830406,0.0002661389,0.0010230368
6.80515e-05,-0.0004857423,-0.0004564104
0.0001644754,4.8698e-05,-9.87552e-05
0.0002291649,0.0010723804,0.0009742102
0.0001968202,0.0006216181,0.0003925628
0.0002560171,6.0303e-05,-0.0004063631
0.0004037044,-3.07045e-05,0.0005457564
-0.0003036078,0.0008152382,0.0001185233
0.0002926338,0.0008879221,0.0004053798
0.0008449354,7.61835e-05,0.0006031277
-0.0004128475,0.0005019035,-0.0004490864
0.0002749358,0.0007419435,0.0005494184
0.0006063167,-5.20822e-05,0.0005683387
-0.0002816378,-0.0001553055,-0.0003557054
0.0002224519,0.0007816448,-9.99759e-05
0.0007064023,0.0006619302,0.0013672646
-0.0003365628,-0.0002383728,-0.0003697431
0.0005312525,-0.0002652475,-0.0003007755
0.0003695289,0.0003321041,0.0011237418
-0.000367687,0.0011395672,-0.0001323236
0.0008821624,0.0004292196,0.0002253316
0.0003908886,-8.38432e-05,0.000700781
-0.0004799781,0.0003711946,-0.0004435934
0.0006819912,0.0009496118,0.0002106836
0.0004464239,0.000616121,0.0012311604
-0.0001473766,0.0002942352,-0.0005827493
0.0006429334,0.0002985107,0.0001722326
0.0001583727,0.000286295,0.0012006437
-0.0001577513,7.80159e-05,-0.0004765514
0.0007845179,0.0002160542,0.0001496503
-2.47107e-05,0.0005385508,0.0010065578
-0.0001547,0.0002618634,-6.33559e-05
0.0006411026,-0.0001919528,-0.0001903052
-0.0001553102,-9.91129e-05,0.0007764623
-8.57385e-05,0.0007822556,-0.0003563158
0.0008168626,0.0008103519,0.0004066005
-0.0001296786,0.0002777439,0.0007581523
-0.000124186,0.0002954568,-0.0008146758
0.0007424087,0.0002618634,0.0004127038
-0.000385385,0.0005403832,0.000739232
0.0003316916,0.0005623716,-0.0003898841
0.0006118092,0.0004341059,0.0001758946
-0.000525749,0.0003663083,0.0008564159
0.0004885331,0.0001000043,-0.0005943456
0.000602655,-0.0002750201,0.0008228476
-0.0005471087,0.0005464911,0.0004163658
0.0004952461,0.0006326123,-0.0004771617
0.0004543575,0.0002123895,0.0009363695
-7.41433e-05,-3.00938e-05,0.0006708747
0.0005025695,0.0002362103,-0.0007853799
6.56104e-05,0.0007272846,0.0008893739
0.0003146038,0.0006631518,0.0008985289
0.0006435437,0.0001904011,-0.000567491
-0.0001437149,0.0002710252,0.0005897004
0.0001894968,0.000506179,0.0005231741
0.0004989078,0.0003571465,-0.0001896949
0.000117484,0.0003345473,0.0004462721
0.0001779016,0.0003290502,0.0002906372
0.000378683,0.0001977305,0.0002369279
3.20451e-05,9.87827e-05,0.0001429366
0.0001498288,0.0001433703,8.80067e-05
0.0002413705,0.0007217875,0.0003284779
0.0004207922,0.000702853,0.0005713904
-8.75694e-05,0.0001226035,-0.0002458455
0.0001534904,0.0001708558,9.83823e-05
0.0004232333,0.0005049574,0.0004011075
-9.06208e-05,0.0002869057,0.0002387589
0.0001101607,0.0003669191,-6.64076e-05
0.0007643787,0.0004603698,0.0005622354
-0.0003481581,0.0003736378,-5.9846e-06
0.000154711,0.000416393,0.000108758
0.0009444107,0.0003113373,0.0006617197
-0.0005648068,0.000416393,6.54243e-05
0.0003139936,0.0003864643,3.97904e-05
0.0007411882,-9.17834e-05,0.00064402
-0.0003774514,-7.4946e-06,0.0001783359
0.0003780727,0.0005721442,-0.0001011966
0.0006526978,0.000647882,0.0007776829
-0.0004323764,0.000341266,0.0002485242
0.0009023015,-0.0001638565,4.2842e-05
0.000180953,-7.59029e-05,0.0005884797
-0.0005025584,0.0009459471,-7.8156e-06
0.0010756205,0.0008647121,7.9462e-05
0.000257848,0.0001647479,0.0008100306
-0.0001699569,0.0002783547,-0.0003642501
0.000699079,0.0001287114,-2.97876e-05
-0.0001595822,0.0003119481,0.0007886689
-1.8608e-05,0.0006778107,-0.0003611984
0.0007247106,0.0005739766,0.000145378
-0.0002895714,0.0004157822,0.0009778722
0.0002078052,6.15246e-05,-0.0004356591
0.0006203531,-0.0004191663,0.0001832186
-0.0004158989,0.0006100131,0.000592752
0.0003908886,0.0011548369,-5.23699e-05
0.0003091113,0.0004750288,0.0005219534
-0.0001583616,-0.000327548,0.0004963194
0.0004574089,-0.0004081721,-0.0002885688
0.0001937688,0.0003302718,0.000744725
-0.0001479869,0.0010424517,0.0003809665
0.0007009098,0.0006790323,-6.39663e-05
0.0002779872,8.65669e-05,0.0003815768
-0.0002413594,0.000141538,-0.0002006809
0.0003878372,0.0005519882,-0.0001280512
0.0003506102,0.0006081808,0.0008265096
-0.0001882652,0.0005037358,-0.0001695539
0.0006691754,2.73204e-05,0.0001282886
-1.98285e-05,2.8542e-05,0.0006336444
5.8032e-06,0.0002154434,0.0002283832
0.0008156421,-0.0001919528,0.0003876802
-5.1818e-06,0.0002362103,0.0004712958
-0.0002456314,0.0010064152,-0.0003630294
0.0008595821,0.0006484928,0.0005823764
-0.0001168627,-0.0001284308,0.0004523755
7.53749e-05,0.000407842,-0.0009513904
0.0007045715,0.0009013595,0.0008368852
-0.0004342073,0.0010339007,0.0004957091
0.0004616808,0.0003547033,-0.0006138763
0.0004201819,-0.0001956176,0.0005713904
-0.0004464128,0.0003162236,0.0007197013
0.0004842611,0.0002459829,-0.0004564104
0.0001974305,0.0001476458,0.0008002653
-0.0001485972,-0.000139425,0.0006141137
0.0006221839,0.0003711946,-0.0008384788
-5.70555e-05,0.000494574,0.0011548687
-0.0001406636,0.0002850734,3.49077e-05
0.0007832973,1.38831e-05,-0.0005259883
-0.0001748391,0.0005306106,0.0008143029
9.4648e-06,0.0008561611,0.0002344866
0.0008186935,0.000462813,-0.0005430777
-0.0001302888,5.48059e-05,0.0009790928
0.0002944647,0.0002612526,0.0001331713
0.0005782439,0.0003669191,-8.04452e-05
-0.0002444108,0.0006662057,0.0007441146
0.000297516,0.0004127283,-0.0002842965
0.0006173017,0.0001244359,0.0002058009
1.73984e-05,0.0001262682,0.0008167443
-0.0001595822,0.000338212,-0.0007524219
0.0004177408,0.0004457109,0.0004426101
0.0002401499,0.0002856842,0.0006922363
0.0001058888,0.000318056,-0.0007481496
7.29337e-05,0.0004200577,0.0004096521
0.0002084155,0.0002679713,0.0008612986
0.0001675268,-6.8838e-06,-0.0006993229
0.0002462527,0.0005037358,0.0002143456
9.79551e-05,0.0008549395,0.0011536481
0.0001632549,0.0005122869,-0.00051073
0.0002969058,-0.000327548,0.0002930785
-1.06743e-05,-5.26929e-05,0.0005866487
0.0002920235,0.000749273,-5.23699e-05
0.0002218416,0.0006961344,0.0008393266
9.73449e-05,-8.20108e-05,0.0005121881
0.000433608,5.41951e-05,-0.0007487599
8.02571e-05,0.0006778107,0.000684302
5.76768e-05,0.0006546007,0.0007782933
0.000426895,0.000427998,-0.0010032687
0.0003554925,0.000208114,0.0009058529
5.76768e-05,0.0002740792,0.0004096521
0.000323758,0.0002679713,-0.000453969
0.0002017024,0.0001409272,0.000761204
0.0003188758,0.0001855148,0.0005591837
0.0002670021,0.0005519882,-0.0006138763
-1.12846e-05,0.0003595896,0.0009546795
0.0002212313,0.0001055014,0.0003663185
0.0004720556,0.0005391616,-0.0008641128
-8.8435e-06,0.0006759783,0.0010340228
0.0001705782,0.0008757063,0.0002064113
0.0004592397,0.0002136111,-0.0003666914
-0.0001406636,-2.52074e-05,0.0007868379
0.0003298608,0.0002221621,2.94147e-05
0.0003011777,0.0004548727,-0.0002934515
-0.0003359525,0.0006692597,0.0011145868
0.0005623767,-0.0001430897,1.7208e-05
-8.81796e-05,-0.0002945654,-0.0006938299
-0.000106488,0.0001610832,0.001210409
0.0005373553,0.0002667497,7.09173e-05
-8.26871e-05,0.0005330537,-0.0002458455
0.0002200107,0.0006912481,0.0008771672
0.0007466807,0.0002215513,0.0004682441
-0.0003591431,0.0003076726,-0.0005259883
0.0004299464,0.0003211099,0.0008484816
0.0006209634,0.0004499864,0.0003217642
-0.0002108455,0.0008567719,-0.0005937353
0.0003384047,0.0007755369,0.0006263204
0.0004757172,0.0001885687,0.0004334551
-0.000113201,-0.0002389836,-0.0006425619
0.0004140791,0.0001238251,0.00066233
0.0002151285,0.000303397,0.0007898896
-1.4336e-05,0.0006356663,-0.0003740154
0.0005361347,-2.21535e-05,0.0008112513
0.0001144326,-1.651e-07,0.0003705908
3.50965e-05,0.0003913507,-0.000607773
0.000180953,0.0007639319,0.0005024228
0.0002010921,0.0004457109,0.000708105
0.0001449465,0.0003217207,-0.0009703108
0.0001101607,0.0002319347,0.0007636453
-0.0001162524,0.0005880247,0.0004755681
0.0004964667,0.000248426,-0.0002507282
0.0001364027,-3.98664e-05,0.000642189
8.75804e-05,0.0003779133,0.0003712012
0.0001681371,0.0004664777,-0.0003337334
6.50001e-05,0.0003937938,0.0007233633
0.0002242827,9.26748e-05,0.0002650032
0.0002059743,0.0004310519,-0.0006535479
-2.7407e-06,0.0004548727,0.0011676857
0.0001797324,0.0002899597,-0.0002153288
0.0004604603,-0.0001131611,-0.0001457509
-5.09527e-05,0.0003602004,0.0007880586
0.0004934153,0.0005904679,0.0004798404
0.0001553213,0.0003821888,-0.0003746258
0.0001364027,0.0003272178,0.000748387
0.0004482547,0.000150089,0.0001258473
2.1415e-06,0.0003540925,-0.0002775828
0.000132741,0.0006008513,0.000618386
0.0003603747,0.0004921308,-9.6466e-06
-0.0001308991,0.0003602004,-5.78629e-05
0.0004586294,0.0003369904,0.0005134088
-2.996e-07,0.0001323761,0.0002326556
-9.79441e-05,0.0003424875,-5.17596e-05
0.0004476444,0.0001219927,0.0005805454
-6.01069e-05,6.09138e-05,0.0002650032
1.73984e-05,0.0003852428,-4.32149e-05
0.0005379656,0.0003388228,0.0004871644
-0.0003798925,0.0002649173,2.4532e-05
0.0004958564,0.0002820194,9.411e-05
0.0004616808,0.0002270484,0.0004621408
-0.000514764,0.0005764197,0.0001185233
0.0007027406,0.0006228397,0.0002332659
0.0003487794,-1.11593e-05,0.000673316
-0.0002749247,0.0003247747,-9.57036e-05
0.0005678692,0.000604516,0.0001191336
0.0002334369,0.0003583681,0.0010462295
-6.01069e-05,0.000161694,-0.0004826547
0.0005928906,0.0002881273,-0.0001726055
-0.0001955886,0.000769429,0.0011036008
0.0002773769,0.0004371598,-0.0002214322
0.00059167,-0.0003977887,9.2279e-05
-0.0002218305,0.0002325455,0.0005048641
0.0003420663,0.0007083501,4.22317e-05
0.000268833,0.00051473,0.0003962248
0.0003146038,-0.0002169952,0.0010425675
0.0002657816,-0.0001009453,-0.0010197477
-9.42824e-05,0.0006142886,0.000647682
0.0001742399,0.0009544981,0.000682471
0.0004958564,0.0004420461,-0.000490589
6.43899e-05,-4.1088e-05,0.0004542065
5.70665e-05,0.0005171732,0.0002967405
0.0001040579,0.0005104545,6.222e-06
0.0001699679,9.63396e-05,0.0004896058
0.0003255888,7.43512e-05,0.0003858492
6.74412e-05,0.0007352249,-0.0004747204
9.00215e-05,0.0003107265,0.0010273091
0.0001803427,-0.0002322649,7.88517e-05
0.0003408458,-0.0001113287,-0.0004265041
3.3876e-05,0.0005580961,0.0007398423
0.0001779016,0.0008360051,0.0005298878
0.0007192181,-7.52921e-05,1.187e-07
-0.0001333402,-0.0002286002,0.0001411056
0.0002200107,0.0006472712,0.0004224691
0.000367698,0.0010192418,2.57527e-05
0.0001290793,0.0004011233,0.000695288
0.0001321307,0.0001158848,-0.0006785716
0.0004744967,0.0003718054,0.0001496503
-7.53638e-05,0.0005965758,0.0008826602
0.0004165203,0.000239875,-0.0002000705
0.0003091113,6.88541e-05,-7.67833e-05
-0.0001931475,0.0005318321,0.0007966033
0.0004574089,0.0002661389,5.13867e-05
0.0001357924,-0.0001620242,0.0001789463
4.36404e-05,2.8889e-06,0.0006177757
0.0004134689,0.0004585374,-0.0001146239
1.25162e-05,0.0006332231,0.0004957091
2.53321e-05,0.0003406552,0.0005030331
0.0005141647,-6.55195e-05,-7.43419e-05
-0.0001345608,0.0005587068,-6.94593e-05
9.85654e-05,0.0009166292,0.0005915314
0.0005697,0.0006326123,0.0002588999
3.14348e-05,0.0002343779,9.16687e-05
8.39187e-05,3.22067e-05,0.000127068
0.0002340471,0.0005800845,-0.0002031222
2.9604e-05,0.0004695317,0.0005140191
0.0002792077,0.0001366516,0.0003303089
0.0004250642,-0.0005083415,0.0001832186
-0.0002132866,8.71777e-05,-8.47176e-05
0.0003176552,0.0003736378,0.0008081996
0.0004366594,0.0002814086,0.0002326556
0.0001687474,0.0003162236,0.0001020443
0.0001791221,0.0005141192,0.0001899323
0.0002999572,0.0006735352,0.0003162712
0.0002413705,0.000341266,0.000106927
0.0003243683,0.0005660363,-0.0001738262
0.0002627302,0.0009092997,0.0005439254
0.000198651,0.0006979667,0.0004102625
0.0002230621,-0.0001272092,-4.26046e-05
0.0002547966,-0.0004069506,7.09173e-05
7.59851e-05,0.0002649173,0.0007325183
0.0001010065,0.0008561611,8.80067e-05
0.0002486938,0.0001097769,0.0003510602
-3.56957e-05,-0.0002286002,3.7349e-05
0.0001150429,0.0003663083,-0.0002922308
0.0003005674,0.0002789655,0.0010212058
-0.0001217449,0.0004609806,-9.63139e-05
0.0005715309,0.0003040078,-0.0001372062
2.04498e-05,0.0006588762,0.0003010129
8.33085e-05,0.0005098437,0.0008136926
0.0008064879,0.0002307132,-0.0001408682
-0.0001046572,-0.0001748507,0.0004297931
-0.0002517342,0.0009526657,-0.0002006809
0.0010975905,0.0007046854,0.000768528
-0.0002572267,6.64109e-05,0.0005463667
0.0001364027,-0.0002444807,-0.0003319024
0.0007558348,0.0001360409,9.10583e-05
-0.0003408347,0.0005984081,0.0010913941
0.0004342183,0.0004170038,-0.0001048586
0.000874839,0.0001061122,0.0001081476
-0.0007332435,0.0002404858,0.0005817661
0.0005617664,0.0005513774,-0.0002257045
0.0005727514,0.0001281006,0.0004487135
-0.0005507704,0.0004817474,0.0001551433
0.0006581903,0.0007572133,-0.0001579575
0.000301788,0.0006839186,0.0004658028
-0.0002993358,6.21354e-05,0.0005054744
0.0007149462,-0.0001443113,-0.000626083
5.76768e-05,0.0001274898,0.0009314869
-0.0001681261,0.0006222289,0.0002753789
0.0006349998,0.0003015647,-0.0002641555
5.21843e-05,0.0002789655,0.0008497022
0.0001113813,0.0002581987,0.0001411056
0.0004201819,0.0003773025,-0.0002635451
2.59423e-05,0.0006411634,0.0010181542
0.0001504391,0.0004383814,-1.7123e-06
0.0003182655,0.0002508692,-0.0003465504
2.65526e-05,0.0001952874,0.0010047268
0.0004055353,0.000474418,-7.37316e-05
9.18524e-05,0.0001177172,-5.35906e-05
0.0002267238,0.0003534817,0.000724584
0.000486092,0.00018185,0.000117913
-4.11882e-05,0.000283241,-0.0001249996
0.0003518308,0.0002661389,0.0011365588
0.0004262847,0.0001812392,-0.0004509174
0.0001376232,0.0005257242,0.0002442519
0.0006099784,0.0007248415,0.0011267934
0.0002444219,0.0002246053,-7.25109e-05
-1.98285e-05,0.0002417074,-0.000497913
0.0005599356,0.000407842,0.001232381
0.0002071949,0.0008518856,-0.0004014804
0.0001266382,0.0005996297,-2.55153e-05
9.67346e-05,0.0002227729,0.0007782933
0.0004177408,4.457e-07,-0.0001854225
7.634e-06,0.000106723,-0.0002958928
-0.0001101497,0.0005190056,0.0009290455
0.0004567986,0.000451208,7.4427e-06
0.0002737152,-0.0001149934,0.0001691809
-0.0001473766,-0.000136371,0.0007923309
0.0005373553,0.0002508692,-0.0003117615
-0.0001754494,0.0007340033,0.0003730322
0.0003103319,0.0005703118,0.0009760412
0.0007930618,8.77885e-05,-0.0002745311
-0.0004415306,0.0003773025,-0.0002543902
0.0001425054,0.0005923002,0.0009473555
0.0008449354,0.0003058402,1.04944e-05
-0.0002499033,0.0001311545,8.053e-06
0.0003811241,0.0005489342,0.0002259419
0.0003091113,0.0005635932,0.0001935943
-9.06208e-05,7.31296e-05,0.0005390427
0.0006356101,-0.0004991797,3.7807e-06
8.63599e-05,0.0004762503,-0.0001457509
-0.0003182545,0.001305091,0.0005463667
0.0009578368,0.0001873471,0.0007496076
0.000187666,-0.0007074588,-0.0001408682
-7.90255e-05,0.0004102851,-0.0001555162
0.0005385759,0.0010284036,0.0010431778
3.14348e-05,0.0005861923,0.0004383378
0.0005202675,-0.0003287696,-0.0001018069
0.0003335225,0.0001653587,0.0003242055
-0.0003243572,0.0010131339,0.0003089472
0.0004262847,0.0008280648,0.0002387589
0.0006258456,4.457e-07,0.0003315295
-0.0002877406,0.0002618634,-0.0001201169
0.0002816488,0.000781034,0.0003528912
0.0002816488,5.35843e-05,0.00077219
-6.07171e-05,-0.0001369818,-0.0004033114
0.0004110278,0.0004121175,0.0003321399
0.0003048394,0.0007248415,0.0008771672
-0.0002950639,0.0001476458,-0.0002275355
0.0004592397,-0.0001339279,-0.0002397422
0.0003316916,0.0001555861,0.0006611093
-0.0002560061,0.0009856484,-0.0002409628
0.0005898392,0.0006674273,0.0005219534
0.000356713,-1.54348e-05,0.0003583842
-0.0001601925,2.67096e-05,-0.0003154235
0.000672837,0.0004292196,0.0005494184
0.0001827838,0.0007254522,0.0007825656
-3.75266e-05,0.0005550421,-0.0002891791
0.0007778048,6.45785e-05,0.0004346758
-0.0001254066,0.0002685821,0.0004670235
0.000128469,0.0004170038,-0.0001249996
0.0005733617,0.0002136111,0.0005042538
-0.0001424944,0.0003675299,0.0004340655
0.0001699679,0.0004347167,-0.0003404471
0.0008150318,-6.67411e-05,0.0012061367
-0.0004726548,0.0002753007,6.2983e-05
0.0003878372,0.0002221621,-0.0003087098
0.0004903639,0.0002142218,0.0006159447
-0.0002224408,0.0005507666,0.0003199332
0.0002004818,0.0006203965,-0.0004606827
0.0005220984,6.21354e-05,0.0008857119
-0.0003982009,0.0002148326,-0.0002672071
0.0006417128,0.000685751,-9.69242e-05
0.0001901071,0.0003571465,0.00123055
-0.0004488539,0.0004200577,-0.0006120453
0.0009248818,4.457e-07,0.0002521862
8.08674e-05,-1.66564e-05,0.0010151025
-0.0002938433,0.0004585374,-0.0003471608
0.0006722267,0.0004921308,0.0002350969
0.0001541007,0.0002624742,0.001371537
5.76768e-05,0.0001506998,-0.0008531268
0.000514775,0.0004041772,0.0004114831
8.8546e-06,0.0003485954,0.0014655282
0.0001833941,0.0001720774,-0.0013853372
0.0004610706,0.0002795763,0.000764866
3.107e-07,0.0007517162,0.0010163232
0.0004415417,0.0002899597,-0.0008689955
4.54712e-05,0.0002301024,0.0004645821
0.0004720556,0.0001800177,0.0013471236
0.0002895824,0.0003119481,-0.0013670272
-0.0002523444,0.0003925722,0.0010688118
0.0006868734,0.0002820194,0.0008033169
0.0003463383,-0.0001846234,-0.0009153808
-0.0005519909,0.0005996297,0.0005951934
0.0010188646,0.0005434371,0.0011231314
8.51393e-05,0.00015864,-0.0008604508
-0.0005172051,0.0007217875,0.0004548168
0.0012440572,0.0003705838,0.0012183434
-0.0002413594,0.0003571465,-0.0010777294
-0.000433597,0.0006057376,0.0005304981
0.0012757917,0.0004225009,0.0010999388
-0.0003206956,-7.34598e-05,-0.0005516223
-0.0002785864,0.0005153408,-0.0002189908
0.0009755349,0.0001775745,0.0016394731
-0.0004458026,4.0147e-05,-0.000622421
0.0003219272,-4.84174e-05,9.28893e-05
0.0005422375,0.0003437091,0.0010657601
-0.0003017769,0.0008237893,-0.0003685224
0.0005861775,0.0004304412,0.0002601206
0.0004494753,1.6937e-05,0.0008167443
-0.0003200853,0.0004768611,-0.0005314813
0.0004470342,0.0007792017,-3.71116e-05
0.000448865,0.0002313239,0.0016779241
-0.0001974194,8.71777e-05,-0.0009910621
0.0006429334,8.90101e-05,0.0003339709
-0.0001717877,0.000729117,0.0010871218
0.0001595932,0.0005428263,-0.0002562212
0.0006624623,-0.0003220509,0.0001575846
-0.000194368,0.0001506998,0.0007996549
8.81907e-05,0.0009538873,-0.000527209
0.0003481691,0.0004170038,0.0005048641
9.5514e-05,1.26615e-05,0.000665992
0.000367698,0.0001421487,-0.0007280086
6.74412e-05,0.0005165624,0.0006318134
-0.0001095394,0.0004609806,0.0008429886
0.00054773,0.0001238251,-0.0008598405
8.4529e-05,0.0001763529,0.0005561321
-8.0246e-05,0.0006833078,0.000673316
0.0003762419,0.0003791349,-0.000552843
0.000132741,-4.59743e-05,0.0005738317
0.0001022271,0.0003467631,0.0003620462
0.0002572377,0.0008415022,-0.0004875374
0.000220621,0.0006429957,0.0010505018
0.0001528802,-0.0002005039,0.0003339709
0.0002065846,-0.0001320955,-0.0009642074
6.37796e-05,0.0006405526,0.0009156182
0.0003353533,0.0008518856,0.0008600779
0.0004311669,-0.0001296524,-0.0002415732
0.0001638652,-0.0001717968,0.0001740636
-3.93574e-05,0.0002893489,0.0004749578
0.0004470342,0.0007682075,0.000116082
0.0003841755,0.0002887381,0.0007087153
8.8546e-06,0.0001659695,-6.64076e-05
0.0003756316,0.0005617608,-0.0001054689
0.0002615096,0.000729117,0.000741063
-4.66807e-05,0.0004457109,-8.71589e-05
0.0005574945,0.0001171064,-6.27456e-05
-2.1304e-06,0.0005202271,0.0003193229
-0.0002340361,0.0005098437,0.0001746739
0.0005642075,-3.8298e-06,0.0001996976
0.0001699679,-0.0003806866,0.0006891847
-0.0001308991,0.0002465937,-0.0003502124
0.0004189614,0.0005648147,0.0006061794
6.74412e-05,0.0004964064,0.0006800297
0.0001913277,-0.0002084441,-0.0002031222
0.0002834797,0.0001708558,-6.27456e-05
0.0001071093,0.0009770973,0.0008100306
0.0002676124,0.0009996965,-0.0001976292
0.0003414561,0.000248426,0.0001630776
0.0002004818,0.000106723,0.0004957091
0.0002602891,0.0004457109,-1.3919e-05
-2.7407e-06,0.0003718054,0.0004938781
0.0005355245,-3.74232e-05,0.0005835971
0.0001461671,0.0001513106,-0.0003404471
5.5846e-05,0.0005642039,0.0005848177
0.0003109422,0.0004121175,0.000612893
8.26982e-05,-7.89569e-05,-0.0003697431
8.08674e-05,0.0002062816,-0.0001115722
0.0002993469,0.0006417741,0.0006305927
-3.351e-06,0.0008873113,0.0002100733
0.0006295073,-9.91129e-05,0.0002375382
-7.59741e-05,-0.0004503166,0.0001063166
7.59851e-05,0.000674146,0.0002350969
0.000743019,0.0008366158,0.0006727057
-0.0002639397,0.0002087247,0.0002418106
0.0002505246,0.0003540925,-0.0005577257
0.0005178264,0.000318056,0.0003303089
-0.0007460593,0.0009007487,0.0003187125
0.0007643787,0.0003290502,-2.42946e-05
0.000279818,-0.0003800758,0.0001789463
-0.000683811,0.0002575879,0.0002656136
0.0009840788,0.0003595896,0.0003504498
-8.57385e-05,7.61835e-05,0.0006263204
-0.0002248819,6.09138e-05,5.0014e-06
0.0009462416,0.0002496476,4.22317e-05
-0.0002907919,0.0004273872,0.000730077
-0.0001498177,0.000729117,-0.0005577257
0.0010798924,0.0001989521,0.0006287617
-0.0001968091,0.000361422,0.0002997922
0.0001083299,0.0008182922,-0.0006816233
0.0004055353,0.000636277,0.0008332233
9.85654e-05,9.87827e-05,0.0007728003
0.0004683939,-0.0003098351,-0.0007414359
5.09637e-05,0.0004970172,0.0005060848
5.46254e-05,0.0007700398,0.0010651498
0.0004024839,0.0004371598,-0.0008036899
0.0003139936,-0.0004466518,0.0007923309
-8.26871e-05,0.0002789655,-5.11493e-05
0.0003298608,0.0006039052,-4.93183e-05
-5.7921e-06,0.0002197189,0.00075388
0.0004201819,-3.49801e-05,-2.3226e-06
0.0003738008,0.0003278286,-0.0001207272
-0.0002261025,0.0009031918,0.0008136926
0.0003963811,0.0003577573,0.0003040645
0.0003176552,-5.08606e-05,-0.0007432669
-2.16593e-05,0.0005330537,0.0007929413
0.0001278588,0.0010674941,-2.3226e-06
0.0002212313,0.0002734684,0.0001697913
0.0002035332,-0.0003183862,0.0002082423
0.0001589829,0.0001030583,-3.95529e-05
0.0001278588,0.0005574853,0.000700781
0.000257848,8.59562e-05,0.0006757573
0.0002608994,-0.0002475346,-0.0003380058
0.0001205354,0.0002533123,9.65513e-05
0.0002438116,0.0007169012,0.0010694221
0.0002737152,0.0003608112,-0.0002550005
0.0001998716,0.0001348193,-8.65486e-05
0.0002041435,0.0006203965,0.0002656136
0.0001089401,0.0008244001,0.0002808719
0.0004079764,0.0005819168,0.0001594156
9.4648e-06,0.0001158848,0.0001484296
7.17132e-05,0.0005012927,7.09173e-05
0.0004659528,0.0002239945,0.0005774937
3.44862e-05,-0.0002402052,0.0003492292
2.41115e-05,0.0001690235,-0.0003862221
0.0003493897,0.0004151714,0.0006074
-2.996e-07,0.0004225009,0.0003766942
0.0003524411,-9.78913e-05,-0.0001463612
0.0001913277,2.42665e-05,0.0003547222
-0.0003628047,0.0005489342,0.0001905426
0.000508062,0.0007981361,-0.0001036379
0.000367698,0.0002233837,0.0008448196
-0.0002566164,0.0005037358,-0.000468617
0.000536745,0.0006747568,7.7631e-05
-2.28799e-05,0.0005238919,0.000693457
4.42507e-05,0.0003449307,-0.0001915259
0.0005166059,0.0003724162,-0.0001964085
-0.0002541753,0.0001598616,0.0009577312
0.0003164347,-2.6429e-05,-5.78629e-05
0.000426895,-0.0001669105,-0.0001683332
-0.0001620233,0.0001855148,0.0011023801
0.0003054497,0.0008323403,-0.0003422781
0.0004561883,0.0002380426,0.0003852388
-0.0002077941,9.08425e-05,0.0006098414
0.0003768522,0.0004994603,-0.0007035952
0.0001907174,0.0006704812,0.0005842074
-0.000102216,0.0007468299,0.0006226584
0.0006887042,0.0002893489,-0.0005632187
-4.30191e-05,5.23628e-05,0.0005457564
6.50001e-05,0.0001445919,0.0005054744
0.0004531369,0.0003944046,-0.0004600724
0.0001040579,0.0004108959,0.0012262777
0.0001833941,0.0004487648,-8.71589e-05
0.00043788,-0.000327548,-9.81449e-05
-0.0003438861,0.0003223315,0.0004438308
0.0006966379,0.0002581987,0.0003986662
-9.61133e-05,0.000616121,-0.0003758464
0.0002114669,0.000659487,0.0008661812
0.00054773,0.0001274898,-2.24636e-05
-0.0001424944,5.84707e-05,7.51897e-05
5.34048e-05,0.0005141192,0.0002119043
0.0006734473,0.0003821888,0.0003528912
-0.0003811131,0.0007010207,-0.0001530749
0.0005025695,0.0005190056,0.0003425155
0.0002987366,0.000126879,0.0003394639
-0.0001089291,-0.0002310433,-3.28393e-05
0.0004763275,0.0004206685,-6.64076e-05
0.0001052785,0.0006405526,0.000752049
-0.0001254066,0.0005623716,-4.13839e-05
0.0008949782,-0.0004753589,0.0005890901
-0.000253565,-0.0002530317,-4.13839e-05
0.0001040579,0.0006020729,0.0001765049
0.0005947214,0.0009819836,0.0007001707
0.0002700535,0.0003351581,0.0004267415
4.42507e-05,0.0001794069,-0.0006620926
0.0005306422,0.0004951848,0.0008075893
-6.4024e-06,0.000682697,0.0002704962
0.0002627302,0.0001739098,-0.0002275355
0.0004409314,0.0003968478,0.0005658974
6.07282e-05,0.0005464911,0.0003284779
0.0001992613,0.0001177172,8.37343e-05
0.0004317772,-0.0004136692,0.0004273518
8.20879e-05,0.0001879579,7.27483e-05
0.0002114669,0.0006527684,0.0004517651
7.59851e-05,0.0007413328,3.1856e-05
0.0001113813,0.000184904,7.64103e-05
0.0001156532,0.0003724162,-0.0001500232
0.0004915845,0.0003101157,0.0006373064
-0.0001797213,0.0006265044,-0.0001634505
0.0002706638,0.0002899597,0.0002259419
0.0002657816,0.0004200577,0.000139885
0.0001388438,0.0003162236,0.0006281514
0.0002090257,6.94649e-05,-1.45293e-05
0.0003225374,-0.0001412573,0.0002863649
-0.0002084044,0.0003308825,0.0002021389
0.0004342183,0.000427998,0.0001404953
0.0002706638,0.0004951848,0.0004786198
0.0001980407,0.0004402138,0.0001502606
0.000264561,0.0001171064,0.0002137353
0.000290803,0.0002215513,0.0004902161
8.69701e-05,0.0002673605,0.0001691809
0.0004555781,0.0005422155,0.0005353807
0.000264561,0.0004988495,0.0003718115
0.0002731049,0.0002221621,-8.77692e-05
0.0001321307,0.0004463217,0.0002607309
0.0004952461,0.0005422155,0.000620217
2.71629e-05,0.0004689209,-0.0003233578
-1.67771e-05,0.0003827996,0.0001942046
0.0005800748,0.0002624742,0.0004993711
3.75376e-05,-0.0001327063,5.62693e-05
-7.71946e-05,0.0002136111,0.0001539226
0.0006166914,0.0004567051,0.0005457564
-8.20769e-05,0.0006839186,-8.65486e-05
3.02143e-05,0.000486023,0.0002595102
0.000508062,6.09138e-05,0.0003461775
-0.0003145928,0.0001000043,-0.0002421835
0.0002071949,0.0007938606,0.0001905426
0.0005355245,0.0006985775,0.0007489973
-5.8276e-05,0.0003534817,0.0002045803
0.0004262847,-0.0001980607,0.0002235006
0.0001315204,-6.8838e-06,0.0004596995
-7.47535e-05,0.0003577573,0.0001514813
0.0005922803,0.0002539231,0.0003614358
0.0002859208,0.0003718054,0.0003571635
-7.3533e-05,0.0005825276,-3.40599e-05
0.0005044003,0.0003620328,0.0002473036
0.0001272485,7.43512e-05,0.0002991819
3.26554e-05,0.0007272846,-0.0003434988
0.0006197428,0.0006979667,0.0010193748
0.0001717988,0.0001439811,0.0004499341
0.0001528802,4.07578e-05,-0.0006816233
0.0003628158,-4.47527e-05,0.0010212058
8.8546e-06,0.0006533791,0.0003724218
0.0005117236,0.0005067898,-0.0002067842
-1.55566e-05,0.0001134417,0.0004273518
0.0001388438,0.0002826302,0.0002509656
0.0004409314,0.0005971866,-0.000574815
-0.000209625,0.0005642039,0.0010840701
0.0002853105,0.0006637626,-0.0002971135
0.0004873125,6.21354e-05,-0.0001823709
-0.0003658561,2.06017e-05,0.0009967925
0.0004165203,0.0002221621,-9.20416e-05
0.000242591,0.0004108959,1.1715e-05
-0.0004049139,0.0005532097,0.0009119562
0.0008815521,0.0002527016,0.000114251
-0.0001040469,-0.000240816,-0.0001506335
-0.0002395286,-6.06332e-05,0.0009266042
0.0007961132,0.0004793043,-0.0002061738
-0.0001016058,0.0007816448,-2.3226e-06
4.91329e-05,0.0008958624,0.0007599833
0.0008247962,0.0003418767,1.96494e-05
-0.0001797213,5.9428e-06,-4.56563e-05
0.0001693577,6.88541e-05,0.0004243001
0.0006032653,0.0006265044,7.7631e-05
-6.13274e-05,0.0009496118,0.0003724218
0.0003823447,0.0002001737,0.000634865
0.0005312525,-0.0003342667,-0.0001701642
-0.0001968091,0.000216665,0.0001148613
0.0001565418,0.0007828664,0.000649513
0.0004812097,0.0005953542,0.0001173026
0.0001339615,0.0003107265,9.0448e-05
0.0002969058,5.05304e-05,0.0004603098
0.0001077196,0.000306451,-0.0001555162
0.0001736296,0.0007437759,0.0003260365
0.0003988222,0.0005513774,0.0006080104
0.0001473877,9.81719e-05,2.20907e-05
-4.66807e-05,0.0001665803,-4.26046e-05
0.0001888866,1.26615e-05,0.0006397477
0.0001370129,0.0004554835,2.14804e-05
0.0003323019,0.0006454389,0.0002271626
-1.98285e-05,0.0007816448,0.0004773991
0.000213908,0.0001390948,0.0001282886
7.65954e-05,-0.0002872359,-7.43419e-05
0.0002230621,-7.83461e-05,0.0005402634
0.0002486938,0.0006717028,0.0001844393
0.0002627302,0.0007675967,0.0003382432
0.000301788,0.0002527016,0.0004145348
0.0003536616,-0.0001834018,-2.36843e-05
8.63599e-05,0.0001958982,0.0002955199
0.0003738008,0.0008402806,0.0001716223
0.0002352677,0.000717512,0.0002863649
0.0002352677,0.0005135085,5.81003e-05
0.0004555781,0.0001995629,0.0002350969
3.20451e-05,0.0001653587,0.0002973509
0.0003542719,0.0002673605,0.0005054744
0.0005928906,0.0001519214,0.00013073
-0.0003591431,0.0001971198,0.0002009183
0.0004439828,0.0005672579,0.0006397477
0.0006081476,0.0001085554,0.0001148613
-0.0004988967,2.8889e-06,7.27483e-05
0.0004732761,0.000737668,-6.39663e-05
0.000433608,0.0006039052,0.0007770726
-0.0004891323,0.0003339365,-2.67359e-05
0.0004848714,0.0002820194,-0.0003605881
0.0001510493,0.0005092329,0.0005427047
-0.0005013379,0.0005758089,0.0002393692
0.0007735329,9.63396e-05,4.71143e-05
-9.099e-07,-0.0003611414,0.0007239736
-0.0002407491,0.000141538,1.187e-07
0.0005489506,0.0004206685,1.3394e-06
0.0001608138,0.0003644759,0.0013031797
-5.88863e-05,0.0002844626,-0.0003703534
0.0005941112,0.0001574185,9.47203e-05
-7.3533e-05,0.0004402138,0.0009259939
0.0002145182,0.0005880247,-0.0004448141
0.0007680404,0.0005507666,0.0002033596
5.09637e-05,0.0005721442,0.0010175438
0.0002383191,0.0004536511,-0.000512561
0.0004018736,0.00015864,-1.2088e-05
8.14776e-05,0.0002869057,0.0010962768
0.0002108566,0.000459759,-0.000534533
0.000541017,7.98483e-05,0.0003724218
-0.0004531259,0.0003284394,0.0003913422
0.0005568842,0.00022827,-4.1536e-06
0.0002352677,-1.36024e-05,0.0003260365
-0.0003420553,0.0004970172,0.0003510602
0.0005721411,0.0006955236,-0.0002098358
0.0001473877,0.0001458135,0.0008771672
-0.0002767556,0.0001226035,1.7208e-05
0.0006917556,6.82433e-05,-0.0002000705
-0.0001638541,0.0010858178,0.000741063
0.0001302999,0.0007535485,0.0006226584
0.0006874837,-4.35311e-05,-0.0006193693
-9.97749e-05,-0.0001546947,0.000682471
-8.08563e-05,0.0007052962,0.0002576792
0.0006679548,0.0003565357,0.0002466932
-5.09527e-05,5.96922e-05,0.0004535961
0.0003139936,0.0002649173,1.65977e-05
0.000246863,0.0005733658,3.24664e-05
5.1929e-06,0.0003504278,0.0007032223
0.0004256744,-4.9639e-05,3.1704e-06
0.0003689186,0.0003834104,-0.0002488972
1.55676e-05,0.0008555503,0.0008991392
0.0003713597,0.000526335,9.7772e-05
0.0005465095,-0.0001424789,2.02597e-05
-5.27835e-05,0.0001458135,0.0002820926
0.0003713597,0.0006039052,0.0003638772
0.0003353533,0.0005605392,0.0002680549
-5.1818e-06,-4.53635e-05,0.0004590891
0.0004763275,0.0001769637,-0.0001579575
0.0001376232,0.0008433345,7.51897e-05
-2.28799e-05,0.0008860897,0.0008551952
0.0004665631,-7.10166e-05,-5.84733e-05
0.0002340471,-0.0001546947,9.34997e-05
-0.0002254922,0.0004420461,0.0003712012
0.0002676124,0.0004878553,0.0002503552
0.0003408458,0.0005257242,0.0001978666
0.0001235868,0.0001055014,0.0003699805
0.0001473877,0.0002117787,-5.60319e-05
0.0001199252,0.0002490368,0.0005933624
0.000198651,0.000170245,5.13867e-05
0.0001425054,0.0002294916,7.45793e-05
0.0002847002,0.0007633212,0.0002601206
0.0003408458,0.000552599,0.0004059902
2.83835e-05,7.1908e-05,9.884e-06
0.0003469486,7.80159e-05,0.0002839236
0.0006234045,0.000393183,0.0002485242
-0.0002065736,0.0008250108,0.0001752843
0.0003329122,0.000905635,0.0001350023
0.000639882,2.12125e-05,0.0003089472
-0.000227323,-0.0001888989,0.0001874909
0.0004207922,0.0004823582,-0.0001951879
0.0003524411,0.0003534817,0.0008539746
-0.0004238325,0.000462813,0.0002479139
0.0009486827,-0.0001443113,-2.79566e-05
0.0001833941,-0.0001998931,0.0006720953
-0.0007002885,0.0008494424,1.9039e-05
0.0012007275,0.0005965758,0.0004566478
-0.000139443,5.48059e-05,0.0004383378
-0.0003701281,0.0005055682,-0.0003618088
0.0009376977,0.0007541593,0.0002045803
-0.0004879117,0.0005361077,0.0008631296
-1.49463e-05,0.000286295,-0.0006407309
0.0011549566,-4.29203e-05,0.000655006
-0.0007527724,0.0001684127,0.0007795139
0.0001193149,0.0002465937,-0.0006327966
0.0009157277,-0.0001400358,0.0005604044
-0.0004891323,0.0002184974,0.0006446304
0.0005648178,0.0007669859,-0.0005699323
0.0004891433,0.000326607,0.0008112513
-0.0004750959,9.75611e-05,0.0003290882
0.0009444107,9.93935e-05,-0.0009391838
0.0002084155,0.0007914175,0.0008661812
-0.0003774514,0.0013142528,0.0005494184
0.0011061344,0.0001537537,-0.0006163176
-4.97321e-05,-0.0003452609,0.0005628457
-0.0002151175,0.0003351581,0.0002369279
0.0007991646,0.0006558223,-0.0003398368
-0.0002968947,0.0002575879,0.0013007383
0.0001681371,0.0001794069,-0.0003691328
0.000945021,-0.0004527597,-4.80976e-05
-0.0009932219,0.0002453721,0.0008265096
0.0004940256,0.0007669859,2.69734e-05
0.0006246251,0.0001800177,-0.0001884742
-0.0006813699,0.000619175,0.0007142083
0.000562987,0.0005788629,-0.0002202115
0.0002395396,0.0001012259,0.0002106836
-0.0005678582,7.55727e-05,0.000601907
0.0008534793,0.0004518188,-0.000497913
0.0001870557,0.0004793043,0.0008551952
-0.0005178154,0.0005361077,0.0002064113
0.000912066,-0.0002072226,8.19033e-05
0.0001528802,-0.0001461437,0.0003486188
-0.00024258,0.0007401112,-5.29803e-05
0.0006722267,0.0009325097,0.0003425155
0.0003469486,0.0003284394,0.0007801243
-0.0001254066,-0.0001895097,-0.0006431723
0.0003774625,0.0001409272,0.0001063166
0.0003487794,0.0008146274,0.0012494704
6.92721e-05,0.0005159516,-0.0003349541
0.0003640364,1.75478e-05,0.0001044856
0.0004195716,0.0003082834,0.0007160393
-0.0001742288,0.0002557555,-7.43419e-05
0.0003561027,0.0003009539,0.0002442519
0.0004329978,0.0003247747,0.0006482924
-0.0001070983,0.0002496476,9.47203e-05
0.0002218416,0.0004927416,-1.7581e-05
0.0002993469,0.0002624742,0.0005451461
-0.0002938433,0.0002075032,-0.0002525592
0.0005819056,0.0004182254,9.0448e-05
0.0002529658,0.0003999017,0.000631203
-0.0004787576,0.0003058402,-0.0002745311
0.0006539184,0.0002075032,1.7208e-05
0.0001522699,-2.9483e-05,0.0007874483
-0.0002285436,0.0004438785,-0.0005137817
0.0006032653,0.0006142886,0.0003412949
-2.5321e-05,0.0003302718,0.0008033169
-4.54602e-05,-0.000240816,-0.0003636398
0.0005770234,0.0001653587,0.0001276783
-7.65844e-05,0.0003485954,0.0007996549
-4.42396e-05,0.000729117,-0.0003721844
0.0007631582,0.0003070618,0.000642189
8.94113e-05,-1.17701e-05,0.0002790409
-0.0001003852,0.0005544313,-0.0003740154
0.0005458992,0.0006906373,0.000774021
0.0002255032,8.29022e-05,0.0003382432
-0.0001070983,0.0003070618,-0.0007640182
0.0006484259,0.000616121,0.0011072628
0.0001205354,0.0002142218,0.0005396531
-1.73874e-05,-0.0003812974,-0.000483265
0.0006453745,0.0001574185,0.0005634561
0.0002212313,0.000572755,0.0008130823
-0.0003731795,0.0008286756,-0.000593125
0.000879111,0.0001842932,0.0006617197
-1.55566e-05,0.0001470351,0.0003077265
-3.20341e-05,0.0005342753,-0.0002080048
0.0005458992,0.0006320015,0.0004340655
1.12957e-05,0.0003919614,0.0006800297
-4.36294e-05,0.0004841906,-0.0006840646
0.0007594965,8.77885e-05,0.0007959929
-0.0001894858,0.0001525322,0.0004639718
0.0001418952,-3.86448e-05,-0.0005314813
0.0003603747,0.0003314933,0.0004151451
-5.40041e-05,0.0005990189,0.0004847231
0.0001943791,0.0004640345,-0.0004496967
0.0002767666,0.0002020061,0.0003895112
-0.0002065736,6.70217e-05,0.0002564586
0.0003036188,0.00025148,-0.0003550951
0.0003451177,0.0006387202,0.000640358
-0.0001217449,0.000781034,4.8335e-05
0.0003176552,0.0003168344,5.3828e-05
0.0004360492,-0.0001137718,0.0005591837
-0.0002114558,-6.24656e-05,-0.0001134032
0.0001894968,0.0004707532,-1.7581e-05
0.0005129442,0.0008341727,0.0008576366
2.7518e-06,0.0002557555,0.0002393692
0.0001748502,-0.0002304325,-0.0001237789
0.0004427622,6.45785e-05,0.000592752
-0.0001925372,0.0004707532,0.0004157555
0.0003768522,0.0003705838,0.0002381486
0.0004659528,0.0004426569,8.00723e-05
-0.0002114558,0.0006839186,0.0005109674
0.0002602891,0.0004670885,6.42037e-05
0.0005263703,-5.14714e-05,0.000152702
-0.0003280189,0.0003308825,-3.71116e-05
0.0003536616,0.0008616582,0.0002674446
0.0003426766,0.0005080114,0.0004407791
-0.0002462416,-0.0002982301,-5.23699e-05
0.0005568842,-0.0003605306,9.2737e-06
5.34048e-05,0.0006503252,0.0001533123
-9.18413e-05,0.0005916895,0.0006727057
0.0005178264,0.000271636,-0.0002330285
0.0002834797,-4.65851e-05,0.0002155663
-0.0004616698,0.0005452695,2.14804e-05
0.0007619376,0.0006307799,0.0006250997
0.0002889722,0.0002569771,2.39217e-05
-0.0001638541,0.0003107265,2.94147e-05
0.0004207922,0.0003968478,0.0005439254
0.0004018736,0.0002924028,0.0002680549
-0.0001016058,-9.97237e-05,-4.74873e-05
0.0003152141,0.0004035664,0.0002900269
0.0004683939,0.0007675967,0.0005890901
-0.0001772802,0.0002264376,-4.87079e-05
0.0003561027,-0.0002188276,0.0004462721
0.0004177408,0.0001800177,-3.03979e-05
-0.0001223552,0.0004493756,0.0002747686
0.0001101607,0.0007272846,0.0003858492
0.0008223551,0.0005513774,0.0001807773
-0.0003029975,1.93802e-05,0.0001929839
-3.38649e-05,0.0002191082,0.000143547
0.0008522588,0.0004347167,0.000136223
-0.0004750959,0.0002417074,0.0004066005
0.0001223663,0.0006118455,-0.0001951879
0.0009468518,0.0001714666,0.0004499341
-0.0007265304,0.0001342085,0.0002558482
0.0003799036,0.0002068924,2.69734e-05
0.0005611561,0.0005318321,0.0001093683
-0.0004757062,0.0003999017,0.0008332233
0.0004433725,0.0002789655,-0.0002983341
0.0005819056,0.00022827,0.0004291828
-0.0006319373,0.000396237,0.0003834078
0.0007668198,0.0003510386,-2.12429e-05
0.0005672589,0.0003663083,0.0006745367
-0.0005294106,0.0003644759,3.42974e-05
0.0004201819,0.0003638652,1.3546e-05
0.0004140791,0.0002288808,0.0005890901
-0.0001321197,8.9967e-06,0.0003882905
0.000367698,0.0004463217,-0.0003965977
0.0003841755,0.0006020729,0.0010389055
-0.0001070983,0.0001641372,0.0003382432
0.0004805994,-6.61303e-05,-0.0005717633
0.0004464239,0.0003711946,0.0009351489
-0.0003585328,0.0007248415,0.0003376329
0.0007112845,0.0003156128,-0.0002745311
0.0004104175,-6.8838e-06,0.000594583
-0.0003158133,0.0004640345,0.0002924682
0.0003884475,0.0008329511,-0.000560167
0.0003646466,0.0004774719,0.0010303608
-7.04816e-05,3.89254e-05,0.0002936889
0.0004812097,0.0002423181,-0.0008354272
-0.0001705672,0.0007352249,0.0008460402
-8.39077e-05,0.0005501558,0.0005042538
0.0008577513,-0.0002127197,-0.0006480549
-0.0003280189,-0.0001284308,0.000665992
-0.0002791967,0.0005159516,0.0002869752
0.0008693465,0.000318056,-0.0001317132
-0.0002199997,0.0002111679,0.0007551006
0.0001254177,0.000404788,-2.00223e-05
0.0008083187,0.000404788,0.0003309192
-0.0004097962,0.0003198883,0.0007233633
0.000290803,-9.11727e-05,-2.49049e-05
0.0006636828,0.0005000711,-7.49523e-05
-0.0002547855,0.0009435039,0.0009327075
0.0002181799,0.0006845294,-0.0001634505
0.0008278476,-0.0001540839,0.0003663185
-0.0002511239,1.75478e-05,0.0001374436
0.0001211457,0.0006851402,-0.0002696485
0.0005007386,0.0008372266,0.0008143029
0.0001333513,7.1644e-06,0.0004877748
0.0002279444,-0.0004503166,-0.0005552843
0.000128469,6.76325e-05,0.0004761784
-2.9593e-05,0.0007895851,0.0007038327
0.0003561027,0.0004670885,-0.0002397422
0.0001620343,0.0002893489,0.0002003079
1.8619e-05,0.0004341059,0.0003156609
0.0001296896,0.0002673605,-2.00223e-05
0.0001614241,0.0003632544,0.000121575
0.0001357924,0.0004176146,0.0004664131
0.0002212313,0.0006436065,5.0166e-05
0.0001968202,0.0003449307,0.0003657082
6.86618e-05,-0.0002505886,0.0005488081
6.19487e-05,-5.33037e-05,-0.0002409628
0.0001602035,0.0004408246,0.0003559428
-1.5202e-06,0.0007987469,0.0005433151
0.0002950749,0.0003779133,0.000114251
0.0002657816,-0.0001779047,-7.73936e-05
-0.0002419697,8.71777e-05,0.0002717169
0.0004360492,0.0006405526,0.0002161766
0.0004854817,0.0007309493,0.0004041592
-0.0002291539,0.0005110653,-1.2088e-05
0.0005013489,0.0002258268,7.33587e-05
0.000519047,-6.42979e-05,0.000658668
-0.0002852994,0.0003088941,-0.0003453298
0.0003554925,0.0005562637,0.0003571635
0.00043788,0.0005837492,0.0005488081
0.0001168738,6.21354e-05,0.0001771153
2.22807e-05,5.1752e-05,-0.0001890845
0.0005379656,0.000315002,0.000752049
-0.0001388327,0.0003864643,-0.0001426992
0.000154711,0.0005758089,0.0002021389
0.0005251497,0.0003095049,0.000592752
-0.0001949783,0.0002007845,-0.0001481922
8.8801e-05,0.0001549753,0.0002845339
0.0005288114,0.0003595896,0.0003974455
-1.61668e-05,0.0004389922,0.0004389481
2.53321e-05,0.0004902985,3.0025e-05
0.0004189614,-5.26929e-05,0.0006196067
9.49038e-05,-0.0001320955,5.0014e-06
0.0001730193,0.0003449307,5.3828e-05
0.0002718844,0.0010632186,0.0005878694
0.0001223663,0.0003870751,0.0004584788
0.0002187902,-3.07045e-05,-0.0003459401
0.0002706638,0.0001244359,0.0002424209
-0.0001534794,0.0006106239,0.0003113885
0.000530032,0.0005080114,0.0003370225
0.0003835652,0.0003046186,0.0001551433
-9.099e-07,0.0003388228,8.61757e-05
6.50001e-05,0.0003198883,0.0002418106
0.0006588006,0.0001452027,0.0004719061
-0.0001040469,-9.3269e-06,-6.27456e-05
-3.26443e-05,0.0005623716,-5.35906e-05
0.0005611561,0.0007297278,0.0006794193
5.09637e-05,-1.17701e-05,0.0002265522
4.0589e-05,-8.68971e-05,-0.0001957982
0.0004799892,0.0004927416,0.0002790409
-0.0001431047,0.0007401112,0.0004706854
0.0001418952,0.0002044492,-4.764e-06
0.0006588006,-3.19261e-05,1.3546e-05
-0.0003780617,0.0004774719,0.0001801669
5.46254e-05,0.0008176814,0.0001191336
0.0007295929,0.0001372624,0.0005085261
-0.0002297641,-0.0003128891,-1.26983e-05
-3.99677e-05,0.0002410966,-0.0001622299
0.0005599356,0.0006094023,0.000742894
-0.0001205244,0.0002160542,0.0003187125
0.0004506958,0.0001024475,-0.0002073945
0.0003835652,0.0002417074,0.000748387
-0.0001974194,0.0002838518,0.0003400742
0.0003414561,0.0003583681,-0.0006010593
0.0005379656,0.0003834104,0.0008332233
-0.0003115414,0.0009318989,-4.916e-07
0.0005373553,0.0005532097,-0.0002415732
0.0002828694,-0.0002817388,0.0010608775
-9.91647e-05,3.4996e-06,-0.0003300714
0.0004604603,0.0002795763,-0.0001976292
8.94113e-05,0.0010827638,0.0011011594
0.0003823447,0.0004041772,0.0005292774
0.0004561883,-0.0003586982,-0.0006376793
-0.0002401389,-0.0001455329,0.0007148186
0.0001541007,0.0007034638,0.0003235952
0.0006075373,0.000572755,0.0001337816
-3.69163e-05,0.0003681407,0.0004096521
0.0002255032,0.0005800845,-0.0002708691
0.0003030086,0.0005416048,0.0002235006
4.11993e-05,0.0001482566,0.0006159447
0.000275546,6.70217e-05,-0.0002885688
0.0002236724,0.0005025143,-0.0001219479
-0.0002474622,0.0006472712,0.0009284352
0.0004799892,0.00015864,-0.0001567369
0.0004317772,-0.0003617522,0.0001893219
-0.0002120661,0.0002349887,0.0003980558
0.0002804283,0.0006356663,-1.51396e-05
0.0003341327,0.0004524296,0.0004578685
2.16704e-05,-8.38432e-05,0.0005445357
0.000433608,0.000141538,-0.0004545794
7.53749e-05,0.0007071286,0.0005304981
0.0001779016,0.0007883635,0.0006434097
0.0006465951,5.35843e-05,-0.0002482868
6.86618e-05,0.000193455,0.0001484296
3.57068e-05,0.0006613194,0.0005103571
0.0003731905,0.0003974585,-4.62666e-05
0.0002554069,0.0001439811,0.0005311084
0.0002419808,-7.16274e-05,0.0003834078
0.0001797324,0.000393183,-0.0002568315
6.01179e-05,0.000572755,0.0008387162
0.0003011777,0.0003241639,0.0002637826
0.000356713,-8.7161e-06,-0.0001127929
-0.0001711775,0.0004646453,0.0002058009
0.0002853105,0.000474418,0.0007734106
0.0003432869,0.0001189388,-0.0001311029
-0.0001327299,8.9967e-06,-7.67833e-05
0.0002340471,0.0008280648,0.0003181022
0.0004091969,0.000619175,0.0006904053
-2.5321e-05,-9.97237e-05,-5.23699e-05
6.6831e-05,-0.0002854036,-0.0001225582
0.0003438972,0.0006631518,0.0003785252
-6.4024e-06,0.0009190724,0.00066233
0.0002847002,0.0001366516,0.0001185233
0.0005007386,-0.0005443781,0.000136223
-0.0002584472,6.27462e-05,0.000136223
0.0002108566,0.00084761,0.0003473982
0.0004622911,0.0006063484,0.0003650978
-4.5716e-06,0.000439603,-0.0001835915
0.000128469,0.0003602004,7.2138e-05
0.000389668,0.0001506998,0.0004267415
3.69273e-05,-8.1053e-06,7.27483e-05
0.0002822591,0.000216665,-0.0001555162
0.0001760707,0.0007633212,0.0004957091
0.0001162635,0.0005458803,0.0002979612
0.0003884475,-0.0001730184,0.0001227956
0.0001681371,-0.0004429871,0.0004871644
-2.59313e-05,0.000503125,-0.0002153288
0.0004671733,0.0009202939,0.0008008756
0.0001492185,0.0007065178,0.0003937835
0.0003341327,-0.0001968391,-9.63139e-05
-0.0001168627,0.0002032276,-0.0002421835
0.0001888866,0.0008867005,0.000601907
0.0004098072,0.0008024117,0.0002125146
5.5846e-05,0.0002643065,0.0002302142
0.0002712741,-0.0001815694,0.0002210593
4.4861e-05,-0.0001449221,-4.19943e-05
-1.37257e-05,0.0001678019,0.0006849123
0.0006276764,0.0003773025,0.0001057063
-5.03424e-05,0.0001897903,0.0001539226
-0.0002084044,0.0006888049,0.0001850496
0.0008913165,0.0001207711,0.0004456618
-0.0004464128,-0.0002273786,-0.0001304926
-3.14238e-05,0.0008298972,-0.0002311975
0.0011714341,0.0008018009,0.0010315815
-0.0005721301,0.0005464911,7.9462e-05
0.0005288114,-0.0001650781,-0.0002159392
0.0005721411,-0.0002035578,0.0003437362
-0.0005001173,0.0007083501,0.0005823764
0.000677109,0.0008518856,-0.0001494129
0.0004934153,0.00015864,0.0006519544
-0.0005165948,-1.17701e-05,-0.0001365959
0.0007344751,0.0002936244,-0.0003032168
0.0002328266,0.0004029556,0.0011481551
-0.0005281901,0.0007340033,-0.0007591355
0.0008937577,0.0005623716,0.0002253316
-3.50855e-05,7.31296e-05,0.0010248678
-0.0001229655,-0.0001461437,-0.0002916205
0.0005642075,3.03744e-05,-0.0002775828
-1.61668e-05,0.0005868031,0.0011621927
0.0001168738,0.0007682075,-0.0004265041
0.0005599356,0.0002978999,3.97904e-05
-0.0003225264,7.12972e-05,0.0009339282
-3.93574e-05,0.000419447,-0.0010978704
0.0007088434,0.0001378732,0.0008570262
-0.0002859097,0.0007969146,0.0003522808
0.0002871413,0.0003895183,-0.0001695539
0.0002493041,9.5118e-05,0.0003284779
3.57068e-05,-0.0003935132,0.0010224265
0.0003060599,-0.0002921222,-0.000552843
0.0001486082,0.0005226703,0.000704443
-3.02032e-05,0.000925791,0.000603738
0.0004122483,0.0003052294,-0.0003734051
0.0002822591,3.03744e-05,0.0002466932
0.0001138224,0.0005629824,0.0002405899
0.0001571521,0.0005098437,0.0002485242
0.0005532225,0.0004499864,0.0001038753
0.0002291649,6.45785e-05,0.0005329394
-0.0002267128,0.0006429957,-0.0003648604
0.000797944,0.0001751314,0.0013379686
-0.0001052674,-0.0001760723,-0.0003544848
7.72057e-05,3.7093e-05,-0.0002324182
0.0004256744,0.0007547701,0.0005475874
-0.0001498177,0.0006991883,0.0003913422
0.0003518308,1.32723e-05,-0.0005650497
0.0003933297,8.77885e-05,0.0003809665
-0.0003530403,0.0005275566,0.0003522808
0.0003628158,0.0004237225,-0.0002220425
0.0003713597,0.0001073338,0.0007868379
-0.0001113702,0.0003003431,-0.0001658919
0.0005013489,0.0001983413,0.0002296039
4.54712e-05,0.0003907399,0.000636696
0.000231606,0.0001543645,-2.79566e-05
0.0003188758,0.0004347167,-3.03979e-05
-3.69163e-05,0.0005800845,0.0009320972
0.0004604603,0.000260031,-0.0002971135
9.18524e-05,-5.33037e-05,0.0002686652
0.0001467774,0.0004414354,0.00068064
0.0005971625,0.0005391616,-0.0003184751
-0.0003713486,0.0004835798,0.0003614358
0.0004525267,0.000349817,0.0004072108
0.0005843467,-0.0001375926,-0.0002427938
-0.0007070015,0.0002783547,0.000160026
0.0006258456,0.0007352249,0.0002448622
0.0006246251,0.0004310519,3.12457e-05
-0.0006929651,0.0001146632,0.0005366014
0.0008998604,-5.45253e-05,-0.0001683332
0.0002724947,-0.0003599198,0.0006324237
-0.0008113591,0.0005770305,-1.26983e-05
0.0013044747,0.0007083501,0.0003443465
-0.0001363916,0.0003259962,0.0004407791
-0.0003756206,0.0002441505,-3.58909e-05
0.0010182544,2.91528e-05,-0.0002098358
-0.0006417018,0.0003595896,0.0004163658
4.42507e-05,0.0007468299,-8.04452e-05
0.0011793678,0.0006967452,0.0001850496
-0.0007588752,0.0002020061,0.0008771672
0.0002584583,-5.14714e-05,-0.0005961766
0.0008357812,-0.0004069506,0.0005915314
-0.0008894747,0.0007401112,0.0003101679
0.0007039612,0.0006148994,0.0001008237
0.0005117236,0.0001305438,0.0003345812
-0.0005080509,-0.0003764111,0.0004584788
0.000486092,1.6937e-05,-0.0006212003
0.0005184367,0.0006265044,0.0009485762
-0.0003188647,0.0007712614,0.0005805454
0.0006295073,0.0004573159,-0.000616928
0.0004220128,-7.34598e-05,0.000687964
-0.0003725692,0.0004890769,0.0001978666
0.0006429334,0.0007798125,-0.0001066896
0.0004677836,0.0004701424,0.0006214377
-0.00017667,0.0003455415,0.0001954253
0.000312773,0.0005825276,-0.000572984
0.0003731905,-3.49801e-05,0.0011933197
-0.0001211347,-0.0003574767,-4.50459e-05
0.0003927194,0.000286295,-0.000452138
0.0001693577,0.0008311187,0.001259846
-0.0002102352,0.0001171064,0.0003773045
0.0006118092,-0.0004234419,-0.000572984
0.0001852249,2.18233e-05,0.0010028958
-0.0005013379,0.0009557197,3.06354e-05
0.0007948926,0.001096812,-0.0001835915
0.0002352677,0.0001977305,0.0012110194
-0.00041834,-5.6622e-06,-0.0005906836
0.0005013489,0.0005745874,-0.000618759
0.0001455568,0.0008860897,0.0016718208
-0.0001595822,9.14533e-05,-0.0002073945
0.0008626335,-0.0002933438,-0.0005461293
-0.0003438861,0.0003632544,0.0010779668
-8.39077e-05,0.0006289476,-1.51396e-05
0.0009047427,4.457e-07,-5.66423e-05
-0.0001260169,-0.0003409854,0.0008912049
-2.28799e-05,0.0004957956,-0.0005723736
0.0005373553,0.0007706506,0.0002607309
9.91757e-05,1.08291e-05,0.001305621
0.0002877516,4.13686e-05,-0.001067964
0.0004232333,0.0007401112,0.0003461775
6.13385e-05,0.0008934192,0.0015186272
0.0003139936,-0.0001198797,-0.0006883369
0.0004067558,-5.57469e-05,-0.0001372062
-0.0001003852,0.0007370572,0.001274494
0.0002407602,0.001128573,-0.00049242
0.0006221839,-4.65851e-05,0.0006629403
-0.0001675158,-0.0005120063,0.0002961302
0.0001077196,0.0002148326,-0.000561998
0.0003072805,0.0009343421,0.0007459456
3.20451e-05,0.0004017341,0.0007825656
0.0001223663,-0.0002933438,-0.0009080568
0.0002102463,9.57288e-05,0.0004285725
-7.10919e-05,0.0004615914,0.0010907838
0.0002010921,0.0004548727,-0.0008470235
0.0002169594,0.0005037358,0.0005091364
0.0001034476,0.0005965758,0.0005829867
0.0003670877,0.0002386534,-0.0002867378
3.81479e-05,1.6673e-06,0.0001441573
-1.49463e-05,0.0003467631,0.0005707801
0.0005159956,0.000705907,-0.0002891791
0.0001553213,0.0006301692,0.0008118616
0.0002401499,-1.3867e-06,0.000623879
0.0001241971,-0.0002249354,-0.0006321863
0.0001516596,1.51046e-05,0.0008942566
0.0002670021,0.0007101825,0.0004218588
0.0006484259,0.0004139499,0.0001057063
-0.0002932331,0.000506179,0.0001868806
0.0004128586,0.0001623048,0.0004017178
0.0004561883,-2.88722e-05,-1.88016e-05
-5.03424e-05,0.0003021755,0.0006153344
0.0003792933,0.000850664,5.44383e-05
6.19487e-05,0.0003168344,0.0003473982
0.0001888866,0.0001885687,0.0001136406
0.0004555781,2.8542e-05,-5.78629e-05
-0.0003652459,0.0007395004,0.0001075373
0.0004146894,0.0004719748,0.0005018124
0.0002804283,-1.7878e-05,-0.0002208218
-0.0001846036,0.0001598616,0.0001966459
0.0002181799,0.0004774719,0.0003766942
0.0002932441,0.0002209405,0.000609231
5.27946e-05,-0.0001443113,3.30767e-05
0.0003835652,0.0002294916,6.1152e-05
-0.0001199141,0.0006820862,0.000708105
0.0001907174,0.0005471019,-0.0001243892
0.0004165203,-6.67411e-05,1.84287e-05
-0.0001223552,0.0005941326,0.0002003079
0.0004964667,0.000436549,0.0005921417
-1.12846e-05,3.95362e-05,-0.0003941564
-3.93574e-05,5.90814e-05,0.0002997922
0.0007173873,0.0004157822,0.0002729376
-7.47535e-05,0.0004451001,0.0003565532
4.5826e-06,0.0003736378,8.80067e-05
0.0008302887,-0.0003012841,0.0005494184
-0.0003878261,8.386e-06,-0.0001982395
8.02571e-05,0.0009599952,7.15277e-05
0.0008540896,0.0003278286,0.0011121454
-6.13274e-05,0.0001348193,-0.0002946721
0.0002383191,0.0001488674,-4.68769e-05
0.0004293361,0.0003834104,0.0008338336
-0.0001363916,0.0003980693,4.4673e-05
0.0003664775,0.00060757,-0.0001152342
0.000301788,0.0003259962,0.0009980132
-3.87471e-05,0.0002105571,-0.000571153
0.0002303855,7.92375e-05,0.0002350969
0.0001589829,0.0002893489,0.0008973082
6.13385e-05,0.0005745874,-0.0005717633
0.0002590685,0.0002899597,0.0004554271
0.0001156532,4.99196e-05,0.0008985289
0.0001675268,-8.99511e-05,-0.0005351433
3.44862e-05,0.0003571465,-1.51396e-05
0.000235878,0.0007120149,0.0012604564
0.0003597644,0.0005067898,-0.0004332177
-1.06743e-05,-1.66564e-05,-7.25109e-05
-2.10491e-05,0.0002496476,0.0006196067
0.0005013489,0.0005874139,-2.3226e-06
0.0002236724,0.0001409272,0.0003461775
-2.59313e-05,0.000349817,0.0001917633
0.0004958564,0.0005593176,6.23727e-05
-6.49891e-05,0.0004200577,0.0003498395
0.0003164347,-9.42266e-05,0.0003535015
0.0003994325,0.0001861256,-0.0004307764
-9.00105e-05,0.0007755369,0.0007709693
0.0002987366,0.000384632,0.0004896058
0.0003652569,-0.0003904593,-0.0002006809
-8.0246e-05,7.37404e-05,0.0004102625
0.0003103319,0.0005782521,0.0003742528
8.51393e-05,0.0006924696,-3.77219e-05
0.0002901927,0.0004408246,0.0003217642
0.0003335225,0.0001671911,0.0001008237
-0.0003451067,0.000604516,-0.0003453298
0.0003268094,0.0005758089,0.0005524701
0.0003133833,1.51046e-05,9.10583e-05
-0.0001736186,-1.4824e-05,-4.916e-07
0.0003384047,0.0004371598,0.0003895112
9.79551e-05,0.0002246053,0.0004261311
-6.68199e-05,6.88541e-05,9.7772e-05
0.0005812953,7.61835e-05,0.0005005918
5.1929e-06,0.0002075032,0.0002454726
-0.0002108455,0.0006814754,-6.45766e-05
0.0007411882,0.0005330537,0.0006324237
1.25162e-05,0.0001482566,0.0001801669
2.47218e-05,0.0004243333,-0.0001500232
0.0006362203,0.0004964064,0.0006574473
-8.0246e-05,0.0001690235,0.0005713904
0.0002114669,0.0002649173,-0.0004252834
0.0006057064,0.0001623048,0.0005756627
-0.00026455,0.0008286756,0.0003016232
0.0002828694,0.0001757421,0.0002473036
0.0005581048,-0.0003751895,0.0002003079
-0.0002798069,-1.54348e-05,-1.51396e-05
0.0003530513,0.0009508334,0.000163688
0.0004934153,0.0005574853,0.0009180595
-0.0001815522,0.0001873471,-0.0004319971
0.0004580192,-0.0001962284,2.75837e-05
0.0001589829,0.0002655281,0.0008332233
-0.0001638541,0.0007046854,-0.0002611038
0.0003384047,0.0002728576,0.0002045803
0.0002694433,0.0004139499,0.0005433151
-7.96358e-05,0.0003162236,-0.0001225582
9.209e-07,0.0003235531,-0.0001909155
0.0002078052,0.0003027863,0.000742894
0.000235878,0.0003754701,-0.0003160338
-2.89827e-05,0.000260031,0.0002296039
0.0001321307,0.0004676993,0.0005420944
0.0004519164,-8.26216e-05,0.0002668342
-0.0001376122,-0.0001699644,4.71143e-05
0.0002700535,0.0003889075,0.0004719061
0.000573972,0.0006130671,0.0004957091
-0.0002279333,0.0002569771,0.0001295093
0.0002883619,0.0003052294,-5.3743e-06
0.0005697,0.0003779133,0.0002888062
-0.0001077085,0.0005599284,0.0005286671
0.0002847002,0.0009038026,-0.0002659865
0.0002383191,0.0001885687,0.0005665077
0.0001345718,-1.9975e-06,0.0002137353
0.0004183511,-3.68124e-05,0.000147209
1.73984e-05,0.0002997323,0.0005335497
0.0001296896,0.0002557555,0.0004120935
0.0005422375,0.0002276592,5.0166e-05
-0.0001363916,0.0004108959,0.0002381486
0.0003011777,0.0002178866,0.0005463667
0.0003982119,0.0003217207,-0.0001848122
-0.0001321197,0.0004774719,0.0002479139
0.000312773,0.0006014621,0.000160026
0.0003042291,0.0002783547,0.0003712012
-4.97321e-05,0.0003235531,5.26073e-05
0.0002639508,7.67943e-05,0.0002668342
0.000187666,0.0003461523,-7.86143e-05
0.0001156532,0.0007333925,0.0005347704
6.50001e-05,0.0004084528,3.97904e-05
8.81907e-05,8.47346e-05,-0.0002128875
0.000253576,0.0001360409,0.0003583842
-0.0001302888,0.0004426569,-6.45766e-05
0.0004354389,9.45072e-05,0.0005414841
0.0001431157,0.0001952874,0.0001404953
0.0001425054,0.0002020061,0.0005701697
0.0004122483,0.0002575879,4.391e-06
0.000286531,0.0001922334,0.000627541
0.000106499,0.0009154076,-0.0001518542
0.0005715309,0.0007101825,0.0003681495
0.0001894968,0.0001250467,0.0004493238
0.0002151285,0.0001158848,-0.0003282404
0.0004348286,0.0004939632,0.0003400742
-8.08563e-05,0.0007346141,0.0006080104
0.0006764987,0.0004200577,0.0003461775
0.0001821735,-0.0001204905,-0.0001506335
-0.0002883508,-4.41419e-05,0.0006080104
0.0005227086,0.0002520908,0.0002601206
0.00035,0.0001940658,0.0003364122
-0.00022061,0.0001018367,0.0001514813
0.000253576,0.0008225677,-0.0002684278
0.0004494753,0.0006735352,0.0008686226
-0.0001516486,-0.0001583594,5.26073e-05
0.0002541863,2.60988e-05,-0.0002995548
0.000257848,0.000928845,0.0005012021
-0.000253565,0.0008659337,0.0003913422
0.0003359636,0.0002337671,-0.0001109619
0.0005666486,-0.0004087829,0.0004908264
-0.0003609739,-8.68971e-05,-0.0001182859
-7.17021e-05,0.0008549395,-6.82386e-05
0.0008016057,0.0005642039,0.0010144922
1.8619e-05,-0.0001724076,-4.13839e-05
-0.0001223552,0.0002105571,-0.0003428884
0.0005892289,0.0004451001,0.0011115351
8.4529e-05,-0.000202947,0.0003760838
0.0001095504,0.0002227729,-0.0008024692
0.0006612417,0.0009557197,0.0010871218
-0.0001772802,0.0009740434,0.0003565532
0.0003011777,0.0001531429,-0.0007121399
0.0005574945,-0.0003611414,0.000638527
-0.0004030831,0.0003852428,0.0001093683
0.0003005674,0.000818903,-0.0003416678
0.0005782439,0.00051473,0.0010413468
-0.0001424944,-0.0002334865,8.43447e-05
0.000290803,-1.72672e-05,-0.0008665542
0.0003225374,0.0004872445,0.0014856692
-0.0001339505,0.0004768611,0.0001807773
0.0003298608,-2.6082e-06,-0.0006712476
0.0001144326,0.000352871,0.0006891847
-5.40041e-05,0.0004273872,0.0003925628
0.0003493897,0.0002435397,-0.0002922308
0.000360985,9.26748e-05,0.0006867433
-0.0001376122,0.0005391616,-8.10556e-05
0.0002120771,0.0008127951,5.50487e-05
0.0004732761,0.0002459829,0.0011933197
-5.33938e-05,-0.0001925636,-0.0003093201
0.0001321307,0.0001904011,-0.0003160338
0.00043788,0.0006997991,0.0013098933
6.50001e-05,0.000315002,0.0001990873
0.0004293361,-0.0001809586,-0.0003074891
6.80515e-05,-3.62016e-05,0.0006946777
-0.0001125908,0.0004139499,-4.07736e-05
0.0005245395,0.0006295584,6.42037e-05
0.0003097216,0.0004041772,0.0007843966
4.42507e-05,0.000471364,-0.0004405417
0.0003109422,0.0004255548,-0.0001787089
0.0002389294,0.0003992909,0.0008631296
7.3544e-05,-4.78066e-05,-0.0002086152
0.0003597644,0.0003510386,-0.0001152342
0.0002126874,0.0002643065,0.0010175438
-9.00105e-05,0.0003827996,-0.0004973027
0.0004647322,-8.38432e-05,0.0005921417
2.83835e-05,3.64822e-05,0.0004395585
-1.8608e-05,0.0002551447,-0.0003593674
0.000264561,0.0005336645,0.0004481031
0.0002242827,0.0005299998,0.0005774937
6.56104e-05,0.0003895183,-0.000611435
0.0002200107,0.0003608112,0.0004822818
0.0003011777,0.0005782521,0.0005854281
-8.57385e-05,0.0002429289,-0.0005278193
7.17132e-05,0.0002233837,0.0005793247
0.0004897536,0.000341266,0.0004493238
-4.5716e-06,0.0003290502,-4.62666e-05
-3.351e-06,0.0002588094,0.0003986662
0.0005855673,0.0001366516,0.0001569743
4.54712e-05,-9.36158e-05,0.0002521862
6.31693e-05,0.0001610832,0.0005298878
0.0008113701,0.0001665803,0.000138054
-0.0004915734,0.000595965,-0.0002903998
0.0005501711,0.0008109627,0.0008533642
0.0009871302,0.0001952874,0.0002741582
-0.0005971515,9.2064e-05,-0.0002403525
0.0004482547,0.0006167318,0.0003504498
0.0005269806,0.0005312213,0.0002271626
-0.0003396142,0.0003669191,0.0004163658
0.0005953317,0.0004304412,-4.99286e-05
0.0003652569,3.77038e-05,0.0005225638
-0.0007070015,7.92375e-05,0.0001063166
0.0010145927,-0.0001583594,0.0003870698
-7.623e-06,0.0002246053,0.0003821872
-0.000628886,0.000682697,0.0002119043
0.0009633293,0.0003681407,0.0002399796
-1.4336e-05,-0.0001003345,0.0002149559
-0.0005233079,0.0003492062,-0.0002574418
0.0008809418,0.0007303386,0.0002479139
-0.0001058777,0.0005208379,0.0006836917
-0.0002444108,0.0001745206,-0.0005925146
0.0009676013,1.02183e-05,0.0003901215
-0.0003158133,0.0005275566,0.0006885743
0.0001370129,0.000184904,0.0001948149
0.0009047427,-0.0003532011,0.000158195
-0.0003805028,0.0003204991,9.411e-05
3.81479e-05,0.0008500532,0.0001740636
0.0009273229,0.0001751314,0.0007581523
-0.0001199141,-0.0001834018,-0.0001689435
-0.0001327299,0.0005458803,-0.0004509174
0.0006545287,0.0010644401,0.0006891847
9.24626e-05,0.0004145606,0.0005335497
0.0002041435,-0.00015103,-0.0003563158
0.0004805994,0.0001751314,0.000152702
-0.00024258,0.0006918588,0.0006043484
0.0001473877,0.0003565357,0.0001655189
0.0009376977,-4.84174e-05,0.0003205435
-0.0004067448,0.0002191082,0.0003266469
6.6831e-05,0.0004683101,0.0003174919
0.0009218304,0.0001904011,0.0003290882
-0.0005519909,1.0565e-06,0.0002045803
0.000268833,0.0006649841,0.0001844393
0.0008583615,0.0006228397,0.0005335497
-0.0009248708,0.0001372624,-6.82386e-05
0.0005208778,8.41238e-05,-0.0001756572
0.0008095393,0.0004988495,0.0005359911
-0.0009828472,0.0006631518,0.0002125146
0.000644154,0.0001794069,-9.20416e-05
0.0006362203,-7.95677e-05,0.0003223745
-0.0008119694,0.0002307132,0.0002454726
0.0008339504,0.0001195496,0.0003071162
0.0005947214,6.94649e-05,0.000634865
-0.000668554,0.0003040078,-0.0002257045
0.0007143359,0.0003834104,0.0003321399
0.0004238436,0.0004841906,0.0006965087
-0.0001900961,0.0002062816,-0.0002019015
0.0004982975,0.0006949128,3.7349e-05
0.0003268094,0.0008921976,0.0005402634
-3.69163e-05,0.0003705838,-7.12903e-05
0.0004543575,2.67096e-05,0.0002729376
0.0003689186,0.0002954568,0.0004096521
-0.0003902673,0.0003088941,-0.0001231686
0.0003713597,0.0002869057,0.0002680549
0.0006899248,7.37404e-05,0.000768528
-0.0006233935,0.0001470351,-6.76283e-05
0.0003713597,0.0003504278,6.96967e-05
0.0003243683,0.0003351581,0.0004938781
-0.0004647212,0.0004560943,6.78657e-05
0.000852869,0.0002404858,0.0002076319
2.35012e-05,0.0002459829,0.0002741582
-0.0004213914,0.0004695317,6.1152e-05
0.0010225263,0.000208114,0.0002283832
2.59423e-05,0.0002441505,0.0006781987
-0.0002157278,0.0006484928,-0.0002580522
0.0008943679,0.0002380426,0.0004139245
-0.0001949783,8.16806e-05,0.0005335497
0.0001229765,0.0003052294,-0.0004991337
0.0006111989,0.0004683101,0.000647682
-0.0002846892,0.0007590456,0.0004145348
0.0004531369,0.0003504278,-0.0002922308
0.0005001283,-0.0002621936,0.0005610147
-0.000367687,4.19794e-05,0.0002473036
0.0006160812,0.0005110653,-2.85669e-05
9.49038e-05,0.0005006819,0.0006922363
5.95076e-05,0.0004212793,2.51424e-05
0.0005819056,1.32723e-05,3.0025e-05
-8.57385e-05,0.0003669191,0.0003950042
0.0001370129,0.0006692597,-4.74873e-05
0.00050379,0.0003540925,0.0004542065
7.0237e-06,0.0003681407,0.0001874909
0.0002773769,0.0002661389,3.7349e-05
-2.996e-07,0.000294846,0.0005750524
0.0003548822,0.0001171064,0.0005213431
0.0001980407,6.70217e-05,-0.0002849068
-0.0001620233,0.0005782521,0.0005378221
0.0005050106,0.0008799819,0.0003510602
0.0001180943,0.0002136111,0.0001185233
-9.42824e-05,-0.000171186,-9.0363e-06
0.0006142503,0.0004084528,-5.35906e-05
-0.0001626336,0.0006112347,0.0006318134
3.93685e-05,0.0001879579,0.0001899323
0.000749732,-0.0002200491,-0.0001744365
-0.0004049139,0.0001604724,0.0002595102
0.0003957708,0.0005874139,0.0007074947
0.0006020448,0.0002465937,-0.0001164549
-0.0002474622,3.58715e-05,0.0004133141
0.0005605459,0.0004896877,0.0001795566
0.0003805139,0.000702853,0.0001813876
-0.0001601925,0.0005831384,0.0004169761
0.000595942,0.000260031,9.47203e-05
0.0003213169,0.0002698036,0.0002692756
-0.0004543464,0.000462813,-2.30739e-05
0.0006642931,0.0002740792,0.0004346758
0.0002401499,1.93802e-05,0.0002576792
-1.61668e-05,-1.60456e-05,0.0001740636
0.000339015,0.0004518188,-2.85669e-05
0.0001235868,0.0004731964,0.0006379167
-7.3533e-05,0.0003791349,1.84287e-05
0.0005123339,-0.0001681321,0.0001758946
5.40151e-05,0.0003253854,0.0001411056
-2.10491e-05,0.0006906373,0.0004371171
0.0003481691,0.0004408246,0.0001331713
0.0001357924,0.0001684127,0.0003113885
0.0001791221,0.0003919614,0.000139885
0.0001187046,0.0003467631,9.0448e-05
-0.0001199141,0.0005006819,0.0003058955
0.0005056208,2.97636e-05,0.0003333605
0.0002303855,0.000138484,-3.89426e-05
-0.0002218305,0.0006460497,0.0002839236
0.0005452889,0.0004304412,0.0005689491
0.0003365738,-0.0004796345,0.0002350969
-0.0001150319,0.0002991215,-0.0003392264
0.0005660384,0.000752327,0.00069895
3.20451e-05,0.0004530403,0.0006135034
0.0003298608,1.44938e-05,-0.0001140136
0.0003640364,-0.0001675213,-7.00696e-05
-0.0001406636,0.0007602672,0.0006031277
0.0002877516,0.0009160184,0.0002210593
0.000508062,4.99196e-05,0.0002039699
-0.0002004708,-0.0001766831,0.0001185233
0.0003646466,0.0004267764,5.0166e-05
5.88974e-05,0.000486023,0.0004383378
-0.0001333402,0.0003088941,8.00723e-05
0.0006703959,7.31296e-05,1.11047e-05
-1.06743e-05,0.0003681407,0.0003553325
-0.0002981153,0.0003406552,0.000123406
0.000655139,-9.23942e-05,6.17623e-05
-1.79977e-05,0.0001470351,0.0003345812
-0.0002694322,0.0008005793,0.0001264576
0.0007814665,0.0003803565,0.0004090418
-8.63488e-05,-0.0001644673,0.0003516705
-0.0001961989,0.0001885687,-0.0002073945
0.0008705671,0.0002991215,0.0005835971
-0.0001186935,0.0006930804,0.0003425155
-2.77621e-05,0.0007114041,-1.45293e-05
0.0008034365,-0.0001015561,0.0004676338
-0.0001882652,-0.0001632458,0.0002186179
0.0001864455,0.0006295584,-8.89899e-05
0.0006954173,0.0005391616,0.0009705482
-0.0001046572,0.0003571465,0.0002015286
0.0003469486,0.0003192776,-0.0004313867
0.0004683939,0.0001042798,0.0011036008
-0.0001949783,0.000239875,9.83823e-05
0.0003756316,0.0003907399,-0.0004893684
0.0003890577,0.0004780827,0.0009394212
-2.1304e-06,0.0002997323,0.0003181022
0.0004079764,0.0001488674,-0.0008134552
-7.65844e-05,0.0002533123,0.0008539746
0.0002078052,0.000338212,0.0004200278
0.0005483403,0.0002093355,-0.000518054
-0.0003145928,0.0004066204,0.0007215323
0.000264561,0.0003895183,0.0005353807
0.0006655137,-0.0001834018,-0.0002623245
-0.0003957598,0.0004371598,0.0004120935
0.0003951605,0.0008298972,0.0005860384
0.0004738864,0.0002184974,-5.3743e-06
-0.0003609739,9.5118e-05,0.0001649086
0.0003170449,0.0004341059,-0.0001152342
0.0004214025,0.0004951848,0.0003840182
-0.0001479869,0.0005330537,0.0003455672
0.0004043147,0.0001103877,-7.19006e-05
0.0002554069,7.12972e-05,0.0001948149
-0.000102216,0.0002148326,0.0004053798
0.0004793789,0.0003889075,4.95557e-05
0.0003695289,1.20507e-05,0.0003644875
-0.0001321197,0.0004005125,-0.0001024172
0.0003890577,0.000486023,0.0003589945
6.07282e-05,0.0004133391,0.0002137353
0.0002737152,1.51046e-05,0.0001716223
0.0001931585,0.0002985107,-0.0001158446
0.0001577624,0.0006173426,0.0008851016
3.50965e-05,0.0004444893,-0.0001689435
0.0005306422,-2.9483e-05,0.0003510602
-5.64452e-05,0.0004915201,0.0003455672
0.0003255888,0.0002355995,0.0005408737
1.8619e-05,1.38831e-05,6.2983e-05
0.0002145182,0.0002636958,0.0002650032
0.0002682227,0.0003773025,0.0003748632
5.76768e-05,0.0003394336,0.0003687598
0.0001785118,0.0003534817,2.02597e-05
0.0002572377,6.88541e-05,0.0002308246
-1.37257e-05,0.0004237225,5.81003e-05
0.0001852249,0.0004414354,0.0002405899
0.0001119915,0.0006607086,7.15277e-05
0.0003921091,0.0001696343,0.0003858492
-8.39077e-05,0.0002649173,-0.0002134978
0.000264561,0.0002343779,0.0005884797
0.0001742399,0.0002264376,0.0002070216
0.0002242827,0.0001775745,0.0002784306
0.0001748502,0.0003553141,0.0001777256
0.000382955,0.0002197189,0.0004419998
0.0001663063,0.0004072312,4.40627e-05
0.0004140791,0.0003882967,0.0004481031
7.53749e-05,0.0006833078,-0.0001085206
0.0004323875,0.0002178866,0.0003034542
4.42507e-05,0.0002924028,0.000147209
0.0002847002,0.0001659695,0.0004169761
0.0003249786,0.000103669,8.55653e-05
0.0001699679,0.0002459829,0.0005286671
0.0002840899,0.0004121175,0.0003113885
0.0004793789,-4.53635e-05,0.0004023282
-0.0003261881,0.0002875165,-0.0001689435
0.0004946358,0.0004041772,0.000667823
0.0003109422,0.0005629824,6.4814e-05
-1.4336e-05,0.0003351581,0.0001685706
0.0002041435,0.000650936,1.04944e-05
0.0005843467,0.0001842932,0.0005762731
-0.0003023872,5.66383e-05,-9.63139e-05
0.0004836508,0.0003571465,0.0001826083
0.0003512205,0.0004170038,0.0004169761
-0.0002987256,0.0004499864,0.0002045803
0.0006118092,0.0001910119,0.0002979612
0.00045985,-0.000307392,0.0004059902
-0.0005532115,0.0003608112,-0.0003013858
0.0006252353,0.0006833078,0.0004969298
0.0004030941,0.0004286088,0.0007752416
-0.0002126764,0.0001042798,-0.0004100251
0.0005086722,0.0002441505,0.0002558482
0.0001907174,0.0004304412,0.0007691383
-0.0001101497,0.0003559249,-0.0004417624
0.0005758028,0.0005116761,0.0003602152
0.000132741,0.0005385508,0.000623879
-0.0001900961,0.0003253854,-0.0004973027
0.0004934153,5.60275e-05,0.0003351915
0.0002792077,-4.41419e-05,0.0008844912
-0.0001461561,0.0002197189,-0.0007505909
0.0003261991,0.0006081808,0.0006263204
0.0003780727,0.000283241,0.0009559002
-3.14238e-05,-0.0001693536,-0.000589463
0.0004391005,0.0002636958,0.0003034542
0.000231606,0.0005574853,0.001289142
5.64562e-05,0.000474418,-0.0008244412
0.0002938544,0.0002252161,0.0004474928
0.0002102463,0.0006228397,0.0007111567
0.0001602035,0.0003253854,-0.0003563158
0.0003255888,0.0002184974,0.0002875855
0.000143726,0.0003217207,0.0006226584
1.98396e-05,0.0004915201,-0.0004966924
0.0003023983,0.0005550421,0.0005677284
0.000246863,-0.0001528623,0.0008722846
3.3876e-05,0.0001042798,-0.0009074465
0.0002615096,0.0002020061,0.000693457
-4.66807e-05,0.0007193444,0.0005512494
0.0007692609,0.000271636,0.0001276783
-7.23124e-05,-0.0001119395,-8.59382e-05
-0.000187655,0.000451208,0.0002973509
0.000813201,0.0006546007,0.0001447676
7.04926e-05,4.62549e-05,0.000647682
1.61779e-05,0.0004341059,-0.0002214322
0.0007717021,0.0004505972,9.2279e-05
-0.0003029975,0.0005202271,0.0008570262
0.0002529658,0.0001158848,-2.61256e-05
0.0008174729,5.60275e-05,-4.68769e-05
-0.0005861665,0.0004664777,0.0007068843
0.0005373553,0.0006784215,0.0001130303
0.0006136401,-0.0003519796,0.0002106836
-0.000565417,5.60275e-05,0.0001404953
0.0009273229,0.0005428263,0.0003602152
0.0001736296,0.0003400444,0.0004053798
-0.0002407491,-1.60456e-05,0.0004035488
0.0007936721,0.0002691929,-0.0005845803
-8.69591e-05,0.0003711946,0.0010517225
-0.0002010811,0.0006002405,-8.22762e-05
0.0010603635,0.0001348193,-0.0003337334
-0.0004799781,0.0004243333,0.0006006864
0.0001364027,0.0008378374,9.53307e-05
0.0007613273,0.0001855148,0.0001020443
-0.0004323764,0.0001006151,0.0005115778
0.0003133833,0.0002850734,-0.0001402579
0.0004366594,0.0003553141,0.0002942992
-8.08563e-05,0.0002013953,0.0010138818
0.0005007386,0.0001238251,-0.0007023746
0.0001089401,1.0565e-06,0.0006727057
-0.0001809419,0.0004170038,0.0003315295
0.0007015201,0.0001769637,-0.0002025118
-7.59741e-05,0.000341266,0.0005567424
0.0002572377,0.0007486622,0.0004981504
0.0003554925,0.0003821888,-0.0003892737
1.73984e-05,0.000263085,0.0009174492
0.000339015,0.0004261656,-1.575e-05
0.0003738008,0.0003272178,5.87107e-05
-0.0001223552,0.0003308825,0.0007892793
0.0006484259,0.0002594202,-5.48113e-05
0.0001333513,0.0002038384,8.6634e-06
-0.000102216,0.0003229423,0.0008851016
0.0005623767,8.29022e-05,-0.0001634505
4.54712e-05,-6.67411e-05,8.6634e-06
-2.71518e-05,0.0005416048,0.0004523755
0.0005214881,0.0006051268,-3.34496e-05
1.19059e-05,0.0002954568,0.0001765049
0.0001754604,0.0001726882,0.0003242055
0.0003841755,0.0004701424,-0.0002751415
-0.0002334258,0.0006521576,0.0003425155
0.0002071949,0.0003455415,0.0005085261
0.0005611561,-2.39859e-05,-0.0001152342
-0.0001998605,0.0003058402,0.0005036434
7.7816e-05,0.0004988495,0.0001838289
0.000497077,-9.97237e-05,0.0003272572
-9.67235e-05,0.0001720774,0.0003388535
0.0002914133,0.0002417074,0.0003821872
0.0001248074,0.0003974585,-0.0002617142
-0.0001907064,0.0003980693,0.0006482924
0.0006624623,0.0001598616,0.0002009183
0.0001760707,-2.88722e-05,-4.93183e-05
-0.0002773658,0.0008134059,8.00723e-05
0.000602655,0.0003363796,0.0006501234
0.000110771,0.0001574185,-2.49049e-05
6.86618e-05,0.0003608112,0.0002003079
0.0007045715,0.0002123895,0.0006226584
-0.0001730083,0.0001989521,0.0001685706
0.0002010921,1.75478e-05,0.0001295093
0.0007143359,0.000150089,0.0002863649
-0.000275535,0.0006436065,0.0003992765
0.0003030086,0.000781034,-0.0001542955
0.0005910598,-2.88722e-05,0.0003675392
-0.0003316806,0.0002649173,-0.0001402579
0.0004220128,0.0005067898,0.0001795566
0.000213908,0.0006381094,0.0001539226
-0.000172398,0.0004035664,0.0003492292
0.0006185223,0.0001916227,0.0001008237
0.0001663063,-0.0001821802,0.0005341601
-0.000444582,0.0002404858,1.11047e-05
0.0007692609,0.0001922334,0.0005317187
4.36404e-05,0.0002068924,0.0002973509
-0.0001852138,0.0001403164,9.89927e-05
0.0007839076,0.0003656975,0.0002692756
8.39187e-05,0.0002441505,0.0007416733
-0.0003133722,0.000448154,-0.0004063631
0.0010975905,0.0004725856,0.0001990873
-0.000312762,0.0007895851,0.0004572581
5.5846e-05,0.0005452695,5.1997e-05
0.0008540896,-8.4454e-05,-0.0001121826
-0.0002212203,0.000170245,0.0005262258
2.04498e-05,0.0005367184,1.59874e-05
0.0010023871,-5.75793e-05,0.0006745367
-0.0005812843,-6.67411e-05,0.0002607309
0.0003976016,-5.6622e-06,-0.0002983341
0.0006813809,9.63396e-05,0.0008374956
-0.0003554814,0.0006118455,0.0003785252
0.0005117236,0.0006020729,-0.000561998
0.0004183511,0.0002197189,0.0007239736
-0.0004396998,0.000572755,7.45793e-05
0.0004909742,0.0003553141,-0.0004008701
1.73984e-05,0.0005580961,0.0006940673
4.5826e-06,0.0005666471,0.0003303089
0.0004757172,0.0001531429,-0.0002690381
-6.43788e-05,5.35843e-05,0.0009357592
-5.27835e-05,0.0002001737,-0.0002452352
0.0003872269,3.7093e-05,0.0003315295
0.000117484,0.0001171064,0.0008570262
3.63171e-05,2.42665e-05,-0.0004454244
0.0001644754,0.0001213819,0.0002186179
0.000132741,0.0004359383,0.0007972136
0.000378683,0.0001000043,-0.000446645
2.65526e-05,0.0005098437,2.20907e-05
0.0002529658,0.0011749929,0.0008930359
0.0006136401,0.0003864643,-7.2053e-06
-0.0001778905,-9.3269e-06,-0.0003807291
0.0003506102,0.0007150688,0.000702612
0.0003847858,0.0006546007,0.0002222799
-0.000102216,-3.13153e-05,0.0002912475
0.0004976872,-0.0003012841,0.0002881959
0.0004543575,-0.0001937852,0.0005170708
-0.0005245284,0.0005574853,-4.74873e-05
0.0007735329,0.0006411634,0.000759373
0.0003048394,2.24341e-05,0.0003138299
-0.0004519053,0.0004359383,-0.0005662703
0.0006380512,0.0005568745,0.000653175
-9.4538e-06,0.0005196163,0.0001441573
4.24198e-05,0.0004884661,-0.0003721844
0.0005391861,0.0005532097,0.0003150505
-0.0002926228,0.0005159516,0.000700781
0.0001815632,4.62549e-05,-0.0004802134
0.0004439828,-0.0004820776,0.0006171654
-0.0002419697,0.0001659695,0.0006299824
0.0004384903,0.0005874139,-0.0002153288
0.0002596788,0.0001922334,0.0008435989
-0.0001144216,0.0001244359,0.0002088526
0.0006465951,0.0001928442,-0.0002452352
7.29337e-05,0.0004805259,0.000596414
-5.64452e-05,0.0009166292,0.0002387589
0.0006685651,0.000827454,-0.0003471608
6.86618e-05,8.22914e-05,0.0007795139
4.91329e-05,0.0001079446,-1.7581e-05
0.0005965523,0.0002765223,-0.0001005862
0.0001516596,0.0002392642,0.0011554791
0.0001894968,0.000474418,-0.0001158446
0.0006972481,2.42665e-05,0.0001972563
-0.0001144216,0.0003650867,0.0004615305
-8.20769e-05,0.0005617608,-0.0002116668
0.0006057064,0.0003827996,0.000136223
3.3876e-05,2.24341e-05,0.000702612
7.53749e-05,0.0003742486,-0.000591294
0.0003310813,0.0004738072,0.0004316241
-2.9593e-05,0.0005312213,0.0005591837
0.0003146038,7.98483e-05,-0.0003630294
0.0003225374,0.000161694,0.0004676338
-0.0001077085,0.0005464911,0.000634865
-2.04388e-05,0.000338212,-0.000534533
0.0003414561,0.0003473739,0.0002289936
0.0001791221,0.0003797457,0.0008661812
8.08674e-05,0.0003485954,-0.0002879585
0.0002962955,0.000126879,0.0003925628
-7.17021e-05,0.0001189388,0.0004725164
0.0003341327,0.0002722468,0.0001264576
0.0005556636,0.0003608112,0.0005842074
-0.0001632438,0.0002972892,0.0003907318
0.0003255888,0.0003473739,-0.0002299768
0.0004805994,0.0003186668,0.0003004025
-0.0001791111,0.000569701,0.0003022335
0.0002328266,0.0006258936,-0.0002098358
0.0005526123,0.0003785241,0.0004023282
-0.0004567876,6.39678e-05,5.99313e-05
0.0005623767,0.0004994603,-0.0002971135
0.0004299464,0.0002130003,0.0009974028
-0.0005123229,0.0003143912,0.0002949095
0.0007887898,-6.67411e-05,-0.0003581468
-4.48499e-05,-6.55195e-05,0.0005475874
-0.0004757062,0.0005623716,0.0003058955
0.0009132866,0.0006497144,-0.0001231686
-0.0001345608,0.0002875165,0.000689795
-0.0004750959,0.000549545,-0.0005809183
0.0009535649,0.0002252161,0.0002051906
-0.0004543464,0.0001164956,0.0010248678
7.3544e-05,0.0003944046,-0.0006285243
0.000672837,0.0004774719,0.0002448622
-0.000466552,0.0003168344,0.0013721473
0.0004214025,-0.0002102765,-0.000615097
0.0004720556,-0.0002786849,0.0001026547
-0.0006551279,0.0007052962,0.0007361803
0.0009187791,0.0008671553,-0.0003984287
0.0001455568,0.0002734684,0.0004456618
-0.0001919269,5.84707e-05,0.0004883851
0.0007228798,0.0003827996,-0.000578477
3.44862e-05,0.0001836824,0.0009845858
-7.41433e-05,0.0004414354,-0.0001207272
0.0010200852,0.0003369904,-0.0001268306
-0.0001650747,0.0005226703,0.0010169335
7.96468e-05,4.93088e-05,-0.0002311975
0.0005819056,-9.66698e-05,-0.0002763621
-0.0002987256,0.0004707532,0.0008301716
0.0003530513,0.000992367,-3.58909e-05
0.0004897536,3.89254e-05,0.0003016232
-0.000231595,-0.0001412573,0.0005280568
0.0004622911,0.000184904,-0.0001225582
0.0001730193,0.0005238919,0.0006122827
-5.7921e-06,0.0006515468,0.000722753
0.0006252353,0.0002032276,-0.0002647658
-0.0001742288,0.0001079446,0.0001740636
-8.57385e-05,0.0007107933,0.0001789463
0.0004836508,0.00060757,-0.0001164549
-0.0001168627,0.0006381094,0.0003406845
0.0002834797,0.0002203297,0.0003693702
0.0002071949,-9.11727e-05,-0.0003514331
-0.0002639397,-0.0002322649,0.000605569
0.0004293361,0.000315002,0.0002796512
0.0005599356,0.0003443199,0.0004151451
-0.0002627192,0.0006338339,0.0002350969
0.0006386615,0.000106723,0.0003174919
0.0002712741,-2.52074e-05,4.40627e-05
-0.0002389183,0.0004328843,7.58e-05
0.0005526123,0.0010192418,-0.0001787089
0.0003219272,0.0005923002,0.000695288
-8.94002e-05,0.0004805259,5.9321e-05
0.0006807706,-0.0003379314,-5.42009e-05
4.24198e-05,-0.0001235445,0.0005207328
-9.97749e-05,0.000717512,1.3546e-05
0.0006856529,0.0006662057,0.0002686652
-0.0001894858,0.0001262682,0.0004181968
9.9786e-05,-3.92556e-05,-0.0001481922
0.0006819912,-0.0002102765,0.0002277729
-0.0005318518,0.0001812392,0.0004889954
0.0004506958,0.0007089609,-0.0001256099
0.000552002,0.0006600978,0.0004761784
-0.0003310703,0.0002710252,0.000651344
0.0004946358,-2.27643e-05,-0.0005980076
0.0002993469,4.457e-07,0.0006196067
-0.0003805028,0.0007321709,0.0003608255
0.0006276764,0.0005947434,-0.000497913
3.81479e-05,0.0005916895,0.0004310138
-0.0002230511,0.0004102851,0.0003284779
0.0006240148,-7.04058e-05,-0.0003947667
0.000224893,5.48059e-05,0.0009021909
-0.0001162524,0.0005764197,4.34523e-05
0.00045985,0.000552599,-9.75346e-05
5.46254e-05,0.0001549753,0.0008966979
0.0002785974,-0.0002951762,-7.49523e-05
0.0002724947,-0.0001180474,-0.0003300714
7.634e-06,0.0007303386,0.0009693275
0.000433608,0.0006631518,1.47667e-05
0.0004262847,0.0001958982,-0.0002019015
7.84262e-05,0.0003333257,0.000739232
0.0002505246,0.0003980693,9.884e-06
0.0002938544,0.0003351581,5.68797e-05
0.0002511349,0.0002154434,0.0008826602
0.000268833,0.0003290502,6.05417e-05
8.57496e-05,0.0005281674,-2.61256e-05
0.000334743,0.0001824608,0.0009894685
0.0002493041,-0.0001950068,-5.23699e-05
0.0002261135,0.0002759115,-0.0001976292
-0.0001431047,0.0008720416,0.000665992
0.0002102463,0.0005642039,0.0001978666
0.0003548822,-0.0001180474,-0.0002196012
-0.0001431047,-4.59743e-05,9.83823e-05
9.30729e-05,0.00058436,0.0002704962
0.0005373553,0.0006100131,0.0006116724
-0.0001046572,-0.0001901205,0.0003223745
0.0003481691,-0.0001204905,-0.0002971135
0.000143726,0.0003510386,0.0005817661
-8.26871e-05,0.0004554835,0.0005616251
0.0006667342,0.000103669,-0.0001286616
0.000224893,0.0005849708,7.9462e-05
-0.0001693466,0.0009593844,0.0004621408
0.0004397108,0.0005855816,-7.12903e-05
0.0002889722,-0.000295787,0.0003858492
-1.12846e-05,3.77038e-05,-9.75346e-05
0.0004055353,0.0006778107,0.0002418106
9.12421e-05,0.0004560943,0.0008710639
0.0003506102,-0.0001149934,2.087e-05
0.0003670877,-0.0002829604,-3.22289e-05
-0.0002376978,0.0003186668,0.0004889954
0.0004555781,0.0003437091,0.0003229849
0.0002120771,0.0003327149,2.14804e-05
2.28909e-05,0.0005642039,0.0004743474
0.0004561883,0.0007046854,-0.0001408682
-7.53638e-05,0.0005012927,0.0005048641
0.0003255888,4.99196e-05,0.0003150505
0.000301788,8.16806e-05,-0.000464955
-0.0003811131,0.0008219569,0.0004633615
0.0005385759,0.0007010207,0.0005543011
0.0003286402,-0.0002096657,-4.19943e-05
-0.0003756206,-0.0002426483,0.0002497449
0.0005782439,2.79312e-05,0.0003834078
0.0001461671,0.0002685821,6.8476e-05
-0.0003329011,0.0005318321,0.0003455672
0.0007906207,0.000529389,0.0002747686
0.0002297752,0.0001128309,0.0003266469
-0.0004433614,0.0002331563,-0.0001463612
0.0009273229,0.0004505972,0.0003596048
9.30729e-05,0.0004225009,0.0003614358
-0.0002718733,0.0007052962,-0.0002513385
0.0010585327,0.0006778107,0.0003486188
-6.49891e-05,1.32723e-05,0.0008515332
-0.0002230511,0.0001360409,-0.000598618
0.0011415305,4.8698e-05,0.0004773991
-0.0005165948,0.000592911,0.000665992
9.42935e-05,0.0005532097,-0.0001903052
0.0009370874,-0.0001736292,0.0005237844
-0.0004458026,-4.04772e-05,0.0002686652
0.0004000428,0.0004536511,-0.0001976292
0.0004769378,0.0006039052,0.0006427994
-0.0002468519,0.0003742486,0.0004828921
0.0005086722,8.47346e-05,-0.0007731732
0.0002547966,0.0002991215,0.0008674019
-0.0002151175,0.0004695317,0.0006446304
0.0005593253,0.000208114,-0.0006620926
0.0001425054,0.0002453721,0.000744725
6.4134e-06,0.000694302,0.0003950042
0.0005666486,0.0003718054,-0.0004417624
-0.0001193038,0.0002527016,0.000750218
0.000220621,2.24341e-05,0.0004084315
0.0004098072,0.0001048906,-0.0006108246
-0.0001809419,0.0006466605,0.0008631296
0.0003231477,0.0004035664,0.0004908264
0.0005532225,-1.17701e-05,-0.0003679121
-0.0002041325,0.0001995629,0.0005640664
0.0003152141,0.0005385508,0.0002698859
0.0004012633,0.0001140525,0.0001337816
-0.0002779761,0.0003449307,5.0166e-05
0.0004653425,0.0003229423,0.0002167869
0.0002694433,0.0005141192,6.60347e-05
-8.87899e-05,0.0003272178,0.0006061794
0.0004220128,-0.0001235445,-4.07736e-05
0.0003963811,-0.0002322649,0.0005048641
-0.0001351711,0.0007944714,8.25137e-05
0.0003969914,0.000885479,0.0002363176
0.000242591,0.0003882967,0.0003480085
0.0001675268,-0.00010461,0.000152702
0.0003182655,-1.42132e-05,-0.0001231686
-0.0001498177,0.0003589788,0.0004566478
0.0001052785,0.0006057376,0.0001411056
0.0006057064,0.0001916227,0.0003034542
-0.0001669055,7.4962e-05,0.0003864595
0.0001931585,6.70217e-05,6.17623e-05
0.0003744111,6.39678e-05,0.0002247213
-0.0002596678,0.000604516,0.0001771153
0.0004287258,0.0006906373,0.0001136406
0.0004055353,0.0005092329,0.0003925628
-0.0001742288,6.51893e-05,0.0003205435
0.0004885331,-0.0001919528,-0.0003013858
0.0002511349,0.0004066204,0.0004914368
-2.16593e-05,0.0009245695,0.000739232
0.0005312525,0.0004505972,-0.0001066896
-8.39077e-05,-0.0001259876,0.0002015286
-9.85544e-05,0.0001592508,-5.9846e-06
0.0007619376,0.00020506,0.0005158501
-0.0001473766,0.0006246721,0.0003394639
0.0002010921,0.000569701,2.14804e-05
0.0004183511,0.0001116093,0.0001081476
-7.10919e-05,-0.000147976,0.0008295613
0.0003304711,-0.0002237139,-0.0001945775
0.0003304711,0.0003204991,0.0003956145
-0.0001138113,0.0009111321,0.0007258046
0.0005697,0.0004212793,-7.98349e-05
0.0002285546,-0.0001840126,0.0004017178
-0.0001382224,0.0003644759,2.20907e-05
0.0004653425,0.0006405526,0.0001520916
6.62207e-05,0.0006619302,0.0003797458
0.0002224519,0.000381578,4.6504e-05
0.0003493897,0.0003125589,-0.0002012912
-0.0001522588,0.0003644759,0.0008216269
0.0002993469,-6.85735e-05,-1.63603e-05
0.0004946358,-0.0002646367,4.89453e-05
-0.0002499033,0.0002020061,0.0007752416
0.0001296896,0.0007553809,-0.0001518542
0.0005709206,4.74765e-05,0.0002588999
-0.0001089291,-1.7878e-05,0.0004175865
0.0004232333,0.0004359383,-4.26046e-05
0.0002828694,0.0004023449,0.0001679603
-0.0002798069,0.0004811366,0.0008954772
0.0007405779,0.000436549,-0.0003563158
0.0002047538,0.000248426,0.0001789463
-0.0004195606,0.000914186,0.0006305927
0.0010969802,0.0004591482,0.0003113885
6.86618e-05,-0.0003965672,0.0001136406
-0.0006069159,3.89254e-05,2.02597e-05
0.0010176441,0.0005141192,0.0002869752
-1.92182e-05,0.0004298304,0.0006250997
-0.0001949783,-0.000226157,0.0001954253
0.0009566163,-0.0001675213,-0.0002116668
-0.000253565,0.0004451001,0.0006647713
-0.0002749247,0.0008439453,-8.28866e-05
0.0011793678,0.0002667497,0.0004572581
-0.000183383,2.06017e-05,0.0002723272
-0.0003011667,0.0003809672,-0.0007078676
0.0008534793,0.0006008513,0.0007984343
-4.66807e-05,0.0005501558,0.0006446304
7.59851e-05,-0.0001375926,-0.0003648604
0.0004714453,0.0003040078,0.0001679603
-3.08135e-05,0.0005642039,0.0011933197
0.0001150429,0.000161694,-0.0005021854
0.0006923659,-8.81187e-05,0.0005304981
5.52357e-05,0.0005892463,0.0004090418
0.0001003963,0.0005440479,7.7631e-05
0.0003091113,0.0002679713,0.0002601206
0.0002462527,-0.0002206599,0.0003522808
-0.0001247963,0.0004322735,-0.0005003544
0.0004055353,0.0010522244,0.0008362749
0.0002523555,0.0001482566,0.0007551006
1.73984e-05,-0.0005095631,-0.0007774455
0.0003811241,-6.8838e-06,0.000600076
0.0001833941,0.0006900265,0.0007709693
0.0001858352,0.0004035664,-9.08209e-05
0.0005513917,0.0003156128,3.61284e-05
0.0001150429,0.0001513106,0.000684302
3.32657e-05,0.0004548727,-0.0002568315
0.0004201819,0.0003125589,0.0003046749
1.37368e-05,0.000196509,0.0003107782
0.0002816488,0.0004377706,-0.0002360802
0.0004207922,0.0004536511,0.0004224691
-8.26871e-05,6.82433e-05,0.0004297931
0.0002743255,2.79312e-05,-0.0003599778
0.000253576,0.0003015647,0.0002265522
-0.0002077941,0.0005568745,0.0006794193
0.0003353533,0.0002197189,-0.0001359856
0.000202923,-9.78913e-05,0.0002692756
-7.29227e-05,2.12125e-05,0.0003229849
0.0003396252,0.000439603,-9.87552e-05
0.0002749358,0.0006216181,0.0006324237
-4.91219e-05,0.0003907399,0.0003174919
0.0004952461,-0.0002017255,0.0001929839
0.0001467774,7.1644e-06,7.0307e-05
-5.52246e-05,0.0007004099,0.0003974455
0.0004342183,0.0010436733,0.0002003079
0.000433608,3.7093e-05,0.0005793247
-7.3533e-05,5.332e-06,-0.0003203061
0.0003573233,4.80872e-05,0.0004261311
0.0001461671,0.0005446587,0.0004377275
0.000139454,0.0005391616,-6.27456e-05
0.0004171305,0.0003272178,0.0002442519
6.6831e-05,0.0002410966,0.0004578685
3.02143e-05,-9.17834e-05,-4.56563e-05
0.0003652569,-0.000281128,0.0001960356
7.23235e-05,0.0005837492,0.0001374436
0.0003731905,0.0011646095,0.0001331713
0.0001602035,0.0004707532,0.0006739263
0.0001382335,-0.000362363,-0.0002385215
0.0002828694,-0.0004778021,-1.0257e-05
-0.0001180833,0.0008182922,0.0004706854
0.0003475588,0.0013258578,0.0004206381
0.0001742399,0.0004493756,4.77247e-05
1.19059e-05,-0.000206001,0.0001478193
0.0003835652,-0.0002212707,0.0001392746
-0.0001888755,0.0003791349,0.0002991819
6.01179e-05,0.0002960676,0.0005500287
0.0003231477,0.0005348861,-0.0004661757
0.0001376232,0.0002795763,0.0008545849
4.97432e-05,-0.0001296524,0.0002131249
0.0004201819,-0.000452149,-0.0001274409
-6.43788e-05,3.95362e-05,0.0004035488
0.0002212313,0.0011004767,0.0002985715
0.0005074517,0.0009728218,0.0002729376
6.13385e-05,-9.42266e-05,0.0004377275
0.0003994325,-0.0002805172,-1.81913e-05
0.0002834797,0.0004170038,-6.82386e-05
-1.4336e-05,0.0010815422,0.0009101252
0.0005123339,0.0007627104,-0.0001207272
0.0003615952,-3.68124e-05,0.0002375382
-0.0001266272,2.42665e-05,8.43447e-05
0.0004409314,0.0001378732,0.0001575846
0.0002608994,0.0003027863,0.0004816714
-2.10491e-05,0.0003895183,0.0001465986
0.0003707494,0.0001335977,-3.65013e-05
-9.06208e-05,0.0002826302,0.0002692756
0.0002364882,-8.38432e-05,0.0004212485
0.0002450321,-2.6082e-06,-0.0001677229
6.31693e-05,0.0006271152,0.0004114831
0.0003030086,0.0009013595,0.0003754735
1.49573e-05,0.0002655281,3.3687e-05
7.04926e-05,0.0002301024,-7.86143e-05
0.0004476444,0.0003088941,0.0004615305
-1.37257e-05,0.0003553141,0.0002222799
0.0002169594,0.0001879579,0.0004023282
0.0002987366,6.51893e-05,-6.09146e-05
-4.36294e-05,0.0001549753,0.0002448622
0.00041591,0.0003284394,0.0002961302
0.0003561027,0.0001519214,0.0004957091
-3.56957e-05,0.0001024475,-0.0002122772
0.0003066702,0.0002978999,0.0003370225
0.0004214025,0.0003980693,0.0004963194
0.000165696,0.0001470351,-5.35906e-05
0.0001040579,0.000482969,-4.74873e-05
0.000444593,0.0005367184,0.0005103571
0.0001528802,0.000150089,0.0003339709
-2.34902e-05,5.54167e-05,-8.28866e-05
0.0005245395,0.000349817,0.0002692756
-0.0001839933,0.0006332231,0.0002454726
0.0002596788,0.0004982387,0.0002296039
0.0007448498,-0.0002224923,0.0001691809
-0.0006893035,0.000369973,-0.0001079102
0.0003548822,0.0005574853,0.0004902161
0.0005873981,-7.46813e-05,0.0004224691
-0.0004519053,-0.000124766,-2.00223e-05
0.0001931585,0.0005953542,-2.91773e-05
0.0005977728,0.0003253854,0.0011701271
-0.0003933186,0.0001146632,-0.0002000705
0.0006313381,5.54167e-05,-9.02106e-05
0.0001223663,0.0003253854,0.0010309711
-0.0002962844,0.0003589788,-5.9846e-06
0.0006899248,0.0002294916,-0.0003538744
9.18524e-05,0.0004475432,0.0008564159
-0.0002572267,0.0009147968,-0.0003044375
0.0009303743,8.90101e-05,0.0003919525
-0.0001095394,-0.0004564245,0.0007160393
-0.0001638541,7.86267e-05,-0.0009471181
0.00054773,0.0009282342,0.0004401688
7.04926e-05,0.0008610474,0.0013050107
0.0004610706,-0.0001168258,-0.0008055209
0.0003432869,-0.0002554749,-3.65013e-05
-0.0004915734,0.0004609806,0.0011634134
0.0006002139,0.0003956262,-0.0005577257
0.0003652569,-7.89569e-05,0.0003315295
-0.00030849,0.0005971866,0.0007435043
0.0005733617,0.00051473,-0.0001024172
6.56104e-05,-0.0004106153,0.0005189018
1.37368e-05,-0.0001455329,0.0004450515
0.0003847858,0.0008018009,-0.0007585252
-0.00024258,0.001336852,0.0007837863
0.0002114669,0.0002856842,0.0007563213
0.0005837364,-0.000315943,-0.001238247
-0.0005086612,-4.4406e-06,0.0008551952
-7.65844e-05,0.0010058044,0.0004755681
0.0011043036,4.62549e-05,4.58937e-05
-0.000683811,-0.0001876773,0.0001740636
0.0002633405,0.0001653587,0.0004981504
0.0007832973,3.64822e-05,0.0001227956
-0.0004592287,0.0001390948,0.0007129877
0.0005947214,0.0003040078,-6.21353e-05
0.0006087578,0.0004768611,-2.79566e-05
-0.0005727404,0.0006753675,0.0006940673
0.0008278476,0.0002673605,-0.0003660811
0.0005220984,0.0001256574,0.000163688
-0.0005977618,0.001027182,0.0004133141
0.0010866055,0.0006094023,0.0005561321
0.0002297752,-0.0002829604,1.47667e-05
-0.0004482437,-8.81187e-05,0.0001673499
0.0008882652,0.000540994,0.0002418106
-2.996e-07,0.00056115,0.0006708747
-0.0002285436,0.0003027863,7.4427e-06
0.0007485115,-0.0001308739,0.0001185233
-0.0004055242,0.0001952874,0.0002668342
-0.0001748391,0.0001781853,-4.44356e-05
0.0007259312,0.0002905705,0.0003083369
1.8619e-05,0.0004585374,0.000752049
-0.0002309847,0.0001281006,-0.0002244838
0.0006185223,-3.31477e-05,0.0002527966
3.32657e-05,0.0002209405,0.0005268361
-0.0001791111,0.0007169012,-0.0003776774
0.0005843467,0.0008079088,0.0003650978
0.0002291649,0.0003131697,0.0004914368
-0.0001296786,-8.01784e-05,-0.0002434042
0.0004574089,0.0001842932,0.000125237
0.0001901071,0.0004157822,0.0008374956
-0.0001418841,0.0006069592,-0.0003611984
0.0008138112,0.0003107265,0.0003834078
5.21843e-05,-0.0003336559,0.0008252889
-0.000249293,1.6937e-05,-0.0007115296
0.0008986399,0.0002423181,0.0005103571
-0.0002968947,0.0005587068,0.0006647713
0.0002370985,0.0006258936,-0.0004081941
0.0007417984,4.13686e-05,2.57527e-05
-0.0005288004,-0.0002719662,0.0010236471
0.0004702247,0.0004817474,-0.0006016696
0.000808929,0.0005049574,0.0008735052
-0.0007985432,0.0007963038,0.0003693702
0.0008235757,0.000662541,-0.0006291346
0.0003219272,0.0001317653,0.0008735052
-0.000661841,-0.0001113287,0.0002765996
0.0009358668,-6.00224e-05,-0.0007499806
-0.000205353,0.0005629824,0.0009485762
-0.0003768411,0.0004432677,0.0004889954
0.0009151174,-9.36158e-05,-0.0007249569
-0.0003805028,-0.0002750201,0.0012390947
-5.76657e-05,0.0002423181,-0.0001933569
0.0007741432,7.61835e-05,0.0001502606
-0.0003756206,0.0008011901,0.0007251943
0.0006160812,0.0003925722,0.000116082
0.0001315204,0.0003791349,-0.0006193693
-9.67235e-05,0.0005446587,0.0011219108
0.0007125051,0.0002520908,-3.89426e-05
4.91329e-05,0.0001806285,-0.0001524645
-0.0001778905,0.0005342753,0.0009424729
0.000835171,0.0003766917,0.0001478193
-6.37685e-05,-0.0002359296,7.88517e-05
-0.0001687363,0.0004658669,-9.57036e-05
0.0009261024,0.0002783547,0.0011597514
-0.0002486828,0.0004738072,-0.0005156127
2.89937e-05,0.0002209405,0.0004072108
0.0004647322,0.0002985107,0.0001960356
0.0001022271,-0.0001186582,0.0004554271
-5.33938e-05,0.0003198883,-0.0003984287
0.0004586294,0.0003754701,0.0010059475
0.0001388438,0.0004286088,5.68797e-05
0.000143726,0.0002111679,5.26073e-05
0.0002352677,0.0001696343,0.0006043484
0.0001193149,0.0005312213,-0.0002507282
-4.24088e-05,0.0007871419,0.000136223
0.0004281155,0.0006258936,0.0005781041
0.0002956852,-8.87295e-05,0.0003480085
-1.31155e-05,0.0001012259,-0.0003868324
0.000198651,3.28175e-05,0.0010474501
0.0001943791,0.0003272178,5.68797e-05
0.0003078908,-3.74232e-05,0.0002405899
0.0001724091,0.0003406552,0.0003663185
-3.20341e-05,0.0004469325,0.0001765049
0.0003078908,0.0002191082,-0.0003856117
0.0003103319,0.0001293222,0.000774021
-6.68199e-05,0.0006839186,-0.00054735
0.000231606,0.0006350555,0.0001386643
0.0001296896,0.0002606418,0.0008674019
0.0004506958,-0.000107664,-0.0004454244
0.0002792077,-3.13153e-05,0.0003657082
-0.0001223552,0.0009740434,0.0006263204
0.0007692609,0.0004579267,0.0001832186
8.39187e-05,-0.0002457023,0.0001185233
2.7518e-06,-9.85021e-05,0.0005884797
0.0005556636,0.0003980693,-0.0004655654
-0.0003145928,0.0007169012,0.0008362749
0.0003603747,0.0006729244,6.35933e-05
0.0005440684,2.67096e-05,-0.0001774882
-0.0005593143,0.0001946766,0.000752049
0.0004043147,0.0001647479,0.0001948149
0.0003701391,-0.0001485868,-0.0001262202
-0.0005452779,0.0005886355,0.0005048641
0.0008443251,0.0006020729,0.0004859438
1.61779e-05,0.0001897903,-0.0002214322
-0.0002303744,-0.0001498084,0.0004914368
0.0006917556,0.0001763529,-0.0002623245
-0.00022061,0.0006094023,0.0002430312
1.19059e-05,0.0007486622,0.0003107782
0.000764989,-3.92556e-05,0.0003016232
-0.000194368,-5.20822e-05,-0.0003074891
0.0002523555,8.29022e-05,0.0004859438
0.0005428478,0.000671092,0.0003345812
-4.11882e-05,0.0007651535,0.0001697913
0.0002407602,0.0002643065,0.0001502606
0.0002682227,1.87694e-05,0.0001844393
9.73449e-05,0.0002301024,0.0001276783
0.0001431157,0.0002197189,0.0005341601
0.0003853961,0.0001800177,0.0004084315
0.0002651713,0.0003999017,7.0307e-05
0.0001345718,-7.40706e-05,0.0009967925
0.0001699679,-3.00938e-05,-0.0001780985
0.0003158244,0.0004316627,8.8617e-05
-7.10919e-05,0.0005965758,0.000728246
0.0004873125,0.0005226703,-1.0257e-05
0.0001156532,0.000419447,-0.000536364
-0.0002834686,0.0002942352,0.0007020017
0.0006392717,0.0001323761,4.40627e-05
0.0001235868,0.0001226035,-0.0001829812
-0.0001717877,0.0001763529,0.000763035
0.0004580192,0.0004982387,-7.49523e-05
8.63599e-05,4.7212e-06,0.0003895112
-7.29227e-05,-8.01784e-05,0.0001691809
0.0006819912,0.0001775745,0.0002424209
-0.0002999461,0.0005348861,-5.54216e-05
0.0001095504,0.0004316627,0.0003827975
0.0007271518,0.0001030583,0.0001942046
-0.0001803316,0.0004402138,3.1856e-05
0.0003762419,0.0006436065,0.0004127038
0.0005678692,0.0001977305,0.0006104517
-0.0001376122,0.0001195496,1.96494e-05
0.0006624623,0.0001952874,0.0002772099
-4.17985e-05,0.0005489342,0.0003748632
2.04498e-05,0.000682697,2.02597e-05
0.0007710918,-9.42266e-05,0.0004743474
-0.0002517342,5.9428e-06,7.4427e-06
5.52357e-05,0.00051473,-7.49523e-05
0.000562987,0.0001262682,0.0008204063
-0.0001968091,-8.1053e-06,0.0003260365
0.0005422375,0.0002569771,-0.0003203061
0.0002621199,0.0005006819,0.0008240683
-0.000341445,0.0002966784,0.0004358965
0.0008260168,0.0002624742,-0.000618759
-2.9593e-05,2.2781e-06,0.00077219
-0.0005776226,0.0009441147,-0.0002824655
0.0010530402,0.0005623716,6.222e-06
-0.0003780617,2.12125e-05,0.0007325183
6.6831e-05,8.90101e-05,-5.72526e-05
0.0008101496,0.0002765223,-0.0002214322
-0.0006874726,0.0003889075,0.0013629923
0.000382955,0.0002453721,-9.38726e-05
0.0009645499,-0.0003183862,-4.80976e-05
-0.0009083933,0.0003308825,0.0008008756
0.0005605459,0.000685751,-0.0004558
0.000573972,1.32723e-05,0.0005567424
-0.0005574834,0.0001488674,0.0003815768
0.0007369162,0.0003198883,-0.0005424673
9.30729e-05,0.0004640345,0.000709936
-0.0003512095,0.0004505972,0.0005610147
0.000949293,6.3357e-05,-0.0004710584
-0.0001119805,0.0003461523,0.0007001707
-2.34902e-05,0.0006912481,0.0004456618
0.0006136401,0.0003247747,-0.0006529376
-0.0001693466,0.000103669,0.0008948669
0.0001492185,0.0005055682,-0.0001726055
0.0002981263,0.0001910119,-4.93183e-05
-0.0002584472,0.0002178866,0.0009601725
0.0004635117,-0.0003684709,9.28893e-05
0.0001400643,-2.52074e-05,-0.0004326074
-3.351e-06,0.0005800845,0.0013245413
0.0004085866,0.000769429,4.1011e-05
0.0002285546,0.0001635264,-0.0002849068
7.23235e-05,0.0001433703,0.0004877748
0.0002676124,0.0004884661,0.0001392746
-9.099e-07,0.0007413328,-0.0002281458
0.0002383191,0.0003290502,0.0007679176
0.0003445075,2.06017e-05,0.0001026547
0.0003103319,2.36557e-05,-4.87079e-05
-0.0001534794,8.53454e-05,0.0009790928
0.0004183511,0.0002337671,0.0002363176
0.0004885331,0.0001647479,9.2737e-06
-0.0002822481,0.0004585374,0.0003712012
0.0003738008,0.0004518188,0.000128899
0.0005251497,0.0002930136,-0.0002568315
-0.0003731795,-2.45967e-05,0.0004975401
0.0005129442,0.0004835798,-0.0004606827
0.0005397964,0.0007333925,0.0004969298
-0.0003890467,0.0004206685,0.0007911103
0.0007454601,-0.0003080027,-0.0001054689
0.0005056208,-0.0002066118,0.0004200278
-0.0004512951,0.0006185642,0.0006397477
0.000661852,0.0006814754,0.0002271626
0.0004000428,6.21354e-05,0.0005903107
-0.0003920981,-4.16987e-05,-0.0002293665
0.0005233189,0.0006466605,-0.0001249996
0.0001296896,0.0005709226,0.0011255728
-0.0001150319,0.0002722468,-0.0003959874
0.0005996037,-9.3005e-05,-3.03979e-05
1.92293e-05,0.0003485954,0.0008789982
-2.47107e-05,0.0003253854,-0.0001658919
0.0005105031,0.0002209405,-0.0001280512
4.11993e-05,0.0003602004,0.0007996549
0.0002230621,0.0005745874,-0.0003056581
0.0001888866,3.7093e-05,0.0002204489
-0.0001705672,1.26615e-05,0.0003840182
0.0003890577,0.0001329869,-0.0002604935
0.0002114669,0.0006026837,0.0005433151
0.0002078052,0.0005342753,0.0009028012
0.0004372697,-1.84888e-05,-0.0007151916
-6.80405e-05,6.94649e-05,0.000600076
0.0002767666,0.0006130671,0.0004969298
0.0006459848,0.0002905705,-1.2088e-05
-0.0004396998,0.0004206685,-7.00696e-05
0.0005770234,0.0003669191,0.0005146294
0.0002547966,0.0001842932,-0.0002086152
-0.0001736186,0.000303397,0.0005250051
0.0007216593,0.0001506998,0.0004358965
-7.10919e-05,6.82433e-05,3.12457e-05
-6.31582e-05,9.93935e-05,0.0005256154
0.0008699568,-7.95677e-05,0.0003473982
-0.0003371731,0.0003076726,0.0001996976
0.0001797324,0.0007010207,0.0002259419
0.0006832117,0.0004133391,0.0001789463
-0.0003176442,0.0002960676,2.02597e-05
0.0003506102,0.0004347167,1.187e-07
0.0003518308,0.0003968478,0.0003077265
-0.000367687,0.0007443867,-0.0001909155
0.0007955029,0.0003339365,0.0003675392
9.24626e-05,-8.81187e-05,0.0003254262
-0.000341445,2.60988e-05,-2.49049e-05
0.0004787686,0.0001714666,4.52833e-05
0.0001095504,0.000404788,0.0006617197
-0.000106488,0.0005128977,0.0001258473
0.0005751925,-3.86448e-05,0.0001948149
-7.23124e-05,-0.0002475346,0.0004627511
-0.0001308991,0.0005019035,-0.0003337334
0.000672837,0.0007437759,0.0004975401
-3.81369e-05,0.0006491036,0.0004694648
0.0001266382,0.0005770305,-0.0002366905
0.0006697856,-0.0003055596,0.0005738317
-0.0004213914,-8.07892e-05,-5.9846e-06
0.0003097216,0.0002178866,7.82413e-05
0.00050379,0.0006900265,0.0002802616
-0.0001815522,0.0003956262,0.0007697486
0.0003359636,8.59562e-05,-0.0004692274
0.0006118092,-0.0005914088,0.0008374956
-0.0005440573,0.0005086221,-0.0001298822
0.0006374409,0.0008744848,0.0004029385
0.0005178264,0.0005642039,0.0004413895
-0.0003200853,-0.0001644673,6.8476e-05
0.0004348286,0.0001238251,-0.0004771617
0.0004244539,0.0003779133,0.0007947723
-0.000433597,0.0008097411,6.54243e-05
0.0006813809,0.0004542619,-0.0002940618
7.04926e-05,5.60275e-05,0.0005396531
-0.0003408347,8.10698e-05,-1.575e-05
0.0006935865,-0.0002371512,0.0002167869
0.0002255032,9.26748e-05,0.0005848177
-0.0003975906,0.0006668165,-1.26983e-05
0.0006630726,0.0007071286,0.0002344866
2.65526e-05,3.22067e-05,0.0006647713
-0.0002358669,-0.000260972,-0.0003410574
0.0005947214,0.0003174452,9.10583e-05
0.0001583727,0.000818903,0.0011011594
-0.0002480725,0.0004957956,-0.0002550005
0.0007918412,-2.45967e-05,2.57527e-05
1.61779e-05,6.88541e-05,0.0007911103
-0.0001699569,0.0004328843,-0.0002232632
0.0008546999,0.0001476458,0.0002949095
-0.0001644644,-4.35311e-05,0.0009034115
-0.0001473766,0.0003650867,-0.0006608719
0.0007741432,0.0001256574,0.0004145348
-0.0003383936,0.000471364,0.0004798404
0.000389668,0.0002429289,-0.0001402579
0.0006844323,0.0002557555,0.0003943938
-0.0005641965,0.0004029556,0.0003199332
0.0004677836,0.0002893489,-8.53279e-05
0.0003982119,0.0002453721,0.0002277729
-0.000345717,0.0003235531,0.0004157555
0.000486092,0.0004310519,-0.0001915259
0.0003054497,0.0001958982,0.0005903107
-0.0004586184,-5.75793e-05,7.51897e-05
0.0002938544,0.0003095049,-0.0002861275
0.0003878372,0.0004328843,0.0007215323
-0.0002199997,0.0003638652,0.0003052852
0.0002785974,-1.3867e-06,-0.0002623245
0.0001858352,-4.1088e-05,0.0006360857
-0.000172398,0.0003540925,0.0003119989
0.0004024839,0.000341266,6.2983e-05
0.0003194861,0.0001128309,0.0007142083
-0.0002737042,0.0003009539,-0.0003123718
0.0004482547,0.0005055682,0.0001533123
0.0004366594,0.0004579267,0.0008350543
-0.000113201,0.0001427595,-0.0001762675
0.0002041435,0.0001549753,-0.0002324182
0.0003750214,0.0001366516,0.0010913941
-2.28799e-05,0.0004701424,-0.0002470662
0.0004635117,0.0003901291,-4.26046e-05
0.0003146038,0.0004188362,0.0009864168
1.8619e-05,0.0001714666,-4.50459e-05
0.0003988222,-0.0002683015,1.84287e-05
8.20879e-05,-0.0001412573,0.0007239736
-8.0246e-05,0.0007761477,-0.0004252834
0.0005330834,0.0008891437,0.0003644875
0.0002163491,0.0003797457,0.0007728003
-4.11882e-05,-4.90282e-05,-0.0006498859
7.84262e-05,0.0001256574,0.0001893219
-5.88863e-05,0.000373027,0.0007776829
0.0002926338,0.0004799151,-0.0002983341
0.0002785974,0.000263085,0.0003321399
-0.0001315094,0.0002679713,0.0004157555
0.0001815632,-0.0001143826,-3.22289e-05
0.0002322163,-0.0001705752,0.0003449569
7.634e-06,0.0001861256,0.0004371171
3.3621e-06,0.0007199551,-0.0003843911
0.0005593253,0.0004475432,0.0010096095
2.10601e-05,-6.49087e-05,6.8324e-06
7.90365e-05,4.99196e-05,-0.0003996494
0.0003591541,0.0008146274,0.0006928467
0.0001693577,0.000714458,0.0004944884
0.0001614241,0.0002661389,-0.0005174437
0.0004995181,-8.62863e-05,0.0006977293
8.2443e-06,0.0003522602,0.0003260365
0.0002395396,0.0003504278,-8.83796e-05
0.0004757172,6.3357e-05,0.0007544903
9.79551e-05,0.0001763529,8.1293e-05
0.0001296896,8.47346e-05,0.0001594156
0.0003561027,0.00015864,0.0003296985
7.29337e-05,0.0003015647,5.07763e-05
0.0001034476,0.0009202939,-0.0002629348
0.0004079764,0.0005159516,0.0009748205
-2.47107e-05,-2.03211e-05,-0.0003862221
2.22807e-05,-7.22382e-05,-0.0002800241
0.0002291649,0.0003137805,0.0008191856
-7.84152e-05,0.000729117,1.78184e-05
0.0003182655,0.0002313239,0.0003748632
0.0002328266,-0.0001430897,0.0004816714
-0.00022061,-0.0003110567,5.0166e-05
3.75376e-05,0.0004823582,-0.000536364
0.0005001283,0.0003992909,0.0013886263
-0.0001687363,0.0005709226,-0.000569322
0.0004262847,5.96922e-05,0.0004371171
-5.76657e-05,-0.0001577487,0.0003937835
0.0001309102,0.000138484,-1.3919e-05
0.0004409314,0.0003510386,0.0002820926
5.27946e-05,0.0007388896,0.0006391374
0.0003298608,0.0004811366,-0.0001170652
0.0002523555,-3.13153e-05,0.0001392746
0.0002914133,4.38117e-05,0.0007105463
-1.4336e-05,0.0007419435,-0.0009837381
0.0003274197,0.0008201245,0.0011951507
0.0004366594,0.0001897903,0.0004310138
0.000231606,-0.0005791931,-0.0005577257
-0.0001998605,-2.45967e-05,0.0005610147
0.0005391861,0.0005397724,0.0008130823
0.0002395396,0.0004115067,-0.0003978184
-0.0002010811,0.0004505972,0.0001673499
0.0004982975,0.0004011233,0.0005018124
-0.0001315094,0.0002313239,-0.0004637344
5.82871e-05,0.0001452027,0.0004444411
0.0005745823,0.0003424875,0.0002619516
-0.0002627192,0.0006405526,8.00723e-05
0.0001223663,0.0002875165,0.0005793247
0.0004879228,-0.0005565939,0.0003803562
-0.0001016058,-0.0002206599,2.39217e-05
0.0001150429,0.0006680381,0.0002857546
0.0003438972,0.0008250108,0.000687964
-0.0001846036,0.0003693623,-0.0001787089
0.0006087578,-0.0004246634,0.0001350023
-5.64452e-05,-4.4406e-06,-1.51396e-05
-0.0001760597,0.0007321709,4.16214e-05
0.0008284579,0.0006381094,0.0007178703
0.0001406746,0.0002533123,0.0001111993
-9.1231e-05,0.0002661389,-0.0002531695
0.0005318628,0.0001348193,0.0008265096
0.000132741,-9.05619e-05,0.0003278675
7.29337e-05,0.0001262682,-0.0005021854
0.000514775,0.0006784215,0.0007489973
9.4648e-06,0.000685751,0.0004151451
0.0001406746,-0.0001217121,-0.0001536852
0.0004738864,-0.0002689123,0.0002418106
-6.37685e-05,0.0002942352,0.0002283832
2.53321e-05,0.0010571107,1.5377e-05
0.0006057064,0.0003974585,0.0008399369
-5.8276e-05,-3.07045e-05,-0.0001805399
7.04926e-05,-5.20822e-05,-0.0001109619
0.0003426766,0.0003156128,0.0008674019
-2.65416e-05,0.0002899597,0.0002247213
1.43471e-05,0.0003321041,-0.0003526538
0.000448865,0.0003620328,0.000757542
-2.71518e-05,0.0002856842,0.0001954253
0.0001492185,-7.759e-07,-8.16659e-05
0.0003146038,0.000208114,0.0004102625
-4.66807e-05,0.0004915201,0.000160026
8.81907e-05,0.0006222289,-0.0001188962
0.0006478156,-5.75793e-05,0.0007776829
-0.0002132866,7.74051e-05,-0.0003727948
0.0002633405,0.0001421487,0.0002436416
0.0003487794,0.0005556529,0.0003760838
3.14348e-05,0.0003492062,0.0002228903
0.0002181799,0.0003907399,-0.0003215268
0.0005440684,7.25188e-05,0.0006800297
-0.0001235758,0.000184904,-2.55153e-05
0.0005690898,0.0001751314,0.0003644875
0.0001150429,0.0003602004,0.0004963194
1.73984e-05,0.0004957956,-0.0001732159
0.0003756316,0.0001800177,0.0003913422
0.000246863,0.0002386534,0.000114251
7.17132e-05,0.0003308825,-6.27456e-05
9.30729e-05,0.0004524296,0.0002808719
0.0004329978,0.0002759115,0.0006336444
2.41115e-05,-3.43693e-05,-0.0003947667
-0.0001547,0.0001195496,0.0005970244
0.000486092,0.0004701424,0.0005012021
4.79123e-05,0.0001476458,-0.0001402579
-5.94966e-05,0.0002551447,0.0005225638
0.0007027406,0.0003235531,0.0003589945
-0.0003103208,0.000103669,-9.26519e-05
-7.65844e-05,0.0002093355,0.0001478193
0.0010567019,0.0001439811,0.0005762731
-0.000367687,0.0003602004,-5.35906e-05
0.0001858352,0.0004530403,0.0002350969
0.0008363915,0.0001549753,0.0005201224
-0.0003310703,0.0003705838,1.5377e-05
0.000595942,0.0001800177,0.0001624673
0.0003597644,0.0001287114,0.0004114831
-0.0002956742,0.0004640345,7.29e-07
0.0007002995,0.0003363796,-6.88489e-05
0.0002175696,0.0003485954,0.0007343493
-0.0001327299,0.0003736378,-5.29803e-05
0.0008040468,-0.0001583594,6.4814e-05
-0.0003481581,0.0001354301,0.0005506391
0.000165696,0.000650936,-0.0002678175
0.0006404923,0.0001226035,0.0004462721
-0.0005489395,0.0002203297,0.0003565532
0.0004726658,0.0002612526,-0.0002177702
0.0004616808,-0.000339153,0.000684302
-0.0007600957,0.0001916227,1.78184e-05
0.000628897,0.0007065178,-0.0001842019
0.0001943791,0.0004023449,0.0010089992
-0.0002840789,0.0001940658,6.54243e-05
0.0006740576,-0.0001027776,-0.0006346276
-0.0002230511,0.0002301024,0.0010877321
-0.0001321197,0.0008518856,-0.0001634505
0.0007790254,0.0004793043,-0.0001652815
-0.0001028263,-0.0001895097,0.0010712531
-1.06743e-05,-1.72672e-05,-0.0004985234
0.0006087578,0.0002294916,0.0002112939
-0.0002004708,0.0003223315,0.0012165124
0.0005202675,0.0003192776,-0.0005577257
0.0003561027,0.0001134417,7.33587e-05
-0.0001608027,0.0002038384,0.0013153863
0.0006075373,7.55727e-05,-0.0007627975
0.0003066702,1.75478e-05,0.0003095575
-0.0001522588,0.0011041414,0.000739232
0.0006899248,0.000729117,-0.0002946721
0.0001949893,-8.14e-05,0.0005366014
-2.9593e-05,-0.0001638565,0.0003150505
0.0003805139,0.0004573159,-0.0006388999
-9.30619e-05,0.000827454,0.0010358538
0.0003725802,0.0006344447,0.0005463667
0.0004073661,-0.0003263264,-0.0008274928
-0.0004299353,-0.0002286002,0.0007850069
0.0002401499,0.0004640345,0.0003528912
0.0003921091,0.0001085554,-0.0001256099
-0.0003744,0.0003980693,0.0004694648
0.000514775,0.0003656975,0.0003864595
0.0001406746,-1.97103e-05,-0.0001079102
-0.0002016914,-5.69685e-05,0.0006928467
0.0005044003,0.0004200577,-0.0002104462
0.0001602035,0.0008860897,0.0002082423
-8.69591e-05,0.0005910787,0.0008771672
0.000639882,-0.0001986715,-0.0003038271
3.9723e-06,-0.0002273786,-0.0002128875
-0.0002145072,0.0008958624,0.0005640664
0.0010091002,0.0008451669,0.0004047695
1.06854e-05,0.0001348193,-0.0002043428
-0.0001595822,-8.26216e-05,0.0003901215
0.0007564451,-0.0002829604,0.0003632668
-0.0001138113,0.0001244359,-7.00696e-05
0.000257848,0.0004591482,0.0006379167
0.0007509526,0.0004670885,0.0002698859
-0.0001308991,0.000315002,0.0003754735
0.0002102463,-0.0003428177,0.0001691809
0.0006856529,-0.0001962284,0.0001227956
-0.0003866056,0.0011090277,-5.3743e-06
0.0004311669,0.0012391258,0.0005262258
0.0005721411,0.0003950154,8.3124e-05
-0.0002608883,3.40391e-05,-7.49523e-05
0.0002706638,-0.0001204905,0.0001533123
-7.59741e-05,0.0002924028,0.0002552379
0.0001302999,0.0005916895,0.0004810611
0.0004989078,-0.0001412573,0.0002955199
-0.0003597534,-6.1244e-05,-5.60319e-05
0.0002218416,2.97636e-05,0.0004175865
0.0005227086,-0.000315943,0.0004279621
-0.0002029119,0.0003088941,-7.2053e-06
0.0003182655,0.0007761477,5.1997e-05
0.0002132977,0.0005428263,0.0002521862
-2.65416e-05,0.0003827996,0.000125237
0.0007906207,5.332e-06,0.0002167869
0.0001028374,0.0003430983,0.0002235006
-0.0002029119,0.0007969146,0.0001392746
0.0008162523,0.000419447,0.0004755681
0.000143726,-0.000336099,0.0004212485
-8.75694e-05,0.0002386534,-0.0003117615
0.0007216593,0.0003174452,0.0008466506
-9.91647e-05,0.0002038384,0.0004072108
0.0002639508,0.0001690235,-0.0002885688
0.0002560171,0.0001342085,0.0003394639
1.92293e-05,0.0004585374,0.000618386
0.0001510493,0.0004115067,-0.0004789927
0.0005025695,5.60275e-05,0.0007288563
-0.0001626336,0.0002753007,0.0003553325
0.0002090257,0.0005128977,-0.0002836861
0.0002700535,0.0001653587,0.0008515332
-0.0001040469,0.0002252161,-2.30739e-05
0.0003615952,0.0004707532,-0.0002159392
-7.623e-06,0.0006564331,0.0005994657
-5.33938e-05,0.0004646453,0.0004822818
0.000508062,-1.3867e-06,-0.0003343438
2.04498e-05,-0.0003000625,0.0005597941
-0.0002456314,0.0003186668,9.411e-05
0.0006826015,0.0004976279,0.0002393692
0.0001290793,0.0002093355,0.0007380113
-0.0001272374,0.0002191082,-0.0001976292
0.0006276764,0.0001116093,0.00011242
-4.91219e-05,0.0003650867,0.0005103571
-5.1563e-05,0.0003895183,-7.00696e-05
0.0008766699,0.0003437091,-7.12903e-05
-5.64452e-05,0.00020506,0.0007673073
-4.60705e-05,0.0006197857,-0.0003434988
0.0010292394,-6.273e-06,0.0007203116
-0.0001748391,-0.0001235445,0.0003351915
0.0001321307,0.0003760809,-0.0001915259
0.0007314237,0.0007755369,0.0003840182
-0.000209625,0.0004921308,0.0009040219
0.0002792077,0.0001213819,-0.000618759
0.0007088434,-0.0002878467,0.0004719061
-0.0006624512,0.0003406552,0.0003144402
0.0003884475,0.0006466605,-0.0002330285
0.000562987,0.000236821,0.0005756627
-0.0004244428,8.29022e-05,0.0002698859
0.0005678692,0.0001494782,-0.0003087098
0.0001962099,0.0004756395,0.0005787144
-0.0004580081,0.0002704144,0.0005176811
0.0007228798,0.0001195496,-0.0005845803
7.23235e-05,0.0001055014,0.0008820499
-0.0004757062,0.0005006819,1.9039e-05
0.0008223551,7.55727e-05,-5.11493e-05
5.64562e-05,-6.8838e-06,0.0007715796
-0.000194368,0.0004890769,-0.0001048586
0.0007503423,0.0004218901,0.0001044856
-4.7291e-05,0.0001140525,0.0010395158
8.4529e-05,-7.65137e-05,-0.0004954717
0.0007234901,0.0002954568,2.33114e-05
-0.0001321197,0.0008195137,0.0011884371
0.0002541863,0.0007669859,-0.0006474446
0.0005330834,-0.0001736292,0.0002448622
-0.0001760597,-0.000116215,0.0006098414
0.0002328266,0.0004951848,-0.0004319971
0.0003261991,0.0004261656,0.0005366014
4.42507e-05,5.60275e-05,0.0010077785
0.000562987,-0.0001779047,-0.0005754253
9.49038e-05,0.0001293222,0.0004645821
-0.0001644644,0.0004554835,0.0009906892
0.0005465095,0.0005477126,-0.000567491
0.0002877516,0.0001305438,0.0004920471
-0.000297505,0.0005574853,9.53307e-05
0.000514775,0.0003791349,-5.96939e-05
9.4648e-06,0.0001891795,0.0003962248
8.33085e-05,-0.000107664,0.0005073054
0.0005214881,0.0005190056,-0.0004381004
8.02571e-05,0.0005208379,0.0011414414
-0.0001632438,9.63396e-05,0.0001038753
0.0007149462,-0.0003782435,-0.0002995548
-0.0001302888,0.0003272178,0.0003211539
-0.0002541753,0.0009929778,0.0001173026
0.0006301176,0.0005861923,9.2737e-06
0.0001504391,-0.0002438699,0.000656837
-3.56957e-05,-0.0002719662,-5.66423e-05
0.0004067558,0.0004273872,2.14804e-05
-1.79977e-05,0.0006484928,0.0012006437
0.0004305567,0.0003718054,-0.0003050478
0.0005282011,-2.39859e-05,8.25137e-05
-0.0001345608,0.000529389,0.0005524701
0.0003182655,0.0003363796,0.000125237
0.000422623,2.5488e-05,0.0001374436
-3.69163e-05,0.0004872445,0.0003034542
0.0003115524,0.0006265044,2.02597e-05
0.0002608994,0.0002117787,0.0008069789
0.0002071949,-0.0004619216,0.0002454726
0.0003469486,-0.0001327063,-0.0004179594
-7.90255e-05,0.0007596564,0.0008686226
0.0003841755,0.0009911455,0.0003998868
0.0002297752,-0.0001027776,-0.0004820444
-0.0002907919,6.15246e-05,3.06354e-05
0.0006447642,0.0003235531,0.0005121881
-6.43788e-05,0.0004585374,-0.0002073945
-0.0002132866,0.0004854122,0.0003791355
0.0007655993,0.0003760809,2.39217e-05
-9.36721e-05,-9.91129e-05,0.0003742528
-0.0002065736,-4.16987e-05,0.0003650978
0.0009651602,-0.0001974499,0.0002930785
-0.0004677726,0.0004658669,3.79594e-05
0.0001296896,0.0010167986,0.0004859438
0.0008815521,0.0005037358,0.0001337816
-0.00039637,-0.0001821802,0.0001551433
3.14348e-05,0.0002105571,-0.0001744365
0.0009700424,0.0002753007,0.0006342547
-0.0004805884,0.0005135085,0.0003242055
0.0005288114,0.0007529377,4.34523e-05
0.0008522588,-0.0001467545,0.0009888582
-0.0006185112,-0.0003000625,-0.0001225582
0.0006520876,0.0001256574,-0.0001665022
0.0003176552,0.0006759783,0.000750218
-0.0004097962,0.0007382788,0.0003693702
0.0007680404,-3.62016e-05,-0.0006181486
0.0001730193,-0.0002041686,0.0007880586
-0.0004543464,0.000326607,0.0001093683
0.0009023015,0.0004725856,-8.89899e-05
0.0001418952,0.0001354301,0.0010126612
-0.0002926228,0.0005275566,-0.0002543902
0.000819914,0.0003290502,-4.87079e-05
-0.0003719589,0.000239875,0.0007215323
0.000242591,0.0001250467,-5.48113e-05
0.0005568842,0.0003540925,-0.000518054
-0.0004549567,0.0007309493,0.0012610667
0.0001675268,0.0002575879,-0.0001262202
0.0008156421,-0.0005138386,-0.0002665968
-0.0005892179,0.0002472045,0.0009009702
0.000297516,0.0009331205,9.47203e-05
0.0007881796,5.48059e-05,0.0003364122
-0.0005995926,-0.0003910701,0.0003150505
0.000268833,0.0001262682,-0.0004191801
0.0005648178,0.0007126257,0.0004004972
-0.0005312415,0.0006753675,0.0005158501
0.0007070126,0.0002557555,-0.000536364
0.0004513061,3.34283e-05,0.0003791355
-0.0006697746,0.0003174452,0.0007276356
0.0007790254,4.80872e-05,-0.0001475819
0.0004647322,0.000103669,0.0002784306
-0.0005971515,0.0005281674,0.000605569
0.0008485971,0.0005012927,-5.29803e-05
0.0004586294,-0.0002982301,0.0007184806
-0.0009193783,-4.90282e-05,-0.0002946721
0.0010731794,0.0008109627,-0.0002507282
0.0001351821,0.0007932498,0.0010950561
-0.0004543464,0.0002936244,8.053e-06
0.0011091858,-0.000469251,-0.0004606827
-0.0002828583,7.31296e-05,0.0008918152
-0.0003817234,0.0007187336,0.0002259419
0.0013667231,0.0002239945,-3.65013e-05
-0.000543447,0.0001219927,0.0008698432
-0.0001547,0.0003944046,-0.0004051424
0.0010078796,5.29736e-05,0.0001734533
-0.0007533827,0.0005190056,0.0005872591
0.0004427622,0.0006619302,-0.0002879585
0.0007216593,0.0004499864,0.0004267415
-0.000782676,0.0001427595,0.0005054744
0.0006038756,-0.0002780741,-0.0004954717
0.0006484259,-0.0002780741,0.0009998442
-0.0007698602,0.0005128977,0.0002955199
0.0007155565,0.0006515468,-0.000538195
0.0004238436,8.59562e-05,0.0011274038
-0.0002938433,1.99909e-05,8.73963e-05
0.0005788542,0.0001519214,-0.0007756145
0.0001400643,0.0008512748,0.0009522382
3.20451e-05,0.000992367,0.0003889008
0.0006911454,0.0001684127,-0.000572984
-4.7291e-05,-0.0003538119,0.0010468398
7.23235e-05,0.0002850734,-0.0002458455
0.0006978584,0.0001635264,0.0004877748
-0.0002547855,0.0003620328,0.0006177757
0.0004073661,-3.219e-06,-0.0001439199
0.0001388438,0.0003113373,-0.0001603989
8.51393e-05,0.0002624742,0.0011499861
0.0003512205,2.42665e-05,-0.0008812021
3.99787e-05,0.0005220595,2.6363e-05
0.0001797324,0.0009795405,0.0011609721
0.0003725802,0.0002985107,-0.0003673018
-0.0001144216,-0.0002371512,0.000116082
0.000339015,-5.26929e-05,0.0006849123
0.0001132121,0.000373027,0.0001575846
-1.55566e-05,0.0007022423,0.0001649086
0.0004677836,0.000196509,0.000711767
-4.17985e-05,-3.00938e-05,-0.0004948614
1.55676e-05,0.0003339365,0.0003742528
0.0005794645,0.0002288808,0.0006116724
-0.0002438005,0.0003559249,-0.0004600724
0.0002169594,0.0006039052,0.0003876802
0.0004982975,0.000283241,0.0006305927
-0.0001150319,-0.0001272092,-0.0001164549
0.0003188758,0.000236821,0.0001765049
0.0004055353,0.0001274898,0.0009259939
-0.0001492074,0.0005587068,-0.0006218106
0.0006472053,0.0003742486,0.00064402
0.0001736296,0.0002905705,0.0004712958
-2.89827e-05,0.0001769637,-0.0004448141
0.0004915845,-9.42266e-05,0.0006263204
0.0001364027,0.0003272178,0.0005298878
0.0003139936,0.0006454389,-0.0004423727
3.14348e-05,0.0007095717,0.0005414841
0.0004220128,0.0001103877,0.0009638345
0.0003023983,-0.0002218815,-0.0008964605
-0.000183383,-9.3269e-06,0.000645851
9.91757e-05,0.0007584348,0.0003815768
0.0003628158,0.0005006819,-0.0003007755
-6.9261e-05,4.1104e-06,0.0005207328
0.0002181799,0.0001250467,0.0001868806
0.0002218416,0.0003125589,-0.0001756572
-0.0001894858,-6.49087e-05,0.0006995603
0.0003914989,0.0001445919,-2.97876e-05
0.0002627302,0.0005226703,-0.0002476765
-0.00026455,0.0001751314,0.0008210166
0.0003359636,0.0002136111,-0.0002476765
0.0005166059,-1.29917e-05,0.0002289936
-0.0002743144,0.0005324429,0.0002900269
0.0002322163,0.0010241281,-0.0001634505
0.0004409314,0.0001506998,0.0005738317
8.39187e-05,-0.0005462105,0.0003895112
0.0001992613,-0.0001449221,-0.0006529376
0.000231606,0.0007602672,0.0009613932
0.0003261991,0.0006130671,0.0007941619
0.0003426766,0.0001739098,-0.0007084779
4.0589e-05,-4.23095e-05,0.0006562267
4.79123e-05,0.0003736378,0.0003113885
0.0002309957,0.0002881273,-0.0003764568
0.0001992613,0.0003156128,0.0005939727
0.0004220128,0.0003571465,0.0005500287
4.0589e-05,0.000482969,-0.00058397
0.0001443363,0.0001226035,0.0009851962
0.000382955,-0.0001094963,0.0002729376
0.0001144326,0.0002661389,-0.000530871
-0.0001357813,0.0008360051,0.0007831759
0.0003597644,0.0005135085,0.0003974455
4.24198e-05,-0.000214552,-0.0006755199
-8.0246e-05,2.60988e-05,0.0004102625
0.000367698,0.0003553141,0.0005494184
1.25162e-05,0.0006411634,-0.0003788981
0.000128469,0.0002417074,0.0009345385
0.000486092,-9.91129e-05,0.0003150505
7.41543e-05,6.3357e-05,-0.0003270198
0.0001467774,0.0004328843,0.0009601725
0.0005294217,0.0005049574,0.0003730322
0.0001852249,0.0002227729,-0.0004014804
0.0001608138,0.000619175,0.0005048641
0.0004098072,0.0004243333,0.0004389481
5.5846e-05,0.0003192776,-0.0002275355
0.000389668,5.9428e-06,0.0006177757
0.0003823447,2.30449e-05,0.0003394639
-2.16593e-05,0.0006338339,-0.0001665022
0.0004812097,0.0003467631,0.0008570262
0.0003036188,-2.33751e-05,9.65513e-05
-2.5321e-05,0.0001763529,-0.0004033114
0.0002822591,0.000474418,0.0003956145
0.0001095504,0.0006600978,0.0001996976
-0.0001150319,0.0004921308,-0.0005607773
0.000497077,0.0001659695,0.0006708747
0.0002560171,-8.68971e-05,0.0004432205
-0.0001254066,7.4962e-05,-0.0003496021
0.000404925,3.34283e-05,0.0011072628
0.0001583727,0.0002435397,0.0002326556
4.91329e-05,0.0004200577,-2.79566e-05
0.0003597644,0.0005171732,0.0005140191
6.2559e-05,8.9967e-06,0.0004548168
-2.10491e-05,0.0004573159,-0.0008244412
0.0007527834,0.0003937938,0.0010022855
-0.0002309847,0.0006619302,0.0002552379
0.0002456424,0.0005110653,-0.0003972081
0.0006148606,-0.000159581,0.0008887636
-0.0001571411,-5.88008e-05,0.000147209
0.0005007386,0.0002148326,1.187e-07
0.0002712741,0.0005507666,0.0005335497
-0.0001485972,0.0007938606,9.0448e-05
0.0007363059,8.10698e-05,1.78184e-05
0.0002230621,-0.0001498084,0.0007715796
-0.0002596678,-1.23809e-05,-0.0002733105
0.0004494753,0.0006356663,1.96494e-05
0.0003725802,0.0005837492,0.0013507856
0.0003066702,0.0001012259,-0.0001695539
0.0002810385,-0.0001351495,-0.0001762675
-0.0002132866,0.0005049574,0.0008081996
0.0004384903,0.0007749262,-0.0001652815
0.0003103319,0.0002771331,8.6634e-06
-0.0002181689,0.0006985775,0.0003626565
0.0003988222,0.0004542619,-9.0363e-06
-6.68199e-05,-0.0003000625,0.0002314349
6.4134e-06,-9.23942e-05,0.0002949095
0.0005361347,0.0001006151,0.0001588053
-0.0002962844,0.0005446587,0.0006354754
0.0003652569,3.34283e-05,0.0007087153
0.0004793789,-0.0006647035,-0.0004033114
-0.0002035222,-0.00012782,0.0004627511
0.0004537472,0.0009661031,0.0003296985
0.0003176552,0.0007639319,0.0002247213
-3.50855e-05,0.0002459829,-0.0002299768
0.0006331689,0.0002013953,2.8194e-05
-7.84152e-05,0.0007077394,0.0001923736
0.0001479979,0.0006967452,0.0003937835
0.000797944,0.0002924028,0.0002698859
-0.0002706528,0.0002844626,-1.88016e-05
0.0002804283,0.0001610832,0.0006299824
0.0003976016,-0.0004533705,0.0002186179
-0.0002187791,-0.0001265984,0.0001240163
0.0003042291,0.000396237,0.000127068
0.000301788,0.0002594202,0.0003913422
-0.0002090147,0.0001476458,0.0002906372
0.0005788542,-1.54348e-05,-1.63603e-05
-5.27835e-05,-7.46813e-05,0.0002503552
-0.0001107599,0.0008561611,-6.88489e-05
0.0008882652,0.0006118455,0.0006727057
-0.0002309847,0.000393183,-2.85669e-05
-4.24088e-05,0.0003192776,-6.88489e-05
0.0005825159,0.0001916227,0.0003113885
-0.0003805028,0.0001506998,0.0003089472
0.0002767666,0.0004261656,-0.0001121826
0.0003982119,0.000115274,0.0005335497
-0.0002852994,5.29736e-05,0.0001496503
0.0006002139,-0.0002035578,0.0001411056
0.0002956852,3.40391e-05,0.0005317187
-9.18413e-05,0.0004560943,0.0002814822
0.0004683939,0.0003937938,0.000121575
0.0003286402,-2.9483e-05,0.0006104517
-0.0001302888,0.0002942352,-0.0001988499
0.0005117236,0.0004579267,2.6363e-05
0.000356713,0.0005672579,0.0007306873
0.0002529658,0.0004854122,-6.94593e-05
0.0004348286,0.0003174452,0.000114251
9.73449e-05,0.0002954568,0.0005951934
3.81479e-05,0.0003791349,-6.595e-06
0.0006642931,-5.02498e-05,0.0004719061
4.18096e-05,0.0001574185,0.0003211539
-0.0001376122,0.0003864643,0.0001221853
0.0004964667,0.0001494782,0.0003791355
8.81907e-05,-0.000324494,0.0003895112
-0.0003255778,0.0004414354,-0.0005522327
0.0005941112,0.0004310519,0.0008069789
-0.0002285436,0.0004548727,2.94147e-05
0.000139454,0.0001109985,-0.0002171598
0.0005965523,0.0001671911,0.0002955199
-0.000249293,0.0004060096,0.0004120935
8.63599e-05,0.0004909093,-0.0003721844
0.000716777,-3.43693e-05,0.0009174492
-0.0002566164,0.0002417074,0.0001612466
0.0002389294,0.0004414354,-0.0002257045
0.0005269806,0.0002294916,0.0010370745
-0.0001199141,5.72491e-05,0.0002033596
0.0003493897,0.0001769637,-0.0004710584
0.0003402355,0.0003449307,0.0009296559
-2.71518e-05,0.000459759,0.0003199332
0.0004635117,0.0001140525,-0.0005211057
0.0003304711,0.0001958982,0.0008423782
-2.77621e-05,0.0002679713,0.0001874909
0.0003622055,0.0003656975,-0.0004423727
0.0002163491,-8.7161e-06,0.0010065578
-0.0001400533,0.0002142218,-0.0002513385
0.0005837364,0.0001995629,-6.70179e-05
-5.40041e-05,4.32009e-05,0.0010266988
-4.5716e-06,0.0002013953,-0.0001372062
0.0006636828,0.0001097769,0.0001221853
-0.000323747,0.0005642039,0.0005604044
0.0002932441,0.0007077394,2.4532e-05
0.0005166059,0.0004341059,-0.0001372062
-0.000334732,0.0002355995,0.0006061794
0.0001962099,0.0002093355,-0.0005943456
0.0002981263,0.000341266,0.0003266469
-0.0002297641,0.0002203297,0.0006922363
0.0002999572,3.46499e-05,-0.0003929357
0.0003072805,-0.0002933438,0.00071726
-0.0001870447,0.0003125589,0.0002509656
0.0004848714,0.000208114,0.0001368333
-2.77621e-05,0.0004383814,0.0003473982
0.0002962955,0.0001635264,0.0005762731
9.9786e-05,0.000315002,-0.0008671645
5.46254e-05,0.0004359383,0.0009833652
0.0003853961,0.0005666471,-4.07736e-05
0.0003640364,2.06017e-05,-2.18533e-05
7.0237e-06,0.0003834104,0.0006074
0.0005989934,0.0003492062,0.0002631722
0.0001345718,6.15246e-05,0.0002045803
6.07282e-05,0.0001635264,0.0004511548
0.0007039612,0.0001262682,0.0002448622
-0.0001858241,0.000315002,3.49077e-05
0.0001357924,0.0002160542,0.0006098414
0.0006746679,8.90101e-05,-0.0001408682
-6.49891e-05,0.0002386534,0.0002338762
4.97432e-05,0.0008928084,0.0004212485
0.0006105887,0.0004414354,0.0003004025
-0.0001687363,-0.0001406466,-0.0001024172
6.19487e-05,6.88541e-05,0.0002930785
0.0004671733,0.0004432677,0.0004102625
-0.0003292395,0.0005794737,-0.0002098358
9.24626e-05,0.0003046186,0.0004243001
0.0005611561,1.02183e-05,0.0003559428
-0.0003866056,-0.0002902899,-3.77219e-05
-9.67235e-05,8.96209e-05,1.96494e-05
0.0005178264,0.0002972892,0.0009125665
-0.0001406636,0.000482969,-0.0002861275
0.0001730193,0.0001354301,0.0002466932
0.0003219272,0.000294846,0.0006922363
0.0001003963,1.0565e-06,0.000125237
0.000154711,-0.0001204905,-0.0002885688
0.0003469486,0.0005941326,0.0006611093
0.0001974305,0.0010051936,0.0001118096
0.0002932441,5.35843e-05,0.0002656136
0.000268833,-0.0001717968,0.0001569743
0.0003512205,0.0002233837,-4.50459e-05
1.37368e-05,0.0004579267,0.000671485
0.0003982119,0.000549545,0.0003229849
0.0004647322,-9.9377e-06,6.222e-06
-0.0001559205,-3.43693e-05,0.0002357072
0.0003414561,0.0002985107,0.0005182914
0.0003908886,0.0002142218,-0.0001353752
-0.0004189503,0.000271636,0.0003034542
0.0004555781,0.0007914175,-4.916e-07
0.0003957708,0.0001629156,0.0003608255
-0.0004543464,5.72491e-05,-7.98349e-05
0.0004873125,0.0002508692,0.0001319506
0.0002987366,0.0003638652,0.0004889954
-0.0003878261,0.0005617608,9.28893e-05
0.0006380512,3.52607e-05,0.0004358965
0.0001815632,-0.0002585288,0.0003705908
-0.0003267983,-7.2849e-05,0.000161857
0.0005941112,0.0004041772,0.0002277729
0.0002981263,0.0003198883,0.0009839755
-0.0002718733,0.0006881941,-0.0007096986
0.0006600212,0.0002508692,0.0006647713
8.94113e-05,0.0003974585,0.0001771153
0.0001089401,0.0001867363,-0.0001011966
0.0004214025,0.0004890769,0.0001026547
9.67346e-05,0.0005764197,0.000638527
0.0002291649,0.000138484,-0.0002226528
0.0004189614,-0.0002902899,0.0004468825
0.0002224519,-0.0001241553,0.000686133
4.18096e-05,0.0003766917,-0.0003532641
0.0004616808,0.0002679713,0.0010700325
0.0004305567,0.0003986801,0.0002595102
8.02571e-05,0.0001476458,-0.0001811502
0.0001229765,0.0006771999,-9.0363e-06
0.0006002139,0.0004066204,0.0008710639
-3.69163e-05,0.0004389922,-0.0005925146
0.0003085011,0.0001323761,0.0005738317
0.0001351821,0.000549545,0.0002820926
-0.000172398,0.0004585374,-0.0001646712
0.0004696144,5.11412e-05,0.0005939727
0.0002169594,-0.0002640259,0.0003583842
-0.0003182545,0.0002551447,-0.000463124
0.0002773769,0.0005025143,0.0005243948
0.0002126874,8.83993e-05,0.0007508283
5.21843e-05,-1.9975e-06,-0.0006572099
0.0001333513,0.0004011233,0.0004841128
0.0002486938,0.000283241,0.0009699378
0.0001376232,0.0001781853,-0.0006523273
0.0003445075,0.0002563663,0.0004389481
0.0002615096,0.0004780827,0.0009717688
0.0003597644,0.0005599284,-0.0005131713
0.0001455568,0.0003925722,0.0001557536
0.0002999572,-6.24656e-05,0.0009156182
0.0003945503,0.0003644759,-0.0006968816
0.0001772913,0.000784088,0.0004621408
4.11993e-05,0.0002606418,0.0009681068
0.000721049,-0.0003806866,-0.0005009647
-2.7407e-06,-0.000269523,0.0002711066
-3.99677e-05,0.0003956262,0.0009235525
0.0005404067,0.0005898571,-0.0002830758
9.42935e-05,0.0003571465,0.0002698859
-2.1304e-06,0.0001116093,0.0005707801
0.0004275053,0.0002826302,-0.0006346276
-4.42396e-05,0.0004451001,0.0005536907
-3.44752e-05,0.0006063484,0.0003022335
0.0004842611,0.0002545339,-0.0003721844
5.09637e-05,0.0002117787,0.0005170708
-2.16593e-05,7.43512e-05,0.00068064
0.0002212313,-7.95677e-05,-0.0005241573
0.0001388438,4.0147e-05,0.0004975401
1.73984e-05,0.0008469993,0.0003290882
0.0004085866,0.0007401112,-6.76283e-05
-1.61668e-05,3.03744e-05,0.0003162712
5.34048e-05,-0.0001601918,6.54243e-05
0.0004433725,5.84707e-05,-1.7123e-06
6.13385e-05,0.0006289476,0.0004987608
4.73021e-05,0.0004921308,0.0004072108
0.0006118092,0.0002679713,-0.0002745311
0.0001833941,-0.0001888989,0.0005872591
-0.0001760597,6.3357e-05,0.0001173026
0.0007753637,0.0002759115,0.0001807773
0.0001016168,6.88541e-05,0.0005414841
1.31265e-05,0.0003547033,0.0002625619
0.0010054385,0.0002991215,7.88517e-05
-7.71946e-05,0.000486023,0.0006031277
-0.0001333402,0.0005587068,6.23727e-05
0.0010231366,0.0003156128,-0.0001024172
-0.0003798925,0.0001922334,0.0005665077
-0.0002474622,0.0005739766,-0.0003257991
0.0009035221,0.0003522602,0.0002247213
-0.0003091003,-0.0001204905,0.0006836917
0.0001150429,-0.0002231031,-0.0001378166
0.0007064023,-0.0002053902,0.0005848177
-0.000727751,0.0001262682,0.0004865541
0.0003646466,0.0003510386,-0.0001756572
0.0007033509,0.0004579267,0.0002949095
-0.0005294106,0.0004102851,0.0007935516
0.000246863,0.0005440479,-0.0007689009
0.0007039612,-1.60456e-05,0.000744725
-0.0005837254,0.0002685821,0.0003400742
0.0004293361,0.0007388896,-0.0007115296
0.0006197428,0.0005715334,0.0011817234
-0.0004610595,-5.75793e-05,0.0004401688
0.0007735329,-0.0003776327,-0.0009629868
0.0002377088,8.65669e-05,0.0007660866
-0.0006429224,0.0008286756,0.0006885743
0.0012385647,0.000482969,-0.0007133606
6.62207e-05,-0.0005773607,0.0008295613
-0.0005794534,0.0002038384,-2.06326e-05
0.0012806739,0.0004035664,-0.0001414785
-0.0002541753,0.0002844626,0.0011292348
-0.0001424944,0.0004353275,-0.0002482868
0.0014216481,0.0002936244,-0.0002318078
-0.0006362093,0.0001910119,0.0013648233
0.0001968202,0.000318056,-0.0004149077
0.0011958453,0.0003516494,-0.0001890845
-0.0008327188,0.0007437759,0.0013159967
0.0003298608,0.0005953542,-0.000552843
0.0008583615,-0.0002878467,0.0002021389
-0.0010688964,-3.49801e-05,0.0005640664
0.0005343039,0.0004237225,-0.0003788981
0.0007027406,0.0005287782,0.000627541
-0.0007912199,4.80872e-05,0.0007941619
0.0005361347,-1.60456e-05,-0.0010166961
0.0004934153,-6.24656e-05,0.0010822391
-0.0005934898,0.0002087247,0.0005005918
0.0006057064,0.0004554835,-0.0009770244
0.0004592397,0.0005868031,0.0013031797
-0.0004891323,0.0004420461,0.0003144402
0.0005898392,-0.0001070532,-0.0011515797
0.0001418952,0.0004970172,0.0008289509
-0.0001199141,0.0008018009,0.0007258046
0.0007802459,0.0002441505,-0.0008146758
9.4648e-06,-0.0004234419,0.0010419571
-0.0001644644,0.0001171064,-6.15249e-05
0.0006899248,0.0002563663,-0.0001884742
9.85654e-05,0.0005153408,0.0011103144
5.64562e-05,0.0001146632,-5.48113e-05
0.0007265415,6.27462e-05,-0.0003587571
-0.0003109311,1.63262e-05,0.0012256674
5.09637e-05,0.0003852428,-0.0004051424
0.0008492074,0.0001647479,9.2737e-06
-0.0003768411,0.0006802539,0.0009925202
0.0002590685,0.0005776413,-0.0003282404
0.0005880084,-0.0002457023,0.000150871
-0.0003682972,-5.6622e-06,0.0004963194
0.0003359636,0.0006442173,-0.0003373954
0.0004201819,0.0007095717,0.000594583
-0.0002578369,0.0001146632,0.0004578685
0.0004409314,-0.0002072226,-0.0008128448
0.0002023127,-9.97237e-05,0.0011768407
-6.55994e-05,0.0002453721,0.0004175865
0.0004342183,0.0001775745,-0.0005833596
3.14348e-05,0.0005336645,0.0009467452
0.0001321307,0.0002722468,0.0005420944
0.0004110278,-3.19261e-05,-0.0007731732
-6.98713e-05,0.0002838518,0.0006812503
0.0002822591,0.0007645427,0.0003187125
0.0003884475,0.0006069592,-0.0003581468
7.17132e-05,0.0001549753,0.0008783879
0.0003512205,8.22914e-05,-0.0001555162
0.0002389294,0.0002117787,2.2701e-05
0.0002181799,0.0003082834,0.0011286244
0.0003371841,3.15959e-05,-0.0001719952
0.0002151285,0.0003247747,9.34997e-05
2.77732e-05,0.0003406552,0.0009766515
0.0004452033,4.457e-07,-0.0002623245
2.41115e-05,0.0002472045,-0.0001390372
0.0002291649,0.0007187336,0.0010266988
0.0003023983,0.000517784,-0.0002556108
0.0001595932,0.0001873471,1.04944e-05
9.30729e-05,-0.0001217121,0.0009314869
0.0004134689,0.0002478152,-0.0003508228
-0.0001437149,0.0004591482,0.000127068
0.0001602035,0.00053794,0.0008875429
0.0004073661,9.08425e-05,-0.00058397
-0.0001485972,0.000138484,0.0001026547
0.0002608994,0.0002991215,0.0008735052
0.0003866166,-2.76506e-05,-0.0003557054
-0.0001748391,0.0004304412,0.0001166923
0.000279818,0.0004475432,0.0008478712
0.0004293361,0.0003840212,-0.0001536852
-3.69163e-05,-0.000139425,0.0005060848
0.000360985,8.90101e-05,0.0001173026
0.0002944647,0.0006668165,0.0001429366
-0.0001553102,0.0007388896,0.0003803562
0.0006557492,0.0001806285,0.0003376329
0.0001516596,0.0001122201,-0.0002330285
8.8546e-06,0.0001122201,0.0007996549
0.0006142503,3.7093e-05,6.90863e-05
6.56104e-05,0.0002972892,2.20907e-05
-1.79977e-05,0.0007309493,0.0004786198
0.0005355245,0.0004188362,0.0002979612
4.60815e-05,-0.0001437005,0.0001118096
7.04926e-05,-9.17834e-05,3.1704e-06
0.0002779872,0.0003009539,0.000103265
-0.0002035222,0.0008457777,0.0002180076
0.000562987,0.0003357689,0.0003644875
0.0003963811,-0.0004228311,0.0003016232
-0.0004329867,8.10698e-05,-0.0001341546
0.0007808562,0.0002343779,0.000757542
7.04926e-05,0.0004652561,0.000158195
-3.81369e-05,0.0007211767,-4.74873e-05
0.0006740576,0.0003999017,0.0003583842
-0.0002608883,0.000236821,-1.575e-05
6.74412e-05,0.0002288808,-0.0001127929
0.0007363059,-1.42132e-05,0.0005103571
-0.000470824,0.0006252828,-9.69242e-05
0.0003768522,0.0005330537,0.0001807773
0.0005117236,-0.0003574767,0.0008960876
-0.0001333402,-0.0003116675,-0.0002452352
0.0003066702,0.0002917921,0.000145378
0.0002456424,0.0005275566,0.0012079677
3.32657e-05,0.0003162236,-0.0003331231
0.0005733617,-4.9639e-05,-8.71589e-05
-0.0001455458,0.0002246053,0.000658668
0.0002651713,0.0009276234,-0.0002800241
0.0003957708,0.0006332231,3.7349e-05
7.634e-06,0.0005128977,0.0006910157
0.0004348286,-3.8034e-05,-0.0001146239
-4.7291e-05,-0.000350758,6.90863e-05
9.4648e-06,1.32723e-05,0.000675147
0.000552002,0.0005672579,-0.0001317132
3.93685e-05,0.0003327149,0.0006891847
7.23235e-05,0.0001030583,0.0002997922
0.0003774625,-0.0002151628,-0.0002537798
-0.0002987256,0.0001647479,0.0003278675
0.0004073661,0.0006142886,0.0002601206
0.0002944647,0.0005287782,4.1011e-05
-0.0001327299,0.0004701424,0.0005976347
0.0006893145,-3.31477e-05,0.0002326556
-4.7291e-05,-0.0002347081,-0.0001439199
-5.21732e-05,0.0005342753,0.0005030331
0.000874839,0.0007737046,0.0003852388
-0.0002590575,0.0004823582,-1.3919e-05
0.0001449465,4.50333e-05,0.000105096
0.0004647322,-0.0001895097,8.37343e-05
-0.0002938433,0.0001335977,0.0001948149
0.0004146894,0.0007834772,0.0001429366
0.0004342183,0.0003162236,0.0005561321
-0.0003658561,0.0001897903,-9.99759e-05
0.0007955029,-0.0002701338,0.0006958983
-1.73874e-05,0.0001739098,0.0002509656
-5.03424e-05,0.0003974585,3.97904e-05
0.0004812097,0.0005770305,0.0001765049
4.97432e-05,0.0003027863,0.0005604044
0.0002389294,-7.34598e-05,-0.0003251888
0.000253576,-2.88722e-05,4.52833e-05
-2.996e-07,0.0008726524,0.0003071162
0.0006044859,0.0006197857,0.0003913422
6.37796e-05,1.20507e-05,0.0003199332
0.0001010065,-5.0514e-06,-0.0001280512
0.0001553213,0.0003119481,0.0001301196
0.0001681371,0.0002581987,0.0010163232
0.0003207066,0.0001806285,-0.0001793192
0.0002450321,0.0001861256,-2.79566e-05
-0.00026455,0.0003681407,0.0006653817
0.0005904495,0.0002331563,-9.26519e-05
0.0002450321,-0.0002255462,0.0001624673
-9.36721e-05,0.0001952874,0.0005152398
0.0005220984,0.0007816448,-9.0363e-06
0.0001626446,0.0001390948,0.0006739263
-0.0001193038,0.0001164956,-0.0001494129
0.0006130298,0.0005574853,-0.0001970189
1.25162e-05,0.0008176814,0.0009296559
-1.61668e-05,0.0003137805,0.0001551433
0.0006868734,-0.0001736292,-0.0003984287
-0.0002212203,0.0001213819,0.000631203
9.61243e-05,0.0006778107,0.0003705908
0.0008608026,0.0001922334,0.0002210593
-2.89827e-05,-0.0004161124,0.000600076
-9.67235e-05,2.06017e-05,-0.0002531695
0.0005562739,0.0004799151,0.0003864595
-0.0002120661,0.0004170038,0.0006562267
0.0003359636,0.0002496476,-0.0004063631
0.0005208778,0.0002313239,-5.23699e-05
-0.0003719589,8.65669e-05,0.0009443039
0.0002981263,0.0003369904,-0.0006767406
0.0006850426,0.0002410966,0.0002967405
-0.000628886,0.0008860897,0.0006635507
0.0007479012,0.0005434371,-0.0002623245
0.0002889722,-0.0001888989,0.000134392
-0.0005782329,-0.0001107179,0.0008332233
0.0008302887,0.0002807978,-0.0005687116
7.41543e-05,0.0003272178,0.0005555217
-0.0003597534,0.0005110653,0.0008289509
0.0012324619,-0.0002469238,-0.0002995548
-0.0003066592,-0.0002072226,0.0003266469
-0.0002657705,0.0005623716,0.0003028439
0.0012257489,0.0008873113,-7.86143e-05
-0.00035243,0.000549545,0.0009455245
-3.9613e-06,0.0002704144,-0.0002604935
0.001032901,-0.0001577487,-0.0002421835
-0.0007643677,0.0005745874,0.000750218
0.0004329978,0.0006436065,0.0001374436
0.0008589718,0.0002313239,-8.28866e-05
-0.0005428368,0.000103669,0.0008960876
0.0003640364,-9.3005e-05,-0.0002733105
0.0006136401,-0.0003525903,0.0005268361
-0.0005953207,0.000216665,0.0003705908
0.0007698712,0.0006411634,-7.25109e-05
0.0002743255,0.0005373292,0.0005048641
-0.0003920981,0.0002496476,0.0003156609
0.0007118948,-0.0002298218,-0.0003795084
-6.9261e-05,0.0004157822,0.0003126092
-0.0002895714,0.0012171374,0.0002881959
0.0008937577,0.0002765223,0.0001996976
-0.0001424944,-0.0001821802,0.0001514813
-3.44752e-05,-4.71958e-05,-6.57973e-05
0.0005349142,0.0003241639,0.0004975401
2.83835e-05,0.0005104545,0.000733739
0.0001479979,0.000260031,-0.0004582414
0.00045985,-0.0002163844,0.000653175
-0.0001522588,0.0001824608,0.0003693702
0.0003542719,7.86267e-05,-0.0001799295
0.000286531,0.0001482566,0.0005732214
0.0002560171,0.0006973559,0.0004621408
0.0003646466,0.0005507666,-0.0001909155
0.000110771,-5.45253e-05,0.0007691383
0.0002847002,0.0002343779,-0.0001475819
0.0004061455,0.000471364,-6.33559e-05
-2.89827e-05,0.0008720416,0.0007013913
0.0005538328,0.0003241639,0.0005073054
3.02143e-05,-4.35311e-05,-0.0006401206
2.89937e-05,-0.0001546947,0.0009479659
0.0003207066,0.0001146632,0.0001447676
0.0002224519,0.0002539231,-2.97876e-05
-0.0001449355,0.0003052294,0.0005890901
0.0005013489,0.0001281006,0.0001984769
0.0001870557,1.57154e-05,-0.0001463612
-0.0002224408,0.0005367184,0.0004291828
0.0005184367,0.0004896877,0.0003937835
0.0001650857,0.0005226703,-0.0002458455
-0.0001900961,0.000436549,0.0005872591
0.0004720556,8.71777e-05,3.06354e-05
0.0003249786,5.1752e-05,0.0004078212
-0.0002120661,0.0002643065,0.0002222799
0.0004415417,0.0004188362,6.222e-06
0.0002071949,0.0004420461,0.0003205435
-0.000271263,0.0003437091,0.0002668342
0.0008193037,-0.0003226617,0.0002448622
-0.0001968091,-7.759e-07,-0.0003227475
5.40151e-05,0.0004933524,0.0009693275
0.0008193037,0.0003748594,6.35933e-05
-0.0001461561,-0.0001125503,0.0003272572
-1.5202e-06,0.0005153408,-4.93183e-05
0.0010670766,0.0003339365,0.0007843966
-0.000455567,0.0003443199,1.04944e-05
0.0004195716,0.0002710252,-2.49049e-05
0.0005971625,0.0005990189,-2.933e-06
-0.0005599245,0.0007792017,0.0005933624
0.0008064879,0.0001232143,-3.34496e-05
0.0005953317,-0.0005633125,0.0002863649
-0.000826616,0.0002520908,0.0002021389
0.0008772801,0.0007083501,0.0001514813
0.0002145182,0.0001800177,0.0005549114
-0.0004689931,2.5488e-05,-0.0001610092
0.0008113701,0.0002154434,-0.0001317132
-0.0001498177,0.0003901291,0.0008503126
-0.0002596678,0.0002581987,-0.0001030276
0.0009743144,0.0001476458,-0.0003373954
-0.0003017769,0.0004841906,0.0009943512
-0.0001193038,0.000717512,-4.916e-07
0.0009859096,1.63262e-05,7.2138e-05
-0.0004427512,-0.0001699644,0.00062571
-4.17985e-05,0.0007248415,-0.000518054
0.000907794,0.0005910787,0.0007654763
-0.0002962844,5.35843e-05,0.0007868379
0.0003097216,-0.0001821802,-0.0008091829
0.0005941112,0.0001763529,0.0003486188
-0.0003829439,0.0007187336,0.0012000334
0.0006832117,0.0003589788,-0.0005687116
0.000492805,-4.9639e-05,0.0003034542
-0.0005910487,0.0002887381,0.0006434097
0.000949293,0.000239875,-0.0002495075
0.0001681371,8.53454e-05,0.0006012967
-0.0002596678,0.0007352249,0.000134392
0.0009291538,0.0003944046,-0.0001402579
-0.0001510383,0.0004603698,0.0006537853
-4.7291e-05,1.63262e-05,5.44383e-05
0.0008357812,-8.75079e-05,-0.0004063631
-0.000422612,0.0006533791,0.0009497969
0.0002279444,0.0008329511,-9.93656e-05
0.0007662096,-0.0002805172,0.0001960356
-0.0006124084,7.86267e-05,0.0004322345
0.0004348286,0.0002239945,-0.0002354698
0.0004189614,8.9967e-06,0.0004468825
-0.0003780617,0.0005660363,0.0003364122
0.0005690898,0.0005910787,-0.0003135925
0.0001302999,4.25901e-05,0.0004767888
-0.0002737042,0.0002252161,0.0001960356
0.0008315093,0.0002838518,-0.0001353752
-0.0001162524,0.0002917921,0.0008265096
-4.91219e-05,0.0004719748,-0.0001011966
0.0008955885,0.0002349887,4.89453e-05
-0.0001083188,-2.58182e-05,0.0010157128
6.43899e-05,0.0003156128,-0.0003917151
0.0009047427,0.0002337671,0.0002070216
-0.000378672,0.0004554835,0.0008484816
0.0004360492,0.0003577573,-0.0002775828
0.0005764131,0.0001751314,8.61757e-05
-0.0003335114,0.0002355995,0.0008161339
0.0005312525,0.0002258268,-0.0005119507
0.0004189614,0.0001983413,0.0005036434
-0.0002907919,0.0003913507,0.000709936
0.0004055353,0.0002533123,-0.0007426566
0.0002682227,0.0003461523,0.0004139245
-3.9613e-06,0.0001226035,0.0010639291
0.0002877516,0.0001189388,-0.0008842538
5.21843e-05,0.0002178866,0.0004694648
1.8619e-05,0.0004060096,0.0007508283
0.0003976016,0.0003345473,-0.0007078676
-5.58349e-05,0.000208114,0.0005506391
-1.4336e-05,0.0003583681,0.000629372
0.0004122483,0.0001219927,-0.0006364586
-0.0001443252,0.0002343779,0.0006977293
0.0001632549,0.0002960676,0.0004145348
0.000334743,0.0002209405,-0.0005632187
5.70665e-05,0.0004127283,0.0008667916
0.0001882763,-0.000214552,0.0005268361
0.0002163491,3.77038e-05,-0.0007505909
-1.79977e-05,0.0004255548,0.0008680122
0.0002590685,0.0005452695,0.0003992765
0.0004934153,0.0002710252,-0.0004716687
8.69701e-05,0.0001488674,0.0004755681
0.0002175696,0.0001171064,0.0006177757
0.0005379656,0.0003449307,-0.0004936407
0.000110771,0.000216665,0.0007880586
4.42507e-05,0.0004670885,7.0307e-05
0.0005025695,0.0004585374,-0.0002781931
3.02143e-05,0.0002301024,0.0008802189
0.0001705782,4.19794e-05,-0.0001719952
0.0003359636,0.000173299,-4.80976e-05
-4.97321e-05,0.0005232811,0.0009070735
0.0003927194,0.0001116093,0.0002350969
0.0002901927,0.0001305438,-0.0004637344
-3.50855e-05,3.22067e-05,0.0011829441
0.0002309957,0.0003638652,-0.0002635451
0.0002950749,0.0003192776,0.000145378
-0.000113201,0.0003333257,0.0007734106
0.0002230621,0.0003345473,-0.0002354698
0.0001559316,0.0001806285,7.4427e-06
4.0589e-05,4.19794e-05,0.0008356646
0.0001144326,0.0002820194,-0.0003892737
0.0003133833,0.0003742486,0.0003937835
1.31265e-05,0.00018185,0.0008240683
0.0001693577,0.0002917921,-0.0006889473
0.0003872269,9.14533e-05,0.0005408737
-4.17985e-05,0.0002221621,0.000618386
0.0001913277,0.0004182254,-0.0005131713
0.000606927,0.0001256574,0.0005262258
-0.0001699569,-1.54348e-05,0.0005750524
0.0003603747,0.0003980693,-0.0006663649
0.0003353533,3.89254e-05,0.0007782933
-3.9613e-06,0.0004548727,0.0004481031
0.0004879228,0.0002893489,-0.0003422781
0.0001211457,0.0004041772,0.0006397477
-4.97321e-05,0.0002588094,0.0003461775
0.0005574945,0.0003253854,-0.0004313867
0.0001589829,0.0002453721,0.0009900788
-0.0001479869,0.0003473739,-0.0001005862
0.0004696144,0.000338212,-0.0002122772
-7.623e-06,0.0003473739,0.0009931305
0.0002267238,-6.273e-06,5.13867e-05
-1.31155e-05,0.0002013953,-0.0006327966
0.0001681371,0.0004237225,0.0013263723
0.0001205354,0.0002044492,-4.80976e-05
0.000176681,6.70217e-05,-0.0003245784
-0.0001522588,0.0004542619,0.0008802189
0.0004830406,0.0002801871,8.92273e-05
-2.47107e-05,7.25188e-05,-0.0002134978
0.0002194005,0.0003052294,0.0007142083
0.0003603747,0.0005599284,-0.0001494129
5.21843e-05,0.0005183948,0.0002082423
0.0002078052,0.0003516494,0.0005182914
0.0006624623,-0.0001608026,0.0001081476
-0.0003652459,0.0002502584,-0.0002110565
0.0005623767,0.0007046854,0.0007984343
0.0002828694,0.0002643065,0.0001746739
-4.7291e-05,0.0001061122,-0.0001280512
0.0005623767,-2.9483e-05,0.0006684333
8.14776e-05,0.000248426,0.0002131249
-0.0001278477,0.0003889075,-0.0001671125
0.0005721411,0.0005049574,0.0002662239
0.0001925482,0.0005049574,0.000653175
-2.996e-07,0.0001305438,-0.0001903052
0.0005245395,-0.0003031164,0.0002320452
-0.0002132866,0.0001323761,0.0002997922
0.0001254177,0.0009447255,-8.22762e-05
0.0004592397,0.0005965758,0.0005707801
-7.78049e-05,3.09851e-05,0.0003321399
0.0002987366,-0.0003281588,-5.23699e-05
0.0001022271,-0.0001693536,0.0002021389
-0.0003280189,0.0005916895,0.0005262258
0.0007094537,0.0009667139,-0.0001524645
0.000246863,9.14533e-05,0.0008301716
-0.0002401389,5.11412e-05,-0.0002073945
0.0006819912,-0.0002322649,-1.26983e-05
-0.0001028263,0.0002533123,0.000675147
4.73021e-05,0.0008537179,0.0002595102
0.0008669054,0.000552599,-0.0001262202
-0.0001498177,0.0002001737,0.0007544903
0.0002615096,-0.0001846234,3.1856e-05
0.0005873981,-9.72805e-05,-0.0001335442
-0.0002169483,0.0005306106,0.0007038327
0.0004775481,0.0008726524,-0.0001420889
0.0003506102,0.0001830716,0.0001942046
-0.0002798069,0.0001641372,0.0002106836
0.0005812953,3.95362e-05,0.0002540172
0.0002981263,0.0001030583,0.0001960356
-0.0001101497,0.0002978999,0.0005732214
0.0003207066,0.0003485954,-0.0001756572
0.000132741,6.88541e-05,0.0004236898
7.65954e-05,-0.0001058316,0.0003766942
0.0001687474,0.0001238251,-0.0001738262
0.0002566274,0.0005116761,0.0004560375
-6.43788e-05,0.0007437759,0.0001606363
0.0003066702,0.0001922334,0.0002991819
0.0002187902,-1.29917e-05,-6.39663e-05
-0.0001052674,0.0002362103,0.0002503552
8.39187e-05,0.0006307799,0.0001447676
0.0006557492,0.0002917921,0.0006507337
-0.0002737042,-0.0001803478,-0.0001060792
2.9604e-05,0.0001372624,-0.0001829812
0.0006099784,0.0003675299,0.0008002653
-0.0002401389,6.88541e-05,0.0003034542
0.0005001283,4.13686e-05,-0.000536364
0.0004311669,0.0004414354,0.0006263204
-0.0003939289,0.0007156796,0.0003535015
0.0008040468,9.02317e-05,-0.0004161284
0.000154711,-0.0001443113,0.0005317187
-0.000150428,0.0006179534,0.0004273518
0.0007924515,0.0004414354,-0.0001091309
-0.0001009955,-6.67411e-05,0.0007221426
4.4861e-05,0.0001922334,-0.0003190855
0.0008223551,0.000352871,6.222e-06
-0.0006117982,0.0004212793,0.0011628031
0.0006417128,-7.77353e-05,-0.0002531695
0.0005172161,-0.0001931744,-0.0001732159
-0.0009535539,0.0006674273,0.0010401261
0.0011506847,0.0006973559,-6.21353e-05
0.0002969058,-0.000382519,0.0001874909
-0.0008998494,0.0001079446,0.0003217642
0.0012373442,0.0004927416,-0.0002244838
-0.000227323,0.0001910119,0.0008258993
-0.0003707384,0.0005287782,-9.20416e-05
0.0013636717,0.0001781853,-0.0004313867
-0.000896798,0.0005403832,0.0006629403
0.0001504391,0.0004182254,0.0001557536
0.0013539073,-0.0003544227,-0.0002409628
-0.0010310592,0.0002893489,0.0005134088
0.0003628158,0.0008726524,-0.0001408682
0.0010072694,-8.56756e-05,0.0005231741
-0.0008870336,-0.0004350469,0.0004389481
0.0007582759,-0.0001265984,-0.0003892737
0.0003219272,0.0003913507,0.0005823764
-0.0006612307,0.0004878553,0.000629372
0.0011702136,0.0003479846,-0.0003703534
0.0001534904,0.0004334951,0.0003998868
-0.0004537362,0.0007749262,0.0004542065
0.0010493785,0.0003235531,-0.0001445302
0.0002505246,2.67096e-05,0.0004444411
-0.0005349031,0.000381578,-7.2053e-06
0.0006295073,0.0005990189,0.000106927
0.0006173017,-0.000324494,0.0013324756
-0.000429325,-0.0005291084,-0.000483265
0.0005306422,0.0001189388,-4.01633e-05
0.0001925482,0.0009117429,0.0009461349
-0.0002102352,0.0002203297,0.0003229849
0.0005977728,-0.0001888989,-0.001071626
7.17132e-05,0.000173299,0.0009760412
-0.0004781473,0.0009276234,-0.0001463612
0.0010091002,0.000286295,4.2842e-05
4.36404e-05,0.0002203297,0.0006543957
-0.0002212203,0.0004212793,9.9603e-05
0.0006868734,0.0004505972,-0.0001842019
1.8619e-05,-5.6622e-06,0.0012897523
5.70665e-05,-1.05485e-05,-0.0005833596
0.00059167,0.0005312213,-0.0001896949
-0.0003542609,0.0006148994,0.0015271719
0.0003963811,-0.0002182168,-0.0005577257
0.0006539184,-0.0004961258,-4.93183e-05
-0.0005226976,0.0005055682,0.0008588572
0.0005227086,0.0006497144,6.1152e-05
0.0006954173,0.0002075032,0.0002680549
-0.0002944536,1.99909e-05,0.0005176811
0.0002517452,0.0003229423,-0.0005754253
0.0004885331,0.0005513774,0.0009803135
6.07282e-05,0.0002105571,0.0003162712
0.0002065846,0.0002172758,-0.000591294
0.0002474733,0.0007761477,0.0005848177
9.61243e-05,0.000352871,0.0006690437
0.0002962955,-0.0002121089,-0.0003691328
0.000290803,-0.0001211013,0.0004310138
-8.51283e-05,0.0003198883,0.0004157555
0.0001699679,0.0003980693,-0.0001481922
0.0004830406,2.60988e-05,0.0008088099
-0.0001217449,0.000161694,-0.0001213376
-2.65416e-05,0.000552599,-0.0003056581
0.0004574089,0.0004603698,0.0008857119
5.03535e-05,-0.0001211013,0.0003406845
0.0001571521,0.0001482566,-0.0009068361
5.82871e-05,0.0006735352,0.0009931305
6.50001e-05,0.0007126257,0.0003736425
0.000541017,-5.88008e-05,-0.0004496967
2.04498e-05,-0.0001907313,0.000682471
-0.0001266272,0.0002795763,0.0001588053
0.0005501711,0.0003076726,-0.0003380058
3.87582e-05,0.0001311545,0.000759373
0.0002999572,0.000552599,-3.89426e-05
0.0004513061,0.0002313239,-2.06326e-05
-0.0001559205,6.64109e-05,0.0008350543
0.0004140791,9.38964e-05,-0.0003233578
0.0004915845,0.0004554835,2.4532e-05
-0.0002547855,0.0007773693,0.0010669808
0.0007228798,0.0004139499,-0.0002080048
0.0004195716,-0.0003134998,0.0002033596
-0.0004805884,0.0001781853,0.0003492292
0.0008040468,0.0005367184,5.62693e-05
0.0001833941,0.0002978999,0.0006214377
-8.63488e-05,0.0001995629,0.0003162712
0.0005825159,0.0001525322,-0.0005259883
-0.000102216,0.0002209405,0.00069895
3.32657e-05,0.0003999017,0.0001514813
0.0007070126,0.0004426569,-0.0002958928
-0.000319475,0.0003302718,0.0008411576
0.0003377944,0.000161694,-0.0003447194
0.0004232333,-5.02498e-05,4.4673e-05
-0.0004842501,0.0006790323,0.000728246
0.0007454601,0.000384632,0.0003266469
0.0001425054,1.51046e-05,-0.0003868324
-0.0003408347,6.0303e-05,0.0006543957
0.0008357812,6.45785e-05,0.0001697913
9.49038e-05,0.0002123895,9.28893e-05
-0.0001321197,0.0006576547,0.0002222799
0.0008559204,0.0006026837,0.0002387589
-0.0001034366,0.0002893489,0.0003827975
0.0001772913,-1.11593e-05,0.0001728429
0.000508062,-5.0514e-06,-1.7123e-06
-1.4336e-05,0.0005568745,0.0003516705
0.0001516596,0.0008928084,0.0002375382
0.0005330834,0.0001824608,0.0003681495
2.89937e-05,-0.0003061704,0.0001978666
0.000286531,-3.74232e-05,0.0001319506
0.0001589829,0.0002869057,0.0003760838
0.0003091113,0.0004762503,0.0003895112
0.0003762419,6.70217e-05,0.0002131249
0.0001949893,0.0002349887,0.0002045803
9.91757e-05,0.0004664777,9.411e-05
0.0001998716,0.000260031,0.0001826083
0.0001681371,0.0005574853,7.58e-05
0.0002584583,0.0004212793,0.0003187125
0.0001290793,0.0001995629,0.0001246266
1.67882e-05,0.0002917921,-4.80976e-05
0.0003085011,0.0002624742,0.0005359911
0.0002962955,-3.92556e-05,0.0004249105
2.7518e-06,0.0001329869,-6.94593e-05
0.0001254177,0.0003125589,0.0003626565
0.0001669166,6.21354e-05,0.0003541118
0.0002737152,0.0004017341,-0.0001713849
0.0002792077,0.0003253854,0.0006122827
0.0001266382,0.0003925722,5.0166e-05
5.95076e-05,0.0002038384,-0.0002128875
0.0003249786,0.0002698036,0.0004072108
0.0002212313,0.0004493756,0.0002131249
7.59851e-05,0.0008488316,-0.0001414785
0.0004622911,0.0002551447,0.0008173546
0.0002419808,-0.0003440393,0.0001557536
3.20451e-05,-8.4454e-05,-0.0002720898
0.0003658672,0.0004420461,0.0009620035
0.0001028374,0.0007358357,0.0001685706
0.0002602891,0.0001537537,-3.95529e-05
0.0003951605,-0.0001119395,0.0003370225
-4.30191e-05,9.08425e-05,0.0002759892
0.0001101607,0.0005904679,-0.0002244838
0.0003615952,0.0004084528,0.0006305927
0.0001077196,0.0003919614,-4.764e-06
0.0003664775,0.000263085,4.71143e-05
0.0001644754,9.63396e-05,0.0006287617
0.0001864455,1.99909e-05,0.0001478193
0.0003963811,0.0001006151,-5.17596e-05
3.93685e-05,0.0006796431,0.0005262258
0.0002328266,0.0004139499,0.0003809665
0.0002163491,8.65669e-05,-0.0004399314
0.0001199252,-3.92556e-05,0.0007966033
0.0002413705,0.0004805259,-0.0001835915
0.0001077196,0.0005996297,6.90863e-05
0.0001949893,0.0006527684,0.0006672127
0.0004128586,-0.0002182168,0.0001752843
-8.94002e-05,-6.24656e-05,-0.0003349541
0.0002761563,0.0005135085,0.00064402
0.0003072805,0.0003259962,0.0003699805
0.0001010065,0.0001574185,-0.0001103516
0.0004726658,7.1644e-06,0.0004127038
-5.52246e-05,0.0002636958,0.0001642983
0.0002322163,0.000581306,0.0003766942
0.0005031797,0.0001610832,0.0003736425
0.0001425054,0.0001207711,0.0003626565
0.0001516596,0.0004005125,-7.49523e-05
9.42935e-05,0.0005654255,0.0001697913
0.0001864455,0.0003424875,0.0003754735
0.0003316916,0.0003473739,-0.0001909155
0.0003396252,0.0004640345,0.0005164604
-6.2548e-05,0.0001684127,0.0002198386
9.9786e-05,-2.6429e-05,-0.0002824655
0.0004366594,-0.0001760723,0.0005439254
3.26554e-05,0.0002355995,0.0002167869
5.95076e-05,0.000702853,2.57527e-05
0.0004952461,0.0003186668,0.0007074947
7.11029e-05,-0.0001033884,2.75837e-05
8.81907e-05,0.0002453721,-0.0004857064
0.0004677836,0.0006967452,0.0009540692
-0.0002462416,0.0005489342,6.6645e-05
0.0003994325,0.0003766917,-0.0004344384
0.0004940256,-2.9483e-05,0.0008643502
-0.0003176442,0.000427998,0.0002216696
0.0005056208,0.0003015647,2.20907e-05
0.0003847858,-8.32324e-05,0.0005677284
-0.0003322908,-9.85021e-05,0.0002668342
0.0004439828,0.0005141192,-0.0003904944
0.0003951605,7.74051e-05,0.0013611613
-0.0003255778,0.0001592508,-0.0002122772
0.000879111,6.58001e-05,-0.0004051424
-0.0002431903,0.0006796431,0.0006452407
-3.56957e-05,0.0006979667,0.0004444411
0.0008723979,2.67096e-05,-0.0002208218
-0.0001308991,-6.30764e-05,0.0004566478
-0.0001809419,0.0002575879,9.0448e-05
0.0009322052,0.0006326123,0.0003272572
-7.29227e-05,0.000103669,0.0008368852
-6.37685e-05,-3.25369e-05,-0.0008055209
0.0004421519,0.000581306,0.0002167869
3.44862e-05,0.00058436,0.0010639291
-5.21732e-05,1.6673e-06,-0.000569322
0.0004671733,9.14533e-05,-0.0003221371
-3.20341e-05,0.0003430983,0.001366044
2.83835e-05,0.0002594202,-0.0004136871
0.0004470342,-7.65137e-05,0.000138054
0.0001455568,0.0002313239,0.0010840701
0.0002554069,0.0003516494,-0.0002348595
0.0002230621,0.0002612526,0.0002051906
0.0001644754,0.0005342753,0.0006031277
0.0001980407,7.1908e-05,-0.0003123718
0.0002309957,0.0004988495,2.20907e-05
0.0002242827,0.0003107265,0.0007343493
0.0002694433,0.0001794069,-0.0004057527
7.17132e-05,0.0003919614,0.0002448622
0.0004403211,0.000303397,0.0009681068
0.000176681,-6.79627e-05,-0.0001530749
0.0001736296,6.21354e-05,2.02597e-05
0.0002383191,0.0004090635,0.0006269307
0.0002383191,0.0001879579,0.0001673499
0.000400653,7.80159e-05,1.47667e-05
0.0001559316,0.000369973,0.0004291828
-0.0001223552,0.0005880247,-0.0001390372
0.000367698,0.0004389922,0.0001502606
0.0004073661,-8.99511e-05,0.000656837
2.7518e-06,0.0001989521,-0.0002360802
0.0002352677,0.0003437091,0.0002650032
0.0001516596,0.0003553141,0.0005176811
0.000202923,0.0001971198,-0.0001622299
0.0003188758,0.0002105571,0.0002033596
4.66918e-05,0.0003510386,0.0005329394
-7.90255e-05,3.95362e-05,-0.0002220425
0.0005343039,-2.82614e-05,0.0002942992
7.3544e-05,0.0003082834,0.0004975401
-5.88863e-05,0.000636277,-0.0001671125
0.000655139,-0.0001039992,0.0008942566
8.2443e-06,-0.0003049488,-7.37316e-05
0.0001229765,0.0003797457,-9.75346e-05
0.0004293361,0.000760878,0.0009131769
0.0001754604,0.0007688183,0.0002375382
0.0003512205,4.8698e-05,-0.0002086152
0.0002364882,-4.84174e-05,0.0005396531
9.73449e-05,0.0003143912,0.0002869752
0.000202923,0.0004707532,-0.0001738262
0.0005416272,0.000184904,0.0011243521
0.0001626446,0.0003204991,-0.0003483814
0.0001980407,3.52607e-05,0.0001136406
0.0001760707,8.71777e-05,0.0007453353
0.0003292505,0.0001800177,-1.26983e-05
9.00215e-05,0.0005251134,-0.0002556108
0.0001162635,0.0007938606,0.0006434097
0.000275546,0.0005067898,0.000117913
0.0003121627,-0.0001809586,-3.10083e-05
5.27946e-05,-0.0002102765,0.0004798404
2.10601e-05,0.0007920282,-0.0003837808
0.000286531,0.0007620996,0.0007331286
0.0001126018,-3.8298e-06,0.0005372117
0.0002773769,-0.0005284976,-0.0003319024
3.44862e-05,-2.82614e-05,0.0001655189
-0.0001754494,0.0006539899,0.0007239736
0.0005471198,0.0005483234,-2.30739e-05
0.0003298608,-0.0001131611,0.0004859438
-0.000183383,-5.51361e-05,0.0002314349
0.0003341327,0.0005886355,-0.0005259883
0.0001260279,0.0004933524,0.0010089992
0.0002883619,0.0004096743,0.0002692756
0.0006392717,0.0001458135,-0.0004332177
-0.0003560917,0.000361422,0.0007551006
0.0002792077,0.0001439811,0.0006244894
0.0007009098,-0.000240816,-0.0005772563
-0.0001632438,0.0002978999,0.0008667916
0.0003329122,0.000928845,0.0002680549
0.0003286402,0.0003137805,-0.0001512439
-0.0002291539,-0.0003745787,0.0003473982
0.0005654281,-4.9639e-05,-0.0001982395
3.75376e-05,0.0009013595,0.0002094629
-0.0001516486,0.0009245695,0.0008094203
0.0006935865,-0.0002536425,-0.0002672071
-0.0001156422,-0.0001455329,-0.0003831704
-0.0001308991,0.0005642039,0.0009833652
0.0006832117,0.0005739766,0.0001716223
-6.68199e-05,-1.29917e-05,-1.88016e-05
4.4861e-05,0.0001226035,8.8617e-05
0.0004055353,0.0001745206,0.0004407791
-0.0001083188,0.0006228397,0.0001716223
0.0003634261,-7.89569e-05,0.0004456618
0.0001852249,-1.651e-07,-0.0002275355
-0.0001107599,0.0008415022,0.000125237
0.0002932441,0.0004658669,0.0006855227
0.0001528802,-4.9639e-05,3.42974e-05
7.3544e-05,-0.0003238833,-7.98349e-05
0.000400653,0.0003278286,0.0005243948
0.0001046682,0.0004133391,0.0006940673
0.000339015,0.0003632544,-0.0002702588
0.0003164347,-6.79627e-05,0.0006574473
-2.28799e-05,0.0003809672,2.2701e-05
0.0005965523,0.0003595896,0.0002241109
0.0001632549,0.0002191082,0.0002759892
-0.0001620233,0.0004988495,-0.0003074891
0.0004702247,0.0006295584,3.918e-05
0.0001595932,0.0002954568,0.0004883851
-0.0001113702,-5.69685e-05,-0.0002507282
0.0002676124,-8.20108e-05,1.3546e-05
0.000165696,4.80872e-05,0.0009662758
0.0001412849,0.0004341059,-0.0002086152
0.0002694433,0.0002197189,0.0004481031
0.0001205354,0.000208114,0.0004865541
0.0001522699,-0.0001699644,0.0002216696
0.0002413705,0.00015864,-3.34496e-05
5.03535e-05,0.0006613194,0.0002015286
-3.20341e-05,0.0010833746,2.75837e-05
0.0005068414,0.0003492062,0.0002936889
0.0003957708,-0.0003996211,0.0003229849
-0.0002376978,-0.0003012841,1.9497e-06
0.0001974305,0.0006307799,0.000160026
0.0005666486,0.0005348861,0.0007715796
-0.0001235758,0.0001335977,5.26073e-05
0.0006325587,5.332e-06,3.1856e-05
-0.0001363916,7.25188e-05,0.0002161766
-0.0002450211,0.000427998,-7.61729e-05
0.001043886,0.0005043466,0.0002662239
0.0001309102,0.0003070618,0.0004889954
-0.0004158989,0.0003748594,-0.0004295557
0.0009236613,-8.38432e-05,0.0004517651
3.57068e-05,-0.0001620242,0.0005048641
5.52357e-05,0.0002252161,-0.0001365959
0.0007375265,0.0008219569,0.0003425155
-0.0002084044,0.0002056708,0.0009815342
1.8619e-05,0.0001232143,-0.0010014377
0.0009444107,1.6937e-05,0.000728246
-0.0005440573,0.0008079088,0.0005640664
0.0004152997,0.0008036332,-0.0001945775
0.0004842611,-0.0001253768,0.000645851
-0.0003908775,-0.0001357602,0.0003901215
0.000448865,0.0001281006,-0.0005607773
0.0001211457,0.0004658669,0.0010944458
-1.61668e-05,0.0004988495,0.0005658974
0.0006258456,-0.0001131611,-0.0010942084
-0.0003182545,-0.0001094963,0.0010920044
-9.67235e-05,0.0007620996,-0.0003257991
0.0007955029,0.0001354301,-6.27456e-05
-0.0004531259,0.0002362103,0.0004950988
0.0005031797,0.0003119481,-2.79566e-05
0.0004958564,-6.79627e-05,0.0002723272
-0.0005770123,0.0003058402,0.0005427047
0.0009090146,0.0004273872,-2.06326e-05
0.0002651713,0.0003797457,0.0002045803
-0.0003390039,0.0005984081,0.0006647713
0.0008315093,0.0003773025,-0.0006437826
5.8032e-06,-0.0001498084,0.0007142083
-0.0001711775,0.0003345473,6.1152e-05
0.0009309846,0.0003895183,-0.0003306818
-0.000345717,0.0002508692,0.0009382005
-4.42396e-05,0.0001537537,0.0001826083
0.001081113,-0.0003611414,-0.0002696485
-0.0007771835,-1.84888e-05,0.0006427994
0.0003164347,0.0009080782,0.0002698859
0.0008516485,0.0003925722,-0.0001744365
-0.0008321085,4.7212e-06,0.0005317187
0.0005251497,0.0003217207,-0.0003880531
0.0007552245,0.0004108959,0.0002772099
-0.0009828472,0.000650936,0.0005634561
0.0008370018,0.0001604724,3.42974e-05
0.0007436293,-0.0001015561,0.0003046749
-0.0009553847,9.5118e-05,0.0006427994
0.0006478156,0.0005226703,-0.0004344384
0.0009157277,5.48059e-05,0.0009491865
-0.0008583505,9.08425e-05,0.0002296039
0.0008333401,0.000462813,-0.0004673964
0.0004214025,0.0003937938,0.0007020017
-0.0009877294,0.0003571465,0.000103265
0.0011390894,0.0003644759,-0.0005534533
0.0005880084,0.0003174452,0.0010578258
-0.0009828472,0.0004848014,9.28893e-05
0.0011366483,0.0002508692,-0.0007151916
0.0005269806,-0.0001491976,0.0015869845
-0.0008076974,0.0003632544,-0.0004344384
0.0012159844,0.0003968478,-0.0002568315
-0.000165685,0.0001073338,0.0015961395
-0.0003243572,-0.0003012841,-0.000587632
0.0011097961,-3.86448e-05,-0.0005961766
-0.000499507,0.000772483,0.0018634654
0.0001364027,0.0005202271,-0.0004179594
0.0008168626,7.86267e-05,-0.0008805918
-0.000624614,0.0003467631,0.001857362
0.0005282011,0.0004988495,-0.0008146758
0.0005861775,9.2064e-05,0.0001740636
-0.0007485004,0.0005660363,0.0010187645
0.0007967235,0.0002062816,-0.0006675856
0.0002389294,0.0001207711,0.0001722326
-0.0004879117,0.0001610832,0.0013221
0.0008333401,-0.0002921222,-0.0009312495
-6.07171e-05,7.67943e-05,0.0003248159
-0.0001815522,0.0006332231,0.0011292348
0.0009517341,0.0002093355,-0.0006895576
-0.0001919269,5.90814e-05,0.0004377275
1.8619e-05,0.000540994,0.0003864595
0.0008211346,0.0003705838,-0.0003850014
-0.0002907919,0.0004725856,0.0003736425
0.0003847858,0.0004548727,0.0004816714
0.0004128586,0.0004573159,-0.0005760356
-0.0002779761,0.0003956262,0.0008246786
0.0006856529,0.0001189388,0.0003174919
0.0002493041,-7.46813e-05,-6.88489e-05
-0.0002505136,0.0002325455,0.00075388
0.000558715,8.3513e-05,0.000141716
0.0001479979,5.66383e-05,6.222e-06
-0.000216338,0.0003797457,0.0005189018
0.0006826015,-0.0001406466,0.0003766942
-0.0002633294,0.0002887381,-0.0005589463
6.37796e-05,0.0005977973,0.0006415787
0.0006166914,0.0005104545,0.0001826083
-0.0001040469,0.0005281674,-0.0001292719
0.0003072805,0.0003418767,0.0005225638
0.0005269806,-6.18548e-05,0.0003455672
-0.0001778905,0.000216665,-0.0001957982
0.0001901071,0.0005428263,0.0001740636
0.0004946358,0.0002026169,0.000658668
3.63171e-05,7.80159e-05,-0.0001567369
0.0001913277,-6.55195e-05,4.8335e-05
8.51393e-05,0.0001354301,0.0003187125
0.0002871413,0.0005287782,0.0003815768
0.0004000428,0.0002068924,0.0001893219
1.31265e-05,0.0003467631,8.80067e-05
0.0002627302,0.0003131697,0.0002155663
0.0003176552,0.0001836824,0.0001704016
0.0001815632,0.0002728576,0.0004566478
0.0001541007,0.0004554835,-0.0001964085
0.0001290793,0.0005782521,0.0003736425
0.0002901927,5.11412e-05,0.000737401
0.0003847858,-0.0003525903,-0.0002476765
5.40151e-05,0.0001146632,0.0002753789
9.85654e-05,0.0007993577,0.0007953826
0.0005892289,0.0003669191,0.0003364122
3.81479e-05,2.2781e-06,-0.0002800241
1.06854e-05,0.000208114,0.0006208274
0.0002969058,0.0004536511,0.0001795566
5.95076e-05,0.0003748594,-9.20416e-05
9.9786e-05,0.000581306,0.0003083369
0.0006624623,0.0003388228,0.0002619516
-0.0001742288,4.80872e-05,0.0001783359
7.47646e-05,0.000126879,-6.76283e-05
0.0005538328,7.98483e-05,0.0002210593
-6.98713e-05,0.0007437759,9.71617e-05
0.000213908,0.0005086221,0.0004285725
0.0005141647,-0.0004264958,0.0002271626
-0.0002151175,-0.0002127197,-0.0002226528
0.0002480835,0.0005336645,0.000158195
0.0003426766,0.000636277,0.0006177757
0.0003402355,0.0004231117,0.0003138299
0.0002657816,4.32009e-05,-9.38726e-05
0.0001119915,0.000115274,0.0003669288
-5.1563e-05,0.0005354969,0.0001020443
0.0005825159,0.0004933524,0.0004700751
0.0003713597,0.000193455,0.0005341601
-0.0003225264,0.0002533123,-0.0003392264
0.0005794645,0.0001757421,0.0004493238
0.0002041435,-0.0001143826,0.00066233
-0.0001699569,0.0002771331,-3.52806e-05
0.0006264559,0.0003980693,0.0002637826
-0.0001070983,0.0003638652,0.0002521862
-0.0001205244,0.0001470351,0.0001411056
0.0010628047,-0.0001235445,0.0001899323
-0.0004879117,0.0005556529,-9.57036e-05
-1.00641e-05,0.0012085863,0.0001935943
0.0011329866,6.27462e-05,0.0007831759
-0.0005440573,-0.0004045074,-0.0003026065
0.0001168738,0.0002075032,-0.0002928411
0.0007472909,0.0007425543,0.0009949615
-0.0004256634,0.000595965,0.0002778202
0.0004763275,-2.9483e-05,-0.0007273982
0.000323758,1.57154e-05,0.0006849123
-0.0005678582,0.0005464911,0.0003351915
0.0007192181,0.0002801871,-0.0002281458
0.000378683,-0.0002255462,0.0007325183
-0.0003707384,0.0005904679,4.52833e-05
0.0007094537,0.0005416048,3.42974e-05
8.20879e-05,-5.63577e-05,0.0010572155
-9.5503e-05,-0.0001027776,-0.0003227475
0.000808929,0.0004518188,-0.0002531695
-0.0004152887,0.0008537179,0.0013727576
0.0002493041,0.0004115067,-0.0002952825
0.0008534793,-0.0005101739,-0.0001420889
-0.0006789288,0.0003363796,0.0004816714
0.0004275053,0.00094045,-7.25109e-05
0.0007491218,0.00020506,0.000700781
-0.0004329867,-9.42266e-05,0.0003541118
0.0004775481,-0.0003238833,-0.0005278193
0.0001418952,0.0005232811,0.000596414
4.5826e-06,0.0006283368,0.0009986235
0.0006276764,0.0002325455,-0.0007908729
0.0001992613,-6.67411e-05,0.0007819553
-0.0001778905,0.0006417741,-7.31213e-05
0.0003731905,0.0003968478,-8.77692e-05
0.0001717988,0.0004664777,0.0004639718
0.000176681,0.0002899597,0.000108758
0.0001559316,0.0002905705,-0.0003093201
7.96468e-05,-0.0001449221,0.0009961822
0.0001833941,-0.0001901205,-0.0001683332
0.0001528802,0.0001452027,-0.0001994602
0.0001779016,0.0007114041,0.0009327075
0.0001388438,0.0006252828,2.51424e-05
0.0002346574,-0.000295787,4.391e-06
-5.40041e-05,-0.0001125503,0.0001441573
0.0001602035,0.0003748594,0.0001996976
0.0003914989,0.0008641013,0.0004090418
0.000213908,0.0004053988,0.0006708747
0.0001852249,-0.0001406466,-0.0002727001
0.0002828694,2.8889e-06,0.0005317187
0.0001772913,0.0004408246,0.000622048
0.0002163491,0.0003937938,-0.0001494129
0.000198651,0.0004005125,0.0002357072
0.0001882763,0.0003204991,0.0004932678
0.0002212313,-2.82614e-05,-2.00223e-05
0.0001907174,0.000129933,0.0002894165
0.0003353533,0.0001885687,0.0003687598
0.0001968202,0.0005666471,-0.0002415732
0.0002059743,0.000639331,0.0007020017
0.0003030086,9.02317e-05,7.33587e-05
-2.89827e-05,-0.0002652475,-0.0003227475
6.13385e-05,0.000286295,0.0003980558
0.0005526123,0.0003583681,0.0003913422
-0.0002431903,0.0005385508,-0.0003190855
9.00215e-05,0.0004463217,0.0004694648
0.0005458992,-0.0001009453,0.0001984769
-0.0002920125,3.46499e-05,1.3546e-05
0.0003078908,0.0002740792,0.000700781
0.0003933297,0.0002527016,0.0001655189
-0.000470824,0.0005489342,-8.96002e-05
0.0008479868,0.0001109985,0.0009851962
0.0002291649,-0.0002664691,-3.28393e-05
-0.000591659,0.0005122869,-0.0004179594
0.0007948926,0.0006576547,0.0008283406
0.0002718844,0.0003131697,0.0003419052
-0.0003823336,0.0001293222,-0.0006474446
0.0005178264,7.06864e-05,0.0003919525
7.17132e-05,0.0003119481,0.0004981504
0.0001205354,7.98483e-05,-0.0001439199
0.0006710062,-0.0002182168,0.000627541
-6.01069e-05,0.0003968478,0.0001813876
8.26982e-05,0.0005715334,-4.68769e-05
0.0004989078,0.0002502584,0.0005085261
0.0001339615,0.0001555861,-2.3226e-06
0.0001205354,0.0006436065,-0.0003611984
0.0002743255,0.0005825276,0.0009241629
0.000154711,0.0002410966,-0.0002592728
0.0002450321,-0.000237762,-5.54216e-05
0.0001473877,0.0004750288,0.0007038327
0.0001571521,0.0005055682,0.0004279621
0.0001608138,-5.33037e-05,3.0025e-05
0.0002834797,-0.0002988409,0.0007404526
9.85654e-05,0.0003840212,-5.96939e-05
-8.94002e-05,0.0006106239,9.65513e-05
0.000224893,0.0007022423,0.0003699805
0.0004152997,0.0001091661,0.0002650032
1.00751e-05,-0.0001180474,4.71143e-05
0.0002004818,0.0001537537,0.0003260365
0.000246863,0.0003968478,0.0004914368
0.0003005674,0.000260031,0.0002015286
0.0004494753,0.0001983413,0.0002674446
-1.31155e-05,0.0003137805,0.0001832186
0.0002627302,0.0001452027,0.0003083369
0.0004744967,-0.0002799065,0.0002253316
-0.0001095394,0.000526335,-0.0004478657
0.0003493897,0.0010222957,0.0002723272
0.0003164347,0.00087082,0.0005097468
0.0002608994,-0.0002444807,0.0001093683
1.92293e-05,-0.0004435979,-0.0004094147
0.0002224519,0.0004334951,0.0005604044
8.39187e-05,0.0008140166,0.0003443465
0.0004134689,0.0001109985,0.0003840182
0.0003060599,-0.0003495364,-9.0363e-06
-0.0001681261,0.0002013953,-0.0002055635
0.0001412849,0.0007675967,0.000713598
0.0004403211,3.83146e-05,0.0004920471
-0.00019864,-5.819e-05,-0.0003624191
0.0002511349,0.0006484928,0.0001301196
0.0002102463,0.0006527684,0.0009723792
0.0001742399,-0.0001064424,0.0002393692
0.0004671733,-0.0001491976,-0.0003563158
-6.98713e-05,0.0006869725,0.0005726111
1.5312e-06,0.0010949796,0.0003535015
0.0006032653,-0.00015103,-0.0001579575
-0.0002169483,-0.0001662997,-0.0002122772
0.0001833941,0.0006790323,0.0002894165
0.0005025695,0.0006063484,0.0003150505
-3.56957e-05,-0.0003263264,0.0005781041
0.0003274197,-0.0003532011,-0.000563829
0.0003597644,0.000451208,0.0004786198
3.87582e-05,0.000795693,0.0010035062
0.0005117236,-4.04772e-05,-0.0001036379
0.0004964667,-0.0004155016,0.0001203543
-0.0002340361,0.0005660363,0.0003132195
0.0004586294,0.0010284036,0.000117913
0.00045985,0.0003919614,0.0004993711
-2.9593e-05,0.0001262682,-0.0001536852
0.0002792077,0.0005287782,-0.0001225582
0.0002889722,0.0005458803,0.0009845858
-8.75694e-05,0.0002184974,-0.0002012912
0.0003048394,-0.0001504192,-0.0001616195
2.10601e-05,0.0003015647,0.0007673073
0.0001620343,0.0001201603,0.0002222799
0.0002181799,-0.0005394918,1.3394e-06
-4.17985e-05,-0.0003018949,0.0005854281
0.0003054497,0.0004359383,9.47203e-05
0.0002163491,0.0005660363,0.0001368333
4.42507e-05,0.0006564331,0.0005250051
0.0005220984,0.00015864,0.0001612466
0.0001150429,9.81719e-05,-0.0002043428
-2.83724e-05,0.0008897545,0.000136223
0.0006343895,0.001105363,0.0004114831
0.0001180943,0.0002551447,0.000103265
4.91329e-05,3.7093e-05,-0.0002788035
0.0006996893,-0.000226157,0.0005005918
-0.0002151175,0.0003168344,0.0004682441
0.0001559316,0.00027469,0.0001911529
0.0006227942,-0.0001809586,0.0003162712
-0.0001992502,-0.0003257156,0.0005640664
7.29337e-05,0.0002765223,-0.0002299768
0.0004531369,6.58001e-05,0.0004694648
-0.0001302888,0.0003779133,0.0002875855
0.0006472053,0.0006894157,-0.0001304926
4.97432e-05,0.0008714308,0.0002296039
-0.0002730939,0.000369973,0.0004944884
0.0006996893,-7.89569e-05,-0.0005497913
8.20879e-05,0.0001427595,0.0004523755
-0.0002938433,0.0009483902,0.0003779148
0.0008705671,0.0003522602,0.000119744
-0.0001650747,-0.0005058984,0.0003998868
-1.25052e-05,-0.000370914,-6.03043e-05
0.0004982975,0.0004542619,-0.0001231686
-0.0003048283,0.0008579935,0.0011017698
0.0002511349,8.71777e-05,-0.0002202115
0.0006832117,-0.0005547615,-0.0002299768
-0.0004396998,0.0005208379,0.0005591837
0.0004000428,0.000792639,0.0003339709
0.0005062311,0.0002569771,-0.0001481922
-0.0001016058,0.0002441505,0.0003559428
0.0001821735,0.000419447,7.4427e-06
0.0003048394,0.0004225009,0.0003235952
0.0001406746,-8.99511e-05,0.0004462721
0.000339015,7.61835e-05,-0.0003520434
0.0003512205,0.0006881941,0.000614724
-0.0001406636,0.0006051268,0.0006226584
0.0005141647,-0.0003208293,2.14804e-05
0.0004519164,-0.0006537093,7.7631e-05
-0.0001772802,0.0005037358,0.0004542065
0.0001754604,0.0013960986,-0.0001372062
0.0006099784,0.0005605392,0.0007728003
-0.0001370019,-0.0001937852,-0.0001463612
0.0002413705,-5.26929e-05,-0.0005113403
6.74412e-05,0.0004848014,0.0008533642
-3.69163e-05,0.0004554835,0.0003827975
0.0005678692,0.0001537537,-0.000475941
0.0001626446,8.47346e-05,0.0009491865
-0.0001125908,0.0002203297,0.0004590891
0.0006581903,-7.95677e-05,-0.0001304926
-0.0001717877,-6.61303e-05,0.0007050533
0.000176681,0.0007120149,-7.73936e-05
0.0006478156,0.0009276234,4.22317e-05
-0.0002157278,0.0004225009,0.0008881532
0.0004030941,-0.0001669105,-0.0004558
0.0004580192,0.0001109985,-0.0001884742
-0.0002987256,0.0007755369,0.0012915833
0.0007552245,0.000349817,-0.0001011966
0.0002993469,-0.0002133305,-0.0002684278
-0.0004195606,-9.48374e-05,0.0009058529
0.0009895713,0.0001629156,5.44383e-05
0.0001077196,0.0001250467,0.0002753789
-0.0004982865,0.0006460497,0.0002723272
0.0010499888,0.0003015647,0.0001331713
-0.0001485972,0.0001946766,8.053e-06
-0.0001717877,0.0005251134,0.0003980558
0.0007338648,0.0004591482,-0.0002995548
-0.0001675158,0.0005116761,0.0006812503
6.13385e-05,0.0003602004,8.98377e-05
0.0005709206,-0.0001284308,4.34523e-05
-0.0002480725,2.18233e-05,0.0006043484
0.0001840043,0.0001983413,-4.1536e-06
0.0005703103,0.0001445919,0.0004383378
-0.000238308,0.0002410966,0.0003388535
0.0002651713,0.0001800177,0.0001935943
0.0002480835,0.0001958982,-0.0001506335
-0.0001730083,0.0002349887,0.0004133141
0.0005550534,0.0004438785,1.23254e-05
0.0002938544,0.0006252828,0.0001795566
-8.81796e-05,0.0002612526,0.0004859438
0.00054773,-0.0001345387,-6.595e-06
0.0004805994,2.36557e-05,0.0002088526
-0.000444582,0.0004890769,0.0003333605
0.0005263703,0.0003559249,0.0001978666
0.0005471198,0.0001659695,0.0001331713
-0.00030849,9.93935e-05,0.0003058955
0.0003988222,0.0002490368,-5.78629e-05
0.0004610706,0.0002875165,0.0003766942
-0.000312762,0.0002258268,0.0003528912
0.0006160812,0.0003595896,-5.78629e-05
0.0003200963,0.000138484,0.0004694648
-0.000345717,0.000271636,0.0002405899
0.0006594109,0.0003009539,-0.0001127929
0.0002700535,0.0003174452,0.0006818607
-0.0003573122,0.0004487648,-0.0001542955
0.0006697856,0.0002478152,-7.12903e-05
1.80087e-05,4.68657e-05,0.0006745367
-9.36721e-05,2.30449e-05,5.62693e-05
0.0006282867,0.0003357689,-0.0001951879
-0.0001193038,0.0003461523,0.0009754308
7.96468e-05,0.0002007845,-0.0001805399
0.0006490362,-5.57469e-05,7.7631e-05
-0.0002486828,0.0001928442,0.0005555217
0.0001815632,0.0003760809,-7.2053e-06
0.0006203531,0.0004872445,-4.07736e-05
-0.0002877406,0.0002093355,0.000594583
0.0003908886,0.0004933524,-0.0004820444
0.0005373553,-4.41419e-05,0.0005567424
-0.000253565,7.67943e-05,0.0004865541
0.0005941112,-0.0001168258,-0.0001134032
0.0001748502,0.0002453721,0.0004066005
-1.92182e-05,0.0004793043,0.0008173546
0.0007814665,-0.000136371,-0.0001957982
3.9723e-06,0.0001580293,0.0001240163
-8.20769e-05,0.0006387202,0.0006177757
0.0008107598,0.0006930804,-0.0001500232
-8.14666e-05,0.0003101157,0.000150871
2.89937e-05,0.0004383814,0.0001844393
0.0005989934,0.0001861256,6.78657e-05
-0.000216338,6.88541e-05,0.0003016232
0.0001522699,-4.53635e-05,0.0005311084
0.0006813809,8.16806e-05,-8.47176e-05
-0.0003396142,4.0147e-05,0.0006470717
2.41115e-05,0.0004328843,1.5377e-05
0.0008064879,-0.0001644673,0.0002827029
-0.0002724836,2.48773e-05,0.0003486188
2.53321e-05,0.000685751,-0.0002897895
0.000666124,0.0005666471,0.0006537853
-0.000124186,0.0005416048,0.0002271626
0.0003646466,0.0003626436,-0.0004142974
0.0002682227,0.0004609806,0.0004059902
-0.0001077085,0.0004157822,0.0004719061
0.0005465095,-8.1053e-06,-0.0002708691
6.31693e-05,-0.0002121089,0.0005799351
-4.0578e-05,-8.1053e-06,0.0002228903
0.0003121627,0.0003467631,-0.0003447194
0.000235878,3.46499e-05,0.0010517225
-1.79977e-05,-9.54482e-05,-0.0001689435
0.0004903639,9.6075e-06,-6.33559e-05
-0.0001217449,0.0006350555,0.0007551006
0.0002541863,0.0006216181,0.0001429366
0.0005996037,0.0003461523,-0.0003416678
-0.0002114558,0.0004292196,0.0005683387
0.0002035332,0.000682697,0.0001557536
0.0006453745,8.386e-06,0.0001813876
-0.0002401389,-6.24656e-05,0.0004975401
0.0003652569,0.0002288808,-2.933e-06
0.000382955,0.0005006819,0.0004139245
-0.0002529547,0.0002850734,0.0006855227
0.0005544431,-0.0003153322,-8.426e-06
6.92721e-05,-0.0003458717,0.0001209646
-0.0001992502,0.0004530403,0.0007178703
0.0006533081,0.000569701,-5.23699e-05
-4.66807e-05,0.0004585374,-9.81449e-05
0.0001022271,0.0004273872,0.0005335497
0.00054773,0.0004102851,-0.0002830758
-0.0001254066,0.0003058402,0.0004395585
0.0001589829,0.0001714666,0.0002875855
0.0006526978,7.00756e-05,3.12457e-05
-0.0002895714,0.0005825276,0.0001935943
0.0004946358,0.0004334951,0.0009089045
0.0005062311,-0.0003690816,-4.56563e-05
-0.0002621089,-0.0002121089,8.4955e-05
0.0003353533,0.0001904011,0.0004981504
0.0004024839,0.0006307799,0.0003193229
-2.59313e-05,0.0006979667,0.0001111993
0.0004354389,0.0002068924,0.0002155663
0.0002352677,0.0002594202,0.000128899
6.92721e-05,0.0003168344,0.0003370225
0.0003146038,0.0001598616,0.0002521862
0.0001034476,0.0001274898,0.0001008237
0.000187666,0.0006429957,0.0001002133
0.0002804283,0.000129933,0.0008405472
4.18096e-05,-1.7878e-05,-8.28866e-05
0.0003121627,-0.0004552029,0.0002259419
2.22807e-05,0.0001403164,0.0003968352
0.0001803427,0.000592911,8.92273e-05
0.0001113813,0.0008176814,-0.0002177702
0.0002444219,0.0002966784,0.0008130823
0.0003573233,0.0001470351,-0.0002043428
0.0001229765,7.7752e-06,-0.0002110565
-0.0002242716,0.0007156796,0.0005280568
0.0006148606,0.0006881941,0.0001728429
8.63599e-05,0.0001335977,2.33114e-05
7.84262e-05,-0.000257918,0.0005176811
0.0003255888,2.8889e-06,2.2701e-05
0.0001351821,-1.90995e-05,0.0005762731
-0.0001547,0.0003650867,0.0001148613
0.0007302032,0.0005245027,0.0001026547
-0.0001406636,0.00051473,0.0003449569
0.0001955996,0.0001122201,0.0004865541
0.0005544431,3.64822e-05,-0.00049242
1.06854e-05,0.000427998,0.0006446304
-1.8608e-05,0.0010204633,0.0003492292
0.0007802459,1.63262e-05,0.0001099786
-0.0002859097,-0.0004148908,-6.45766e-05
0.0002676124,-9.9377e-06,0.0005939727
0.0006685651,0.0004066204,0.0003962248
-0.0001797213,0.0003046186,0.0003467879
0.0002004818,0.0002649173,0.0001044856
0.0006856529,-3.86448e-05,0.0003364122
-0.0003792823,6.88541e-05,6.72553e-05
0.0002743255,0.0003540925,-2.42946e-05
0.0006063167,0.000873874,0.0002570689
-0.0002376978,0.0006124563,0.0004181968
0.000444593,0.0001311545,-0.0001170652
0.000562987,-0.0004423763,0.0003986662
-0.0007008988,0.0003870751,-0.0003032168
0.0007326443,0.0008085195,0.0005427047
0.0004958564,0.0004951848,0.0005127984
-0.0005178154,0.0001372624,-0.0002458455
0.0003304711,-9.6059e-05,-9.14312e-05
0.0002840899,-0.0001290416,0.0008753362
-0.000389657,0.0001873471,-0.0003648604
0.0007161668,0.000459759,8.37343e-05
5.70665e-05,0.0006436065,0.001245198
-6.2548e-05,0.000326607,-0.0002019015
0.0007454601,-0.0003550335,-9.02106e-05
-0.0002511239,0.0001506998,0.0009003599
0.0001357924,0.0010064152,-0.0001787089
0.0007179976,0.0002856842,0.0004487135
-0.0003396142,0.000196509,0.0003760838
0.0006307278,7.98483e-05,-8.65486e-05
0.0002474733,0.0002783547,0.0002149559
-0.000407355,0.0001946766,0.0008887636
0.0007851282,0.0001091661,-0.0005504017
0.0003036188,-0.0002683015,0.0007093257
-0.000624614,0.0005354969,3.918e-05
0.0011158988,0.000436549,9.53307e-05
5.95076e-05,0.0001494782,0.0007636453
-0.0002126764,0.000271636,-0.0001500232
0.0007356957,0.0002178866,-0.0002769725
-0.0003206956,0.0004573159,0.000689795
8.02571e-05,0.0003369904,0.0001948149
0.0007344751,0.0001506998,-0.0006053316
-0.0003762309,0.0003821888,0.0009735998
0.0001553213,0.0002844626,-0.0002061738
0.0004537472,-0.0003556443,0.0002106836
-0.000183383,-0.0001265984,0.0006995603
0.0002078052,0.0003968478,-0.0003764568
0.0003048394,0.0007614888,0.0002149559
-3.69163e-05,0.0004182254,0.0008332233
0.0004744967,-0.0003794651,-0.0002031222
9.12421e-05,4.07578e-05,-0.0002946721
-0.0001626336,0.0008237893,0.0007868379
0.0005452889,0.000650936,0.000163688
0.0005483403,-0.000336099,0.0005524701
-0.0001186935,-8.20108e-05,-0.0001054689
0.0003170449,0.0001971198,0.0003260365
0.0005135545,0.0006039052,0.000627541
6.31693e-05,-0.0001137718,0.0002521862
0.0003432869,7.12972e-05,-0.0002830758
0.0003072805,0.0004988495,0.000719091
-0.0001345608,0.0005776413,7.4427e-06
0.0004915845,0.0001048906,-0.0001408682
0.0003542719,0.0003779133,0.0003449569
-6.01069e-05,0.0007944714,0.0001728429
0.0003597644,0.0003229423,7.7631e-05
0.000154711,-0.0003800758,0.0003559428
8.8546e-06,0.0002111679,-0.0003392264
0.0004696144,0.0005104545,0.0006415787
-0.0001315094,0.0005012927,0.00062571
0.0002102463,-0.0002890683,-0.0002788035
0.0003042291,-0.0005193357,0.0002088526
-0.0002175586,0.0002288808,0.0006006864
0.0003438972,0.0007315601,-1.0257e-05
0.000444593,0.0003021755,0.0007642556
-0.0001327299,5.72491e-05,-3.34496e-05
0.0005086722,0.0004218901,-0.0001646712
0.0001302999,0.0007901959,0.0007343493
0.0001302999,0.0004591482,0.00013073
0.0005440684,4.99196e-05,-0.0004100251
-1.98285e-05,0.0001335977,0.0007215323
0.0001705782,-3.00938e-05,0.0002308246
0.0004580192,-0.0001198797,-0.0003007755
6.37796e-05,0.0001592508,0.0009235525
0.0003463383,0.0003950154,-0.0002940618
0.0003377944,0.0003027863,0.0002241109
-0.0001052674,0.0001574185,0.0006983397
0.0004140791,-6.1244e-05,-0.000527209
9.67346e-05,0.0007095717,-0.0005314813
0.0001235868,0.0010778775,0.0011603617
0.0005526123,0.000373027,3.85697e-05
8.63599e-05,-0.0005431565,-0.0002488972
-1.25052e-05,-0.0001821802,0.000700781
0.0003988222,0.0006649841,0.000141716
-3.6306e-05,0.000714458,0.0003473982
0.000191938,8.29022e-05,0.0004822818
0.0003255888,-0.0001803478,-0.0003312921
-0.0001162524,0.0002001737,0.0001923736
-3.9613e-06,0.0002985107,0.0005304981
0.0004189614,0.000404788,-0.0002885688
5.27946e-05,0.0004622022,0.0005292774
0.0001974305,0.0001445919,0.0004096521
0.0002737152,-0.0004228311,-0.0001634505
0.0001571521,-0.0001467545,0.0006391374
0.000246863,0.0005232811,0.0002070216
0.0002901927,0.0008726524,-5.17596e-05
-3.99677e-05,0.000685751,0.0004108728
0.0005105031,-1.84888e-05,-0.0001707745
2.9604e-05,-0.0003092243,-0.0002928411
6.2559e-05,0.0006820862,0.0003834078
0.0006313381,0.0006313907,0.0005024228
-9.91647e-05,0.0003736378,-0.0001121826
0.0003921091,-0.0002542533,0.000622048
0.0004610706,-0.0002774633,0.000143547
-0.0003908775,0.0002056708,0.0003388535
0.0004909742,0.0004658669,0.0004401688
0.0004439828,0.0004121175,-0.0001018069
-0.0004171195,0.0002972892,0.0003229849
0.0006374409,-2.33751e-05,0.0003852388
0.0001254177,-0.0001003345,-0.0002495075
-0.0005446676,0.0006863617,-2.55153e-05
0.0009364771,0.0005794737,0.0009412522
6.13385e-05,0.0002673605,-0.0002928411
-0.0005898282,-1.66564e-05,0.000117913
0.0008125907,2.60988e-05,0.0002991819
6.74412e-05,-1.05485e-05,7.09173e-05
-0.0003213058,0.0006313907,-8.10556e-05
0.0008626335,0.000393183,0.0008094203
-0.0001601925,-5.6622e-06,-1.63603e-05
-0.0001223552,-0.0001858449,-5.66423e-05
0.0008363915,-0.0001803478,0.0007746313
-0.0003908775,0.0007315601,-3.58909e-05
0.0002737152,0.0007999685,0.0002711066
0.000694807,0.0001745206,0.0005097468
-8.14666e-05,0.0001842932,-0.0002476765
0.0001827838,0.0001739098,7.29e-07
0.000514775,0.000396237,0.0010089992
0.0001199252,0.0002753007,-0.0002836861
0.0001290793,9.32856e-05,-0.0003062685
0.0002956852,0.0003479846,0.0010877321
0.0002285546,0.0003602004,-0.0001378166
0.0001840043,-0.0002750201,-0.0001341546
1.5312e-06,0.0003919614,0.0004114831
0.000323758,0.0008952516,9.53307e-05
-8.63488e-05,0.0002691929,-2.85669e-05
0.0001980407,-0.0003959564,0.0004810611
0.0003091113,-7.10166e-05,-0.0002250942
-0.0002114558,0.0002258268,0.0003785252
7.29337e-05,0.0005080114,0.0002985715
0.0003713597,0.0001250467,0.0002106836
7.65954e-05,0.0001671911,0.0003235952
5.52357e-05,0.0001030583,-0.0001048586
-3.6306e-05,0.0005202271,0.0001350023
0.0005892289,0.0002447613,0.0008149133
0.0001937688,0.0001012259,-0.0002476765
-0.0001296786,0.0004933524,3.79594e-05
0.0003487794,0.0005556529,0.0006299824
0.0003634261,-0.0001498084,0.0002277729
-0.0001406636,-4.9639e-05,-0.0002080048
0.0006459848,0.0003308825,0.0007203116
-0.0002303744,0.00056115,4.8335e-05
0.0004189614,6.5536e-06,0.0002582896
0.0006002139,-0.0002792957,0.0003754735
-0.0001547,0.0002435397,3.61284e-05
0.0001699679,0.0006991883,1.9039e-05
0.0004751069,0.0003681407,0.00071726
4.11993e-05,0.00018185,-0.0003129821
0.0002877516,0.0001897903,-0.0002055635
-1.55566e-05,0.0008494424,0.0007697486
0.0003359636,0.0004689209,9.2279e-05
0.0002523555,-8.62863e-05,-0.0002983341
1.31265e-05,0.0001445919,0.0006958983
0.0001382335,0.000647882,-5.84733e-05
0.0002291649,-0.0001333171,0.0008362749
5.40151e-05,-0.0003025056,5.1997e-05
0.00035,-3.19261e-05,-6.57973e-05
-0.0002023016,0.0008469993,0.0005597941
0.0003805139,0.0002001737,0.0008838809
0.0002670021,-0.0002438699,-0.0005906836
-5.03424e-05,0.0001592508,0.0003650978
0.0002413705,0.0011377348,0.0003742528
0.0002486938,0.0010204633,7.0307e-05
0.0003493897,-0.0001876773,0.0005854281
0.0001315204,-0.0001992823,-0.0004393211
0.0001925482,0.0003956262,0.0003089472
2.1415e-06,0.0006894157,0.0004169761
0.0006313381,0.0001305438,0.0004011075
0.0002090257,-2.58182e-05,-0.0003618088
1.37368e-05,4.50333e-05,0.000656837
0.000286531,2.91528e-05,0.0002247213
0.0002322163,-0.0003214401,0.0002045803
0.0001443363,0.0003223315,0.0001459883
0.0003622055,0.0009453363,0.0002851442
7.96468e-05,0.0007620996,0.0005158501
0.0002608994,-6.36871e-05,5.07763e-05
0.0003225374,-5.88008e-05,-0.0001945775
-0.0002779761,0.0008873113,0.0002906372
0.0003640364,0.0010033612,0.000737401
0.0002480835,-5.57469e-05,-0.0001787089
-0.0002462416,-0.000440544,8.8617e-05
0.0004891433,-5.39145e-05,0.000611062
-2.83724e-05,0.0001873471,0.0002778202
-0.0002279333,0.0003015647,0.0002601206
0.0006533081,0.0001024475,0.0002772099
-5.09527e-05,0.0001103877,-7.19006e-05
-0.0002462416,0.0005391616,0.0002674446
0.0008534793,0.0002013953,0.0004114831
-0.0001266272,8.22914e-05,-0.0001921362
-0.0001077085,0.000526335,0.0001935943
0.0009901816,0.0005330537,0.0008368852
-0.0001882652,3.09851e-05,0.0001185233
4.30301e-05,0.0002374318,-0.0001811502
0.0008546999,0.0004573159,0.0006104517
-0.0002816378,0.0007236199,0.0001081476
0.0002218416,0.0002807978,0.0001227956
0.0006429334,-0.0002273786,0.0002308246
-0.000345717,3.22067e-05,-9.08209e-05
0.0003152141,0.0004292196,0.0003382432
0.0005715309,0.0003693623,0.0008631296
-0.0001650747,-3.07045e-05,0.0001295093
0.0002810385,-8.38432e-05,-0.0001927465
0.0002480835,0.0002789655,0.0008619089
-0.000205353,0.0006863617,-6.15249e-05
0.0004427622,0.0002661389,-7.2053e-06
0.0001425054,0.0001928442,0.0005555217
-3.26443e-05,0.0005489342,-0.0001054689
0.0002065846,0.0001116093,4.22317e-05
3.44862e-05,0.0003388228,0.0005329394
0.0002309957,0.0003473739,-0.0001091309
0.000275546,8.22914e-05,0.000138054
-4.60705e-05,0.0001641372,0.000704443
0.0002035332,6.21354e-05,-0.0002672071
0.0001730193,-4.41419e-05,0.0002460829
3.08246e-05,0.0004799151,0.0003663185
0.0003982119,0.0004646453,0.000103265
9.61243e-05,-5.26929e-05,0.0002900269
-7.41433e-05,-4.35311e-05,8.8617e-05
0.0006679548,0.000369973,0.0004090418
0.0001235868,0.0004793043,0.000600076
0.0001840043,0.0005336645,1.47667e-05
0.0004812097,0.0002478152,0.0001093683
-4.48499e-05,0.0005074006,0.0001942046
0.0002480835,0.0001568077,0.0003406845
0.000213908,0.0003424875,-0.0003111511
0.000290803,0.0001030583,0.000664161
-0.000161413,0.0003406552,-0.0002263148
0.0005617664,-2.21535e-05,0.000739232
-1.37257e-05,-2.03211e-05,0.0001276783
0.0001022271,-6.24656e-05,0.0003638772
0.0002438116,0.0001873471,0.0001667396
0.0001870557,0.0002905705,0.0005182914
-9.5503e-05,0.0003540925,-0.0001677229
0.0003670877,0.0003455415,2.14804e-05
5.09637e-05,0.0004554835,0.0004316241
0.0001205354,0.0003754701,-0.0003166441
0.0004043147,0.0001073338,0.000596414
-9.91647e-05,0.0001867363,0.0001111993
0.0001992613,0.0002154434,6.17623e-05
0.0005294217,0.0001226035,0.000596414
-0.0001839933,0.0002227729,0.0002814822
0.0004085866,0.0002111679,-0.0002318078
0.0001968202,0.0002814086,0.0005103571
-0.000113201,0.0003076726,0.0001459883
0.0003927194,0.0002850734,-0.0003673018
8.2443e-06,0.00020506,0.0003449569
-1.49463e-05,0.0003095049,0.0003425155
0.0006533081,0.0002068924,2.57527e-05
-0.0001601925,7.00756e-05,0.0003388535
-8.8435e-06,0.0002001737,0.0002497449
0.000852869,7.25188e-05,0.0004896058
-0.000117473,-0.0001137718,0.0003327502
8.02571e-05,0.0003620328,-9.02106e-05
0.0007198284,0.0008231785,0.0003516705
-0.0002120661,0.0004542619,0.0004780094
0.0003377944,4.07578e-05,-0.0002366905
0.0004201819,-7.10166e-05,0.0001990873
-0.0004458026,0.0004902985,0.0003528912
0.0005721411,0.0005043466,0.0001148613
0.0002871413,0.0001928442,0.0003132195
-0.0001461561,7.74051e-05,0.0004243001
0.0002737152,2.2781e-06,-0.0002842965
0.0001016168,3.89254e-05,0.0004725164
-7.53638e-05,0.00022827,0.0001221853
0.0004586294,0.0005318321,-0.0003135925
-5.58349e-05,0.0005751981,0.000709936
0.0001040579,0.0001366516,5.26073e-05
0.0006392717,-0.0003880161,-7.31213e-05
-0.0001577513,0.0002142218,0.0004755681
0.0001498288,0.0009648815,0.0001838289
0.0006703959,0.0004854122,0.0002637826
-0.0002560061,-1.97103e-05,0.000152702
0.0004964667,-9.9377e-06,-2.79566e-05
0.0003591541,0.000138484,0.0002680549
-0.0002047427,0.0006924696,0.0004859438
0.0005898392,0.0005477126,-0.0001872535
0.0003463383,-0.0001101071,0.000720922
-0.0001254066,1.93802e-05,1.187e-07
0.0005495609,-0.0001119395,0.0001832186
1.19059e-05,0.0003131697,0.0007001707
0.0001510493,0.0005354969,-3.16186e-05
0.000558715,0.0004072312,2.56e-06
-0.0001577513,3.09851e-05,0.0006946777
0.0003377944,1.57154e-05,-0.0002531695
0.0001602035,0.0003333257,-0.0003038271
-4.48499e-05,0.0008812034,0.0008454299
0.0004738864,0.0005306106,-1.0257e-05
7.59851e-05,-0.0001882881,1.59874e-05
-0.0001864344,-0.0003556443,0.0003644875
0.0004281155,0.0001653587,-5.90836e-05
0.0002743255,0.0005721442,0.0005549114
-0.0001125908,0.0006820862,0.0002607309
0.0003689186,0.0001671911,4.16214e-05
0.0003042291,-0.0002328757,0.0002534069
-0.0001388327,-0.0001705752,1.47667e-05
0.0002462527,0.0005819168,1.11047e-05
0.0005062311,0.0007627104,0.0008362749
-8.63488e-05,0.0003626436,9.2737e-06
0.0005379656,-0.0003892377,0.0001844393
0.0001516596,-0.0001204905,0.0002277729
-8.26871e-05,0.0004328843,0.0003425155
0.0004256744,0.000873874,-7.86143e-05
0.0007588862,0.0002777439,0.0008191856
-0.0004458026,7.86267e-05,-0.0004716687
0.0003695289,0.0002954568,8.1293e-05
0.0005330834,6.15246e-05,0.0009327075
-1.00641e-05,2.8542e-05,-9.69242e-05
0.0004079764,0.0006320015,-0.0002922308
9.42935e-05,0.0003968478,0.0011762304
-1.98285e-05,-0.0001491976,7.0307e-05
0.0006435437,-0.0005065092,-0.0005772563
-0.0002669911,0.0003693623,0.000695288
-8.26871e-05,0.0010656617,4.52833e-05
0.0005318628,0.0005556529,-9.57036e-05
-0.0001083188,-0.0003281588,0.0005591837
4.0589e-05,-0.0001760723,-0.0003709638
0.0004360492,0.0004957956,0.0003113885
-0.000205353,0.0005135085,0.0009070735
0.0005001283,4.56441e-05,-0.0003404471
0.0003048394,0.0002496476,-4.01633e-05
-0.0001730083,0.0002997323,0.0008924256
0.0002175696,-1.11593e-05,-0.0002818551
0.0004781583,-5.14714e-05,2.75837e-05
-8.87899e-05,0.0005251134,0.0004279621
0.000301788,0.0006918588,0.0001929839
0.0003072805,0.0003687515,0.000121575
0.0003170449,-0.0002634151,0.0005201224
0.000176681,-4.4406e-06,-0.0001506335
0.0002547966,0.0006051268,0.0005781041
0.0002132977,0.0006203965,0.0003675392
0.00037197,-7.89569e-05,0.0002796512
0.0001461671,0.0002233837,-0.0003203061
0.0003548822,0.0001904011,0.000689795
-8.8435e-06,0.0003944046,-4.99286e-05
0.0003268094,0.0004237225,5.26073e-05
0.0004592397,0.0002239945,0.000592752
-0.0002041325,9.93935e-05,-5.48113e-05
0.0004616808,0.0002331563,0.0001704016
0.0003097216,0.0001238251,0.0008033169
-0.0002541753,2.42665e-05,-0.0001152342
0.0004543575,0.0004646453,-0.0001903052
0.0002731049,0.0002905705,0.0010755255
-0.0004140681,0.000239875,-0.0003929357
0.0006691754,0.0001409272,-0.0003233578
-4.79013e-05,0.0002783547,0.0008081996
-0.0001162524,0.0006234505,3.1856e-05
0.0007521732,5.60275e-05,-1.7581e-05
-0.0002505136,-0.0001937852,0.0006391374
0.0001754604,-3.8034e-05,-2.61256e-05
0.0004342183,0.0004591482,-0.0001683332
-0.0001272374,0.0005721442,0.0011194694
0.0002700535,0.0003711946,-0.0004442037
0.0005745823,-0.0002536425,0.0002186179
-0.0004055242,0.0001763529,0.0004798404
0.0004903639,0.0004127283,-0.0001396476
0.0005324731,0.0002905705,0.0003638772
-0.0001388327,0.0002594202,0.000638527
0.000617912,0.0002643065,-0.0005339227
0.000231606,0.0001855148,0.0007715796
-6.68199e-05,0.0001470351,0.0006611093
0.0006411026,6.82433e-05,-0.001100922
9.209e-07,0.0006002405,0.0007801243
-1.92182e-05,0.0008818142,0.0005286671
0.0007259312,-0.0004264958,-0.0003691328
-0.0003725692,-0.0004912394,0.0001661293
-2.28799e-05,0.0005000711,0.0004304035
0.0006154709,0.0008036332,-9.81449e-05
-0.0003231367,0.0001922334,0.0008381059
0.0003927194,-0.0001314847,-0.0001475819
0.0004665631,-8.56756e-05,-0.0003288508
-0.0006539074,0.0006784215,0.0007105463
0.0006844323,0.0005092329,0.0002656136
0.0005312525,-6.91842e-05,-0.0003587571
-0.0006740465,0.0004304412,0.0003864595
0.0007289826,0.000729117,0.0002137353
0.0003615952,-4.04772e-05,0.0001667396
-0.0004299353,2.97636e-05,9.10583e-05
0.000716777,0.0002954568,0.0002241109
9.18524e-05,0.0005660363,0.0005012021
-0.0001968091,-8.1053e-06,0.0002436416
0.0008711774,-0.0002420375,5.87107e-05
6.01179e-05,0.0005196163,0.0005225638
-0.0001797213,0.0007828664,0.0001404953
0.0009816377,5.41951e-05,0.0002900269
-8.26871e-05,-0.0002249354,0.0001154716
-5.64452e-05,0.0004518188,-0.0003459401
0.0006783295,0.0006607086,0.0004914368
3.69273e-05,0.0005006819,0.0005127984
0.0003469486,-0.0004216095,-1.51396e-05
0.0003323019,-0.0002511994,-0.0001652815
-0.0001736186,0.0007517162,0.0007148186
0.0004146894,0.0007065178,1.47667e-05
0.000486092,-9.85021e-05,0.0002308246
-0.0004097962,0.0002661389,4.391e-06
0.0005886187,0.0003620328,0.0002656136
0.0001315204,7.25188e-05,0.0004029385
-0.0001498177,0.0002246053,0.0001057063
0.0006478156,0.0004218901,7.15277e-05
-4.36294e-05,0.0003925722,0.0005390427
2.41115e-05,-8.14e-05,0.0005439254
0.0006435437,-0.0003684709,-0.0002751415
-0.0003322908,0.0002624742,0.0002375382
1.67882e-05,0.0011010875,0.0001893219
0.0006105887,0.0005299998,0.0003504498
-0.0001540897,-0.0001705752,-0.0001121826
-0.0001260169,-0.0004399332,-0.0002861275
0.000580685,0.0004890769,0.0004273518
5.27946e-05,0.0006118455,0.000711767
8.4529e-05,0.0003449307,-0.0004747204
0.0006893145,-2.52074e-05,0.0005427047
-3.32546e-05,-2.45967e-05,0.0004603098
0.0001321307,-0.0001980607,-0.0001878639
0.0005172161,0.0002978999,0.000161857
-3.56957e-05,0.0006820862,0.000605569
4.60815e-05,0.0006546007,-0.0004374901
0.0007204387,2.48773e-05,0.0003437362
-0.0003628047,-1.29917e-05,0.0001679603
0.0003139936,0.0003143912,-0.0001933569
0.0003988222,0.0004554835,0.0004835024
-0.0002438005,0.0005269458,0.0004438308
0.0004830406,0.0001684127,-0.0001256099
0.0001742399,-0.0003855729,0.0004761784
-0.0004018625,6.64109e-05,7.09173e-05
0.0007668198,0.000260031,0.0001911529
-1.61668e-05,0.0004475432,0.0006965087
-0.0001522588,0.0001549753,-0.0002421835
0.0004275053,0.0001226035,-0.0003691328
0.0001925482,0.0002875165,0.0012812077
7.3544e-05,0.0004738072,-0.0004173491
0.0003103319,0.0001207711,-9.69242e-05
-1.25052e-05,0.00058436,0.0008619089
0.0003603747,6.45785e-05,-4.38253e-05
-4.0578e-05,0.000193455,-0.0003361748
0.0001980407,0.0002349887,0.0008039273
0.0004824303,0.0002551447,-7.55626e-05
7.3544e-05,2.2781e-06,0.0003992765
0.0001455568,0.0001097769,0.0003388535
0.0003890577,1.63262e-05,-1.51396e-05
-8.4518e-05,0.000462813,0.0002961302
0.0006911454,0.0002520908,0.0008039273
-3.44752e-05,0.0001177172,-0.000486927
7.11029e-05,0.0004060096,0.0003150505
0.0004842611,0.0004432677,0.0004304035
4.66918e-05,9.75611e-05,0.0001276783
2.59423e-05,0.0003858536,-0.0002781931
0.0004891433,0.0002111679,0.000706274
-0.0003170339,0.0002612526,0.0001465986
0.0003329122,-4.65851e-05,-4.1536e-06
0.0002364882,0.0001244359,0.0001862703
-0.0004305456,0.0004823582,0.0003419052
0.000536745,0.000184904,0.0001002133
0.0002651713,-0.0003745787,0.0002119043
-0.000543447,0.0003663083,8.053e-06
0.0006545287,0.0006753675,0.0003901215
0.0001461671,0.0001226035,0.0005738317
-0.0001565308,-4.9639e-05,-0.0004155181
0.0006435437,0.0002533123,0.0002588999
-2.04388e-05,0.0004218901,0.000647682
-1.31155e-05,0.0002606418,-9.69242e-05
0.0007717021,6.58001e-05,0.0002521862
-4.85116e-05,0.0004609806,0.000592752
-6.01069e-05,0.0002978999,-0.0002110565
0.000644154,0.0001445919,9.34997e-05
0.0002340471,-0.0001449221,0.0008478712
-0.0001266272,0.0004115067,-0.000483265
0.0006472053,0.0003809672,0.000709936
8.69701e-05,2.48773e-05,0.0005890901
0.0002615096,-0.0001101071,-0.0001426992
0.0002493041,0.000526335,-8.34969e-05
-8.57385e-05,0.0008317295,0.0009510175
0.000345728,0.0002728576,-0.0004185697
0.000389668,-0.0001125503,-9.63139e-05
-0.0002883508,0.0003889075,0.0005298878
0.0003640364,0.0004689209,-0.0002092255
0.0003799036,7.00756e-05,0.0002430312
-0.000400642,0.0001635264,0.0004578685
0.0005153853,4.07578e-05,5.3828e-05
0.0001534904,1.99909e-05,0.0002814822
-0.0003103208,-3.62016e-05,0.0007020017
0.0005672589,0.0003009539,-0.0003697431
0.0002810385,0.0003565357,0.0004853334
-0.0003682972,0.0005849708,0.0003620462
0.000988961,-8.62863e-05,7.45793e-05
-0.0001083188,4.1104e-06,-0.0001512439
-0.0002499033,0.0008921976,0.0003400742
0.0011757061,0.0008207353,0.0003809665
2.9604e-05,1.44938e-05,0.0003168815
-0.0003847748,8.16806e-05,-0.0002391318
0.0010267983,0.0002062816,0.0003663185
-0.0002132866,-8.1053e-06,0.0007831759
-0.0001040469,0.00015864,-0.0003532641
0.0010597533,0.0002453721,0.0002717169
-0.000639871,0.0005116761,0.0005060848
0.0002804283,0.0001201603,0.000125237
0.0010408347,-0.0004845208,0.0001502606
-0.0007893891,0.0002649173,0.0003205435
0.0003634261,0.0009514442,-2.24636e-05
0.0010084899,0.0004267764,0.0005127984
-0.0007600957,-8.93403e-05,0.0002357072
0.0006343895,0.0003376012,-0.000572984
0.0004519164,0.000439603,0.0009113459
-0.0009480614,0.0004848014,8.3124e-05
0.0011610594,-0.0001797371,-0.0002958928
-3.08135e-05,-1.54348e-05,0.0005439254
-0.0009132755,0.0006320015,0.0002405899
0.0014332434,-0.0001766831,0.0001447676
-0.0001949783,-0.0005150602,0.0007361803
-0.0005709095,0.0004310519,-0.0003245784
0.0010213058,0.0006148994,9.47203e-05
-0.0004140681,0.0004072312,0.0009674965
0.0002194005,8.53454e-05,-0.0008738781
0.0006856529,-4.53635e-05,0.000160026
-0.0005605348,0.0008298972,0.0007917206
0.0004793789,0.0004780827,-0.0004985234
0.0005275909,-2.21535e-05,0.0005402634
-0.0001809419,7.7752e-06,0.000658668
0.0004744967,0.0002355995,-0.0007542529
7.47646e-05,0.0003217207,0.0010968871
0.000209636,0.0003302718,0.0004468825
0.0005031797,-0.000107664,-0.0008995121
-0.0004396998,0.0004835798,0.0008692329
0.000444593,0.0005916895,0.0003925628
0.0003774625,-0.0002322649,-0.0005754253
-0.0001559205,4.93088e-05,0.0008368852
0.0005269806,0.0005868031,-4.07736e-05
5.09637e-05,0.0002850734,0.0001697913
-0.000260278,0.0002667497,0.0006354754
0.0009993357,-0.0003770219,0.0001038753
-0.0004323764,-4.65851e-05,-0.0001762675
1.92293e-05,0.0010357331,0.0006104517
0.0009145071,0.0005104545,0.0002601206
-0.00035243,-7.83461e-05,-2.85669e-05
0.0003292505,-0.0001033884,0.000103265
0.0005202675,0.0002753007,0.000103265
-0.0007118838,0.0008048548,0.0004352861
0.0008693465,0.0002899597,4.22317e-05
0.0004214025,-0.0001284308,7.7631e-05
-0.000764978,0.0004609806,2.69734e-05
0.0008028262,0.0001739098,0.0005445357
0.0001620343,-0.0005791931,0.0002552379
-0.0003396142,5.1752e-05,-0.0003251888
0.0008919268,0.0007364464,0.000656837
-0.0002523444,0.0004053988,0.000764866
-3.32546e-05,-8.26216e-05,-0.0004234524
0.0010194749,-0.0004136692,0.0001813876
-0.0005318518,0.0006839186,0.0006873537
0.0001626446,0.0013191391,-0.0002580522
0.0009578368,1.20507e-05,0.0006031277
-0.0005385648,-0.0002548641,-7.37316e-05
0.0002816488,0.0002307132,-0.000600449
0.0005465095,0.0005202271,0.000741063
-0.0005941001,0.0003455415,0.0004621408
0.0007948926,-0.0002224923,-0.000609604
0.0002773769,-0.0004216095,0.0007514386
-0.0006673335,0.000404788,0.0003956145
0.0008254065,0.0002490368,-0.0001854225
0.0003725802,-0.0001931744,0.0007923309
-0.0004543464,0.0005623716,-0.0002501178
0.0008620232,0.0006130671,-6.45766e-05
-0.0001553102,0.0001323761,0.0009491865
-9.18413e-05,0.0002508692,-0.00052904
0.0009389182,0.0002704144,-0.0003056581
-0.000389657,0.0008976947,0.001265339
0.0001266382,0.0005855816,-0.0004564104
0.0008577513,-0.0007569327,-1.45293e-05
-0.0006374298,-0.0001284308,0.000770359
0.0002401499,0.0006723136,-0.0003898841
0.0007564451,0.0003992909,0.0006263204
-0.0006117982,-0.0001125503,0.000715429
0.0006801604,-0.0003678601,-0.0008177275
0.0002541863,-3.8034e-05,0.0005091364
-0.0004891323,0.0008634906,0.0009552899
0.0009370874,0.0002459829,-0.000483265
0.0001669166,-2.03211e-05,0.0004871644
-0.0004409203,0.0005770305,0.0004609201
0.0008205243,0.0006649841,-0.0005406363
0.0001455568,0.0001293222,0.0007691383
-0.0003914878,0.0003663083,-0.0001811502
0.0010365627,0.0004188362,-0.0002116668
-0.0002590575,0.000126879,0.0009900788
-0.0002804172,-8.26216e-05,-0.0001616195
0.0009193893,-0.0003269372,-0.0003483814
-0.0003908775,0.0004560943,0.0010761358
0.0002084155,0.0004341059,0.0003205435
0.0007179976,-0.0002658583,-0.000497913
-0.0006569587,-0.0001021669,0.0005768834
0.0003194861,0.0006423849,-0.0002238735
0.0006642931,0.0008024117,0.0001984769
-0.0005526012,0.0005220595,0.0005976347
0.0004738864,-0.000324494,-0.0005973973
0.0004659528,-0.0001082747,0.0003889008
-0.0003920981,0.0005098437,0.0008399369
0.0007436293,0.0003760809,-0.0001994602
0.000154711,0.0003302718,0.0002918579
-0.0001168627,0.0002753007,0.0007398423
0.0005349142,-0.0006268346,-7.86143e-05
-0.0001333402,-5.14714e-05,2.75837e-05
1.98396e-05,0.0006374986,0.0005042538
0.0005007386,0.0007950822,4.6504e-05
0.0001663063,0.0003827996,0.0005512494
-7.96358e-05,-0.0001669105,-0.0003856117
0.0002706638,-0.0001998931,0.0002845339
-6.19377e-05,0.0005458803,0.0001533123
0.0004567986,0.0005446587,0.0002112939
0.0001705782,0.0002355995,0.0001319506
-6.49891e-05,0.0001696343,0.0001502606
0.0003121627,-0.0002719662,0.0001465986
5.1574e-05,-0.0001571379,0.000145378
0.000253576,0.0001928442,0.0006031277
0.0002480835,0.0006020729,-0.0002110565
-0.0001070983,0.0003669191,0.0005890901
0.0004134689,0.0002068924,-0.0001072999
0.0003585438,-6.67411e-05,0.0003223745
-0.0004970659,0.0006228397,0.0001484296
0.0005642075,0.0006484928,0.0002723272
0.0003255888,-4.71958e-05,0.0002082423
-0.0003762309,9.5118e-05,0.0002167869
0.0007009098,8.53454e-05,0.0002228903
0.0001492185,5.05304e-05,0.0004566478
-8.63488e-05,0.0001610832,0.0004407791
0.0006429334,9.45072e-05,-0.0002043428
-0.000194368,0.00018185,0.0005097468
-1.4336e-05,0.0005183948,4.40627e-05
0.0008864343,5.332e-06,0.0001893219
-0.0004030831,0.0002301024,-2.3226e-06
0.0001583727,0.0004469325,0.0002509656
0.0007118948,0.0003992909,4.2842e-05
-0.0004573978,0.0003229423,0.0004066005
0.0003469486,0.000352871,-0.0001695539
0.0007558348,-0.0001876773,0.000695288
-0.000554432,-1.23809e-05,0.0002534069
0.0004677836,0.0001409272,-0.0002873481
0.0003475588,0.0003571465,0.0005109674
-0.0003951495,0.0007657643,0.0001978666
0.0006227942,-5.02498e-05,1.41564e-05
5.27946e-05,-0.0001730184,0.0002216696
-0.0003286292,0.0003253854,0.0002094629
0.000644154,0.0004072312,6.23727e-05
-6.55994e-05,0.0005758089,0.0004456618
0.0001779016,0.0002056708,0.0002161766
0.0005214881,2.5488e-05,9.2279e-05
-9.79441e-05,-0.0001840126,0.0005201224
-1.49463e-05,0.000260031,-0.0003813394
0.0004891433,0.0006106239,0.0003571635
-9.4538e-06,0.0005361077,0.000739232
0.0001779016,-0.0004209987,-0.0001304926
0.0002840899,-0.0004466518,-0.0004191801
-6.2548e-05,0.0004102851,0.0008387162
0.0002352677,0.0007975253,0.0002149559
0.0006105887,0.0001531429,0.0001484296
-0.0001681261,3.7093e-05,0.000127068
0.0001315204,0.0002728576,-7.00696e-05
0.0002456424,0.0003669191,0.000132561
2.83835e-05,0.0002478152,0.0003882905
0.0003750214,0.0001977305,-0.0001170652
0.0002017024,0.0004011233,0.0002625619
-0.0001217449,-8.14e-05,0.0005658974
0.0005349142,-0.0002402052,-0.0001372062
0.0001003963,0.0002606418,0.0002607309
-1.98285e-05,0.0007077394,0.0004444411
0.0004018736,0.0001647479,9.83823e-05
0.000176681,-0.0004344361,0.0001411056
-1.61668e-05,-0.0001968391,2.51424e-05
0.0002572377,0.0008292864,5.87107e-05
0.000128469,0.0008867005,0.0006904053
0.0002499144,-1.11593e-05,-5.54216e-05
0.0002438116,-0.0004038966,-7.31213e-05
-0.0002016914,0.0002667497,0.0002570689
0.0004452033,0.0005758089,0.0006025174
0.0002370985,5.90814e-05,-5.05389e-05
1.67882e-05,0.0003009539,3.42974e-05
0.0003884475,4.50333e-05,0.0005555217
2.10601e-05,-2.45967e-05,9.9603e-05
0.0002627302,7.1908e-05,-4.80976e-05
0.0003725802,0.0005141192,0.0002723272
7.3544e-05,0.0007004099,0.0004761784
0.0002395396,0.0002203297,-0.0001072999
0.0004580192,-0.0005052876,0.0005591837
-0.0002657705,5.54167e-05,-0.0003624191
0.0005013489,0.0007181228,0.0005085261
0.0002737152,0.0006405526,0.000655006
0.0002676124,0.0001354301,-0.0001475819
0.0001199252,-1.3867e-06,-0.0002537798
8.33085e-05,0.0003766917,0.0006342547
0.0003243683,0.0002698036,4.71143e-05
0.0002181799,7.55727e-05,0.0002058009
2.83835e-05,0.0002313239,0.0004554271
0.0002200107,4.0147e-05,-0.0001518542
4.66918e-05,0.0001506998,0.0004871644
0.0002267238,0.0002624742,0.0003431259
0.0001681371,0.0002142218,-0.0002067842
-6.9261e-05,0.0002410966,0.0004114831
0.0002273341,0.0003870751,0.0001221853
0.0002047538,-0.0001058316,-4.916e-07
-8.94002e-05,0.000236821,0.0002857546
0.0005318628,0.0003485954,0.0005488081
0.0001724091,0.0001635264,7.09173e-05
-0.0001467663,-4.9639e-05,0.0002814822
0.0006850426,0.0001580293,0.0004188071
7.65954e-05,0.0002270484,-4.26046e-05
-0.0001083188,0.0004554835,6.6645e-05
0.0006795501,0.0005183948,0.0004023282
6.56104e-05,0.0001262682,-6.51869e-05
-0.0002785864,-4.1088e-05,4.89453e-05
0.0007393573,0.0001726882,0.0005237844
-9.36721e-05,0.0002710252,7.82413e-05
-0.0001846036,0.000381578,-5.29803e-05
0.0008492074,-6.18548e-05,0.000636696
-0.0001296786,1.14399e-05,1.9497e-06
-0.0002084044,0.0002013953,0.0001734533
0.0006673445,0.000193455,0.0001331713
-0.000113201,0.0003052294,0.0003254262
-8.69591e-05,0.0007730938,-0.0001134032
0.0009023015,0.000126879,0.0007795139
-0.0004586184,-7.10166e-05,7.9462e-05
0.0001058888,0.0002740792,-0.0003264094
0.0007515629,0.0003204991,0.0008478712
-0.0004488539,0.0004457109,0.0004871644
0.0003615952,0.0001995629,-0.0004680067
0.0004653425,-0.0002328757,0.0005378221
-0.0005245284,3.83146e-05,0.0006232687
0.000688094,0.0002197189,-0.00051073
0.0002456424,4.25901e-05,0.0008686226
-0.0004439717,0.0003669191,-4.13839e-05
0.0009126763,0.0004457109,-0.0001646712
0.0001888866,0.0003473739,0.0007496076
-0.0003005564,0.0001842932,0.000119744
0.0010817233,0.0002288808,-0.0002739208
-7.47535e-05,0.0003492062,0.0008234579
-0.000194368,0.0002313239,-0.0001201169
0.0009273229,0.0002954568,-0.0002257045
5.1574e-05,0.0001085554,0.0013813023
-0.0003091003,0.0001287114,-0.0005882423
0.0009108454,-0.0001437005,0.0002308246
-0.0002981153,0.000315002,0.0007453353
-1.79977e-05,0.0001653587,-0.0001463612
0.000786959,0.000150089,-4.56563e-05
-0.0002956742,0.0003773025,0.0010920044
0.0001180943,0.0002911813,-0.0003734051
0.0007253209,-0.0001314847,0.0004029385
-0.0003133722,0.0002936244,0.000636696
0.0001278588,0.0004683101,-0.000464955
0.0004421519,0.0003027863,0.0005488081
-7.41433e-05,0.0001042798,0.0006379167
0.0003927194,-0.0002371512,-0.0002977238
7.72057e-05,0.0005770305,6.8324e-06
3.93685e-05,0.0004933524,0.0010279195
0.0003097216,0.0003827996,-0.0008915778
0.0002700535,7.74051e-05,0.0004719061
-9.48927e-05,0.0001958982,0.000649513
0.0003420663,0.0001739098,-0.000457631
0.0002889722,-0.0001168258,0.0005262258
3.50965e-05,0.0002294916,0.0005243948
0.0003762419,0.0004127283,-0.0004167387
0.0002572377,0.0003467631,0.0009052425
0.0001846146,-0.0001687429,0.000702612
0.0004098072,-4.23095e-05,-0.0008561785
-0.0001028263,0.0007266738,0.0008918152
0.000220621,0.0008567719,0.000601907
0.0004238436,8.3513e-05,-0.0007328912
2.59423e-05,-0.0001577487,0.0006507337
-2.28799e-05,0.0002001737,0.0003034542
0.0002657816,0.0004499864,-6.45766e-05
9.24626e-05,0.0001653587,0.0007459456
0.0002981263,-6.73519e-05,0.0001673499
-2.34902e-05,0.0002636958,-0.0004936407
0.0001119915,0.0003204991,0.0010083888
0.0002914133,0.0001366516,-7.55626e-05
1.61779e-05,0.0001757421,-0.0003697431
4.91329e-05,0.0004805259,0.0007874483
0.0001644754,0.0001354301,4.8335e-05
0.0001205354,8.04591e-05,-0.0002763621
0.0003353533,8.77885e-05,0.0007233633
0.0001943791,0.000552599,0.0001081476
0.000202923,0.0004957956,0.0001649086
0.000389668,-5.63577e-05,0.0006818607
8.94113e-05,-0.0002909007,0.0001221853
0.0002267238,0.0004316627,-0.0003862221
0.0004329978,0.0008103519,0.0010718635
3.81479e-05,0.0005342753,0.0001557536
0.0004934153,-1.72672e-05,-0.0001842019
0.0002682227,-0.000425885,0.0005915314
-0.0001571411,0.0003015647,8.80067e-05
0.0004647322,0.0005507666,-9.26519e-05
0.0001888866,0.0002575879,0.0008832706
0.0001791221,-2.21535e-05,-9.81449e-05
0.0002608994,8.9967e-06,-0.0003142028
3.93685e-05,0.0001555861,0.0010309711
0.0002401499,0.0002771331,-0.0003117615
0.0003597644,0.0002807978,-1.45293e-05
-4.48499e-05,0.0007126257,0.0006263204
9.61243e-05,0.0004426569,-0.0001414785
0.0003561027,-0.0001192689,0.000156364
0.0001162635,-0.0003324343,0.0005909211
9.42935e-05,0.0004622022,-0.0002775828
0.0002804283,0.0007456083,0.0006543957
0.0002279444,8.83993e-05,0.0006391374
0.0002175696,-0.0002646367,-0.000622421
0.000382955,0.0003773025,0.0003266469
-8.20769e-05,0.0007474406,0.0008509229
0.0001638652,0.0003950154,-0.0004417624
0.0006002139,-0.0004387116,0.0004249105
-0.0002358669,2.2781e-06,0.0003107782
0.0002242827,0.000552599,6.78657e-05
0.0006173017,0.0002331563,0.0006800297
-3.6306e-05,-0.0002322649,0.0004377275
0.0002346574,0.0003461523,-0.0007255672
0.0002889722,0.0006979667,0.0007807346
-0.0001919269,0.0004750288,0.0005463667
0.0006258456,6.5536e-06,-0.0008061312
0.0001669166,7.7752e-06,0.000620217
-0.0003701281,0.0007865311,0.0004926574
0.0007930618,0.0002911813,-4.01633e-05
3.9723e-06,-0.0005486536,0.0005182914
-7.29227e-05,-0.0001724076,0.0002625619
0.0006173017,0.0006759783,-0.0003355644
-0.0003267983,0.0003956262,0.001367875
6.80515e-05,0.000184904,-0.0006437826
0.0009029118,-0.0001840126,-0.0002336388
-0.0007332435,0.0005923002,0.0007239736
0.0004592397,0.0003840212,0.0001624673
0.0006429334,-0.0002005039,-0.0004045321
-0.000543447,0.0002026169,0.0008930359
0.0006472053,0.0005855816,-1.2088e-05
0.0004073661,0.0002459829,0.0002924682
-0.0004702137,9.2064e-05,0.0005732214
0.0008504279,-0.000116215,-0.0003776774
7.65954e-05,0.0002319347,0.0004487135
-0.0003975906,0.0008463885,0.0002949095
0.0008370018,0.0003950154,-1.3919e-05
5.03535e-05,1.6673e-06,0.0003260365
-6.19377e-05,-1.60456e-05,0.0001392746
0.0006209634,0.0002056708,-4.26046e-05
-0.000113201,0.0001018367,0.0010486708
0.0001821735,0.0003577573,-0.0003898841
0.0005996037,-3.19261e-05,0.0002210593
-0.00017667,0.0005226703,0.0006360857
0.000224893,0.0001904011,-0.0001402579
0.0003658672,0.0001085554,-2.06326e-05
5.8032e-06,0.0002013953,0.0005829867
0.0001168738,0.0007162904,-0.0002238735
0.0004110278,0.0003656975,0.0006800297
-7.47535e-05,-0.0001168258,0.0004450515
0.0004079764,-0.0003018949,-0.0001689435
0.0002822591,0.0003620328,0.0003583842
-0.0001278477,0.0007486622,0.0005988554
0.0003341327,0.0003656975,-0.0001652815
0.0004659528,-0.0002011147,0.0001148613
-0.0004592287,0.0003321041,-0.0001207272
0.0002383191,0.0005684795,7.45793e-05
0.0003603747,0.0003406552,0.0004328448
4.60815e-05,-0.0002139412,3.61284e-05
5.88974e-05,0.0001116093,-0.0002257045
0.0004342183,0.0001800177,0.001278156
-7.96358e-05,-0.0002047794,-0.0001512439
0.0003365738,-9.6059e-05,-0.0001311029
0.0004104175,0.0006344447,0.0010840701
5.03535e-05,0.0005165624,0.0001771153
0.0001211457,0.0003308825,-0.000538195
0.0004464239,0.000196509,0.0007752416
0.0001028374,0.0006936912,-6.03043e-05
0.0001541007,0.0006228397,-0.0001561265
0.0003603747,8.29022e-05,0.0009430832
0.000231606,-0.0003141106,-0.0002373008
5.8032e-06,0.0001458135,-0.0001091309
0.000231606,0.0002581987,0.0012329914
0.0002657816,-2.76506e-05,-0.0001787089
8.57496e-05,-6.30764e-05,-0.0002000705
8.94113e-05,0.0002459829,0.0007325183
0.0002792077,0.000138484,-5.35906e-05
7.53749e-05,0.0002313239,-0.0001982395
9.73449e-05,0.0005153408,0.0003925628
0.0002920235,0.0007126257,-0.0001225582
0.000110771,0.000318056,0.0002332659
0.0001998716,0.0001012259,0.0003889008
8.51393e-05,0.000150089,-0.0005351433
-3.69163e-05,0.0007346141,0.0002094629
0.0004543575,0.000239875,0.0010028958
0.0001833941,-0.0003397638,-0.0004680067
-4.97321e-05,-0.0002872359,0.00013073
0.000253576,0.0002233837,0.0007294666
0.0002041435,0.0005923002,-0.0001555162
0.0001473877,0.0002343779,0.0002503552
0.0003420663,0.0001745206,0.0005671181
0.0001449465,0.0002765223,-0.0001903052
-1.98285e-05,4.457e-07,0.000136223
0.0005153853,0.0001476458,0.0007551006
5.82871e-05,0.0006295584,-0.0004844857
0.0001748502,0.0005880247,0.000655006
0.0003005674,-0.00012782,0.0005280568
0.0002065846,-0.0001137718,-0.0004991337
-1.79977e-05,0.0001433703,0.0003559428
0.000176681,0.00084761,0.0003431259
0.0003561027,0.0005171732,1.47667e-05
7.90365e-05,6.27462e-05,-7.37316e-05
5.03535e-05,-0.000440544,0.000638527
7.11029e-05,0.0003376012,-0.000494251
0.0003872269,0.0003241639,0.0009638345
-0.0001119805,0.0002777439,0.0001948149
0.0003841755,0.0001274898,-0.0001054689
0.0001711885,1.57154e-05,0.0002991819
-0.0001150319,0.0001983413,0.0003535015
0.0004757172,0.0003870751,6.2983e-05
0.0002883619,0.0006967452,-9.57036e-05
-0.0002499033,0.0005990189,0.0005640664
0.0003768522,0.0005403832,-0.0003703534
0.0003811241,-0.0004478734,0.0006708747
-0.0004934042,1.57154e-05,-0.0003221371
0.0006844323,0.0006320015,0.0001594156
0.0002608994,0.0005544313,0.0008356646
-0.000209625,-0.0001614134,0.0002662239
0.0006246251,-0.0003086135,-0.0006761303
2.04498e-05,0.0001958982,0.0008258993
-0.0001839933,0.0005947434,0.0002588999
0.0008986399,0.0002435397,-0.0003184751
-0.0001400533,-4.47527e-05,0.0009345385
-5.70555e-05,0.000326607,-0.0003685224
0.0007314237,0.0001470351,0.0002058009
-8.39077e-05,0.0001891795,0.0008802189
0.0001260279,0.0002044492,-0.0001860329
0.0008138112,0.0005666471,7.0307e-05
-0.0003725692,0.0005116761,0.0009076839
0.0002273341,0.000184904,-0.0005168333
0.0008479868,5.332e-06,0.0001624673
-0.0005629759,0.0003736378,0.000737401
0.0003396252,0.0005935218,-0.0004893684
0.000573972,-7.40706e-05,0.0004102625
-0.0006417018,6.21354e-05,0.0002827029
0.0005208778,0.000248426,-0.0003233578
0.0003664775,0.0002239945,0.0004786198
-0.0005172051,0.0001244359,0.0004908264
0.0008223551,-0.0002371512,-0.0004881477
0.0001260279,-6.06332e-05,0.0006189964
-0.0004482437,0.0006839186,0.0004011075
0.0010286291,0.0005678687,-0.0001591782
-1.55566e-05,0.0002355995,0.0003974455
-0.0002499033,1.38831e-05,0.0001826083
0.0007179976,0.0004957956,-0.0003660811
-4.85116e-05,0.0003748594,0.0009601725
-0.0001510383,0.000318056,-0.0001683332
0.000874839,0.0002233837,-0.0001652815
-0.0001412738,0.0001482566,0.0009522382
-2.04388e-05,1.08291e-05,0.0002204489
0.0007350854,-0.0001192689,-0.0003532641
-0.0001113702,0.0001097769,0.00071726
-0.0001351711,0.0006326123,-6.21353e-05
0.000923051,0.0005232811,0.0001539226
-0.0001547,-0.0001186582,0.00066233
-3.99677e-05,1.6673e-06,-0.000604111
0.0008443251,0.0004970172,0.0003473982
-0.0002669911,0.0006546007,0.0009607828
0.0002493041,0.0002924028,-0.000481434
0.0006093681,8.3513e-05,1.41564e-05
-0.0004512951,0.000439603,0.0006995603
0.0003304711,0.0003589788,-0.0001231686
0.0004793789,0.0001928442,7.0307e-05
-0.0004110167,0.0002478152,0.0004841128
0.0002993469,0.0003852428,-0.0004966924
0.0005648178,-8.1053e-06,0.0009052425
-0.0003493786,-0.0001430897,0.0002119043
0.0004183511,-9.85021e-05,-0.0003801188
0.000220621,0.0005916895,0.000676978
-0.0001046572,0.0004567051,0.0005744421
0.0004433725,-0.000139425,-0.0003770671
0.0002242827,0.0001555861,0.000156364
-7.84152e-05,0.0005642039,0.0005951934
0.0005202675,0.0006252828,-0.0003264094
0.000139454,0.0001946766,0.0002814822
-7.71946e-05,0.0002093355,0.0002015286
0.0004659528,0.0001207711,3.30767e-05
0.0003359636,-7.95677e-05,0.0004401688
-0.0002578369,7.00756e-05,-9.0363e-06
0.0004549678,0.0005904679,-4.916e-07
0.0002547966,0.0004188362,0.0007660866
-3.351e-06,-3.68124e-05,2.6363e-05
0.0003615952,-0.0001809586,-0.0002916205
4.66918e-05,0.000338212,0.0005384324
-2.59313e-05,0.0006350555,0.0001331713
0.0005153853,0.0002380426,0.0001502606
8.57496e-05,5.72491e-05,0.0002668342
-0.0001925372,5.23628e-05,-0.0001256099
0.0004513061,0.0003443199,0.0003242055
0.0002914133,0.0002453721,0.0006617197
-7.04816e-05,0.000303397,-0.0003386161
0.0002700535,0.0002978999,0.0003724218
0.0001101607,0.0001873471,0.0003150505
-4.0578e-05,-0.0002304325,8.73963e-05
0.0004732761,0.0001873471,0.0002674446
-2.7407e-06,0.0004854122,0.0004999814
6.2559e-05,0.000647882,-0.0002000705
0.0004952461,-0.0001131611,0.0006580577
-0.000106488,-4.53635e-05,-0.0001219479
0.0001492185,0.0002636958,-3.58909e-05
9.24626e-05,0.000439603,0.0002491346
0.0001589829,0.0005623716,0.0002210593
0.0004671733,7.7752e-06,-3.89426e-05
-6.62096e-05,-6.91842e-05,0.0003943938
0.0002761563,0.0002044492,0.0001679603
0.000444593,0.0001910119,8.80067e-05
-4.30191e-05,0.0002197189,0.0007514386
0.000617912,0.0005110653,1.3546e-05
7.7816e-05,0.0003070618,0.0002997922
-3.44752e-05,0.0003687515,0.0004261311
0.0006142503,0.0002239945,-0.0001622299
-0.0001492074,0.0004225009,0.00014904
0.0001711885,0.0004487648,0.0006373064
0.0005501711,0.0001787961,-0.0004008701
-0.0004201709,0.0001207711,0.0002631722
0.0003292505,8.9967e-06,0.0005591837
0.0005465095,9.69504e-05,-0.0002690381
-0.0003554814,0.0001873471,0.000611062
0.0003268094,0.0002606418,0.0002259419
0.0004915845,-0.0002218815,-5.05389e-05
-0.0004476334,0.0003424875,0.0001612466
0.0006209634,0.0004835798,0.0006391374
0.0003573233,0.0002887381,-0.0001170652
-0.0004055242,0.0003394336,-2.49049e-05
0.0006252353,0.0003681407,0.0003229849
0.0004012633,0.0003895183,0.0004059902
-0.0002279333,0.0002960676,-5.78629e-05
0.0006893145,2.12125e-05,0.0002833132
6.13385e-05,0.0002490368,0.0002698859
5.09637e-05,0.0003589788,2.4532e-05
0.0004305567,4.56441e-05,0.0003602152
7.634e-06,-3.219e-06,0.0004481031
0.0002962955,-4.47527e-05,-0.0001420889
0.0003658672,5.90814e-05,0.0003217642
-4.97321e-05,0.0005660363,0.0003773045
0.0005617664,0.0004640345,4.52833e-05
0.0001150429,0.0001653587,0.0001728429
-7.53638e-05,0.000494574,0.0001020443
0.0004372697,0.0003229423,5.6117e-06
-0.0001217449,0.000126879,0.0004304035
0.0001309102,0.0005684795,-0.0001329339
0.0004830406,0.0001561969,0.0004291828
-0.0002151175,1.99909e-05,0.0004975401
0.0003213169,-0.0001437005,-0.0001567369
0.000264561,-0.0002053902,0.0004578685
-0.0001791111,0.0003595896,0.0005024228
0.0005056208,0.0005617608,-0.0002781931
7.65954e-05,0.0003889075,0.0003425155
-7.04816e-05,0.0004353275,0.0001502606
0.000683822,0.0002417074,-0.0002818551
-0.00026455,3.34283e-05,0.0004004972
0.0001095504,0.0004762503,6.6645e-05
0.0007405779,7.4962e-05,0.0003052852
-0.0002669911,0.0001598616,0.0004474928
0.0003872269,0.0001048906,0.0002332659
0.0005220984,-8.68971e-05,-3.65013e-05
-0.0004152887,0.0003711946,0.0003065059
0.0005214881,0.0006875833,3.918e-05
0.0004104175,4.99196e-05,0.0003010129
-0.0002547855,0.0001555861,7.58e-05
0.0004891433,0.0003455415,-5.60319e-05
0.0004763275,0.0002502584,0.000766697
-0.0001339505,0.0003021755,1.3394e-06
0.0004775481,0.0003131697,0.0001905426
0.000121756,0.0002801871,0.0004859438
-0.0001199141,0.0001696343,-5.9846e-06
0.0004891433,-7.10166e-05,4.8335e-05
2.16704e-05,0.0003424875,0.0003650978
-8.63488e-05,0.0004695317,-0.0001054689
0.0003487794,0.0002655281,0.0001661293
0.0002914133,-3.62016e-05,0.0004761784
-0.0001791111,9.57288e-05,-0.0001640609
0.0004592397,0.0001128309,0.0006116724
1.43471e-05,0.0002264376,0.0002601206
0.0001632549,5.23628e-05,2.14804e-05
0.0003316916,0.0003510386,-8.71589e-05
0.0002108566,0.000726063,0.0005030331
4.85226e-05,0.0005324429,-0.0002141082
0.0003213169,0.0001592508,7.64103e-05
0.0001705782,0.0001158848,0.0003956145
-8.87899e-05,0.0001568077,-0.0002470662
0.0003994325,0.0002044492,0.0004761784
0.0002157388,0.00022827,0.0004291828
0.0001717988,0.0002013953,-8.96002e-05
0.0004030941,2.06017e-05,0.0004554271
0.0001931585,-6.36871e-05,0.0006336444
0.0001156532,0.0001671911,-0.0006504963
0.0002932441,0.0005788629,0.0005634561
8.8801e-05,0.0007266738,0.0003742528
0.00048182,0.0001787961,-0.0001909155
8.75804e-05,-6.55195e-05,0.0004163658
-1.00641e-05,2.67096e-05,0.0003480085
0.0003902783,0.0002691929,-4.68769e-05
0.0001156532,0.0005385508,0.0005646767
0.0001412849,0.0002899597,0.0004127038
0.0003585438,0.0001897903,-0.0004393211
9.24626e-05,-0.0004704726,0.0007526593
-1.5202e-06,5.60275e-05,-0.0002488972
0.0002932441,0.0006503252,-0.0001274409
-0.0001461561,0.0008781495,0.0002784306
0.0002547966,0.0002911813,0.0002308246
0.000514775,-0.0003562551,-0.0002318078
-0.0002041325,-0.0001241553,0.0003657082
2.35012e-05,0.0006839186,9.89927e-05
0.0006624623,0.0004542619,0.0003498395
2.59423e-05,-7.16274e-05,0.0004261311
0.0001266382,1.93802e-05,-0.0003770671
0.0006349998,0.0001164956,0.0007581523
-7.623e-06,0.0001971198,0.0004804508
0.0004329978,0.0001830716,-6.57973e-05
0.0004751069,0.0007046854,0.0002454726
-9.099e-07,0.0005391616,0.0007807346
0.0002792077,0.0001910119,-0.0005449087
0.0005599356,3.95362e-05,0.0002216696
-0.0001296786,0.0005923002,0.0004499341
0.0003615952,0.000792639,-0.0001353752
0.0002920235,6.21354e-05,0.0003229849
-0.000117473,-0.0002634151,0.0001026547
0.0004281155,-3.07045e-05,-0.0003856117
0.0001223663,0.0004029556,0.0007367906
-2.22696e-05,0.0002221621,0.0004767888
0.0005495609,-0.0002041686,-0.0005192747
-0.0001119805,-0.0001418681,0.000682471
4.91329e-05,0.0005299998,8.1293e-05
0.0006404923,0.0001537537,3.24664e-05
-9.97749e-05,0.0006032944,0.0003876802
0.0002895824,0.0005861923,0.0001099786
0.0003670877,0.0004041772,-0.0002696485
-0.0001406636,0.0001549753,0.0009034115
0.0004073661,0.0003449307,-0.0004881477
0.0003835652,0.0001329869,0.0004609201
-0.0001357813,0.0004151714,0.0005677284
0.0006105887,8.9967e-06,6.96967e-05
3.02143e-05,-0.0001229337,3.97904e-05
-2.59313e-05,-7.46813e-05,0.0006995603
0.0003799036,0.0004609806,-0.000523547
0.0002804283,-7.22382e-05,0.0006818607
-7.84152e-05,8.77885e-05,7.51897e-05
0.0007344751,8.96209e-05,-6.64076e-05
-1.12846e-05,0.0004530403,0.0003150505
2.65526e-05,0.0005440479,0.0003181022
0.0005910598,0.0004957956,-5.72526e-05
0.0001272485,0.000184904,0.0004139245
-0.0002230511,0.0001452027,6.60347e-05
0.0007832973,0.0004347167,-7.06799e-05
-0.0002187791,0.0005348861,0.0005433151
5.27946e-05,0.0005202271,-0.0001402579
0.0006526978,-0.000217606,0.0004230795
-0.0001327299,-0.0001797371,0.0002308246
-9.97749e-05,-0.0002212707,4.4673e-05
0.0005141647,0.0004206685,7.3969e-05
2.65526e-05,0.0003602004,0.0010022855
0.0002505246,0.0001427595,-0.0003654708
0.0003323019,1.08291e-05,4.71143e-05
-0.0001553102,0.0003168344,0.0005292774
0.0004946358,0.0002960676,-4.56563e-05
0.0002840899,0.0004457109,5.07763e-05
-9.099e-07,0.0009587736,0.0003925628
0.0003377944,0.0004023449,-0.0002269252
0.0001840043,6.5536e-06,0.0001765049
0.0002224519,-0.0002646367,0.0007203116
0.0002438116,0.0002490368,-0.000580308
-2.83724e-05,0.0004328843,0.0008033169
0.0004464239,0.0002881273,0.0003351915
0.0003701391,-0.0004845208,-4.38253e-05
3.57068e-05,0.0002044492,0.0001313403
0.0001968202,0.0006002405,0.0004706854
0.0003133833,0.000369973,6.78657e-05
0.0001180943,-2.03211e-05,0.0002393692
0.00043788,0.0001751314,0.000117913
-6.01069e-05,0.0006234505,2.6363e-05
0.0004946358,0.0004872445,0.0006379167
0.0004146894,2.8542e-05,1.29357e-05
-4.36294e-05,0.0001653587,6.4814e-05
0.0001638652,0.0004328843,0.0003510602
0.0002132977,7.80159e-05,0.0002125146
0.0001119915,0.0002612526,-0.0004509174
0.0004104175,0.0001714666,0.0007288563
2.53321e-05,0.0004322735,0.0001130303
-1.12846e-05,0.000208114,-0.0001927465
0.0003170449,-0.0002768525,0.000774021
0.0003109422,-3.68124e-05,0.0002131249
0.0001980407,0.0004420461,-0.0002690381
5.5846e-05,0.0006069592,0.0010608775
0.0005941112,0.0003259962,8.55653e-05
0.0002541863,-0.0001302631,-0.0004936407
-0.0002877406,0.0004793043,0.0006867433
0.0007680404,0.0010027504,0.0001502606
0.0002670021,0.0002954568,3.42974e-05
-0.0002358669,7.1644e-06,0.0004535961
0.0008223551,0.0001256574,-0.0003801188
-0.0001803316,0.0002594202,0.0006159447
-0.0001748391,0.000315002,0.0002936889
0.0009401388,-0.0003690816,-0.0001616195
-0.0004415306,6.21354e-05,0.0001557536
0.0001486082,0.0004341059,0.0005817661
0.0006887042,0.0003308825,-0.0003215268
-0.0004207812,-0.0001998931,0.000633034
0.0004311669,0.0002856842,-0.0002769725
0.0005068414,0.0003711946,0.0004163658
-0.0006325476,0.0005648147,0.0003449569
0.0008473765,5.66383e-05,3.7349e-05
0.0002230621,9.45072e-05,1.3394e-06
-0.0005989823,0.0005715334,0.0004529858
0.0007997748,0.0003131697,8.6786e-05
0.0002163491,-0.0003690816,0.0002942992
-0.0004189503,0.0001757421,-0.0002196012
0.0007668198,0.0006326123,8.8617e-05
-3.75266e-05,0.0005183948,0.0008960876
6.92721e-05,-5.51361e-05,-7.67833e-05
0.0004549678,-0.0004307713,-0.0002366905
-5.1818e-06,0.0002661389,0.0007367906
5.70665e-05,0.0006350555,0.0001935943
0.0006478156,0.0001836824,9.9603e-05
4.0589e-05,3.22067e-05,0.0004383378
0.0002456424,0.0003821888,-8.04452e-05
0.0003853961,0.0005464911,0.0001911529
4.11993e-05,0.0004432677,0.0004194175
0.0001955996,0.0003388228,-0.0004326074
0.0005452889,0.0003748594,0.0003528912
-4.42396e-05,0.0003241639,0.0005604044
0.0002859208,-0.0001968391,-0.0002128875
0.0003664775,3.89254e-05,-7.73936e-05
-0.000128458,0.0004774719,0.0008313923
0.0002383191,0.0003131697,5.6117e-06
0.0004043147,-0.0001650781,0.0001246266
-0.0003890467,-0.0002487562,0.0002827029
0.0003005674,0.0002105571,9.2737e-06
0.0004549678,0.0007871419,0.0001972563
-0.0001913166,0.0006997991,0.0005121881
0.0002914133,0.0002685821,-0.0001646712
0.0004702247,8.96209e-05,0.0001173026
-0.0001083188,-4.29203e-05,0.0008027066
0.000246863,0.0005299998,-0.0003898841
0.0006472053,0.0003785241,0.0006342547
-0.0002676014,0.0001458135,0.0004255208
0.0006801604,-0.0001919528,-0.0001304926
0.0003799036,9.63396e-05,0.0001392746
-0.0003920981,0.0002447613,0.0007270253
0.0006996893,0.000873874,-0.0005687116
0.000356713,0.0005416048,0.0003858492
-0.0004360381,0.0002288808,0.000627541
0.0009444107,-4.41419e-05,-0.0007017642
-0.0001565308,-8.01784e-05,0.0003712012
-0.000345717,0.0005984081,0.0003339709
0.0010805027,0.0004267764,6.4814e-05
-0.000205353,1.75478e-05,0.0003144402
-0.00028652,-0.000452149,0.0002296039
0.0008608026,0.0001445919,-0.0004167387
-0.0001748391,0.0004609806,0.0010755255
-0.0001327299,0.0004689209,-0.0001115722
0.0008687363,0.0001653587,-5.90836e-05
-0.0001992502,0.0001690235,0.000730077
-0.0001119805,0.0002136111,-0.0001042482
0.0007460704,0.0004029556,-9.26519e-05
-0.0001925372,0.0006973559,0.0006409684
-8.8435e-06,0.000529389,-6.27456e-05
0.0006752781,-0.0002902899,1.3546e-05
-0.0003097106,-0.0002878467,0.0003650978
4.30301e-05,0.0002679713,-0.0003911047
0.0005513917,0.0006051268,0.0005811557
8.63599e-05,0.0002875165,0.0007508283
4.73021e-05,-0.0003489256,-0.0007194639
0.0004744967,-0.0001583594,0.0003632668
-0.0001870447,0.0004799151,0.0007477766
0.0006264559,0.0005574853,-0.0002897895
0.0001620343,0.0002972892,-4.1536e-06
6.43899e-05,0.0004127283,0.0007984343
0.0004653425,0.0001629156,-0.0005027957
0.000242591,-2.45967e-05,0.0005317187
-7.59741e-05,0.0005623716,0.0002973509
0.0007491218,0.0008134059,-0.0002922308
-0.0002932331,0.0003186668,0.0007233633
0.0002370985,-0.0002249354,0.0001984769
0.0005709206,-0.0005101739,-0.0005497913
-0.0005837254,0.0005422155,0.0006098414
0.0004952461,0.0007871419,0.0004810611
0.00054773,-0.0001992823,-0.0001506335
-0.0007204277,-0.0003006733,0.0003351915
0.0006594109,-2.45967e-05,8.4955e-05
0.0001229765,0.0002294916,7.4427e-06
-0.0003054386,0.0006833078,0.0005579631
0.0009755349,0.00051473,1.5377e-05
-0.0001742288,0.000315002,0.0001319506
-0.0002511239,0.0005049574,-9.6466e-06
0.001043886,-2.52074e-05,0.0003431259
-0.0002749247,0.0001476458,0.0002607309
0.0001907174,0.0002435397,0.0002143456
0.0006642931,0.000338212,0.0001063166
-0.0003591431,0.000193455,0.0006849123
0.0005434581,-0.0001265984,-9.44829e-05
0.000580685,-0.00015103,0.0003644875
-0.0005843357,0.0007321709,6.96967e-05
0.0006911454,0.0004548727,8.3124e-05
0.0002242827,-0.0001974499,0.0003296985
-0.0004012523,0.000338212,-0.0005168333
0.0007155565,0.0004231117,0.0002607309
-0.000150428,0.0003840212,0.00077219
6.6831e-05,-8.75079e-05,-0.0001390372
0.0006655137,-0.0003654169,-0.0001164549
-0.0004122373,0.0005880247,0.0008191856
0.0002816488,0.0009575521,-5.17596e-05
0.0007839076,-0.0001302631,0.0003339709
-0.0004342073,-0.000452149,0.0003260365
0.0002035332,0.0005318321,-0.0006285243
0.000213908,0.0006833078,0.0007288563
-0.0003573122,0.0003369904,0.0003797458
0.0009090146,-0.0002310433,-0.0005558947
-9.5503e-05,8.04591e-05,0.0003730322
-0.0004689931,0.0006851402,0.000719091
0.0010994213,-8.50648e-05,-0.0001359856
-8.87899e-05,-0.0004497058,0.0003467879
-0.0002871303,0.0007578241,-0.0001249996
0.0009395285,0.0005471019,0.0003797458
-0.0001961989,-0.0001314847,0.0008124719
0.0002059743,-0.000226157,-0.0006553789
0.000580685,0.0004115067,-5.05389e-05
-0.0002791967,0.0013509002,0.0012262777
0.0005623767,0.0001006151,-9.50932e-05
0.0004610706,-0.000785029,-0.0004307764
-0.0003646356,0.0004469325,0.0004896058
0.0005635973,0.0009215155,0.0005231741
0.000279818,0.0001543645,0.0002247213
-1.25052e-05,-0.0004008427,3.30767e-05
0.0002822591,0.0001372624,-0.0002025118
0.0001400643,0.0006985775,0.0008472609
5.09637e-05,0.0001506998,0.0003687598
0.0004464239,-0.0001009453,-0.000585801
6.56104e-05,0.0004383814,0.0004853334
-4.42396e-05,0.000769429,0.0005634561
0.0003585438,-0.0001430897,-0.0003062685
0.0001498288,-0.0001357602,9.5941e-05
0.0001162635,0.0004823582,0.000601907
0.000400653,0.0004738072,1.9497e-06
2.77732e-05,0.0001610832,0.0003419052
7.59851e-05,0.0001458135,-4.1536e-06
0.00050379,0.0001464243,6.90863e-05
-0.0001052674,0.0003168344,0.0004145348
0.0003530513,0.0002105571,0.000160026
0.0003603747,-5.57469e-05,-2.61256e-05
-0.0003121517,0.000271636,0.0003614358
0.0007314237,0.0003675299,0.0003589945
0.0003274197,0.0001030583,8.55653e-05
-0.000345717,0.0003003431,0.0003168815
0.0006276764,0.0002013953,-0.0002037325
0.0002541863,0.0001696343,0.0004389481
-0.0002016914,0.0005000711,0.0001850496
0.0006490362,0.0002319347,-5.23699e-05
-2.5321e-05,3.58715e-05,0.0004304035
9.42935e-05,2.48773e-05,0.0001606363
0.0006710062,0.0001525322,0.0001844393
-0.0003133722,0.00051473,0.0005738317
0.0001266382,0.0003791349,-6.39663e-05
0.0006777192,2.73204e-05,0.0001374436
-0.0002376978,0.0002441505,0.0005219534
7.65954e-05,0.0005159516,-0.0002916205
0.0004000428,0.0002233837,0.0003754735
-9.97749e-05,0.0001311545,0.0002704962
0.0003274197,4.56441e-05,0.0001063166
0.0001669166,9.81719e-05,0.0003638772
-0.0003756206,0.0002655281,-1.3919e-05
0.0005013489,0.0003394336,-7.12903e-05
0.0003170449,0.0003406552,0.0006135034
-0.0002749247,0.0002954568,-0.0002214322
0.0002383191,0.0001549753,-0.0004014804
0.0004079764,0.0001995629,0.0007715796
-9.42824e-05,0.0003137805,-0.0001951879
0.000345728,0.0003424875,-5.17596e-05
0.0001229765,0.0002130003,0.000676978
0.0001248074,-0.0001754615,0.0004224691
0.000275546,-0.0003141106,-0.0005369743
7.53749e-05,0.0002581987,0.0008594676
6.43899e-05,0.0009300666,0.0001502606
0.0004323875,0.000306451,0.0001685706
-3.93574e-05,-0.0002267678,0.0003748632
0.0001266382,-4.90282e-05,-0.0003343438
-3.08135e-05,0.0005153408,2.2701e-05
4.73021e-05,0.0007034638,0.0010126612
0.0005758028,8.77885e-05,-0.0002116668
-0.0001760597,9.69504e-05,-0.0004545794
-0.0003664664,0.0004707532,0.0007789036
0.0005251497,0.0002349887,-9.75346e-05
-7.17021e-05,-7.4946e-06,-0.0001848122
-0.0002505136,0.0002288808,0.0003138299
0.0003597644,0.0005556529,-0.0001817605
-0.0003658561,0.00025148,0.0001099786
3.20451e-05,-0.0001528623,0.0003376329
0.0003878372,-0.0001601918,-0.0001970189
-0.0006252243,0.0005782521,-8.10556e-05
3.69273e-05,0.0004634238,0.000671485
0.0003384047,-5.08606e-05,-0.0003441091
-0.0004934042,9.5118e-05,-6.33559e-05
-1.49463e-05,0.0006631518,0.0001465986
-3.14238e-05,0.0003650867,0.0003119989
-0.000356702,9.6075e-06,8.37343e-05
0.0004000428,-0.0005407134,0.0001514813
-0.000694796,0.0001751314,1.3394e-06
-0.0001485972,0.0008347835,0.0004853334
0.0003823447,-0.0001974499,0.0005012021
-0.0007210379,-0.0001974499,-0.0006175383
-0.0003841645,0.00053794,-8.10556e-05
0.0001443363,0.0005489342,0.0006464614
-0.0008119694,0.000239875,-0.0005388053
-0.0001125908,0.0001684127,-0.0005534533
-0.0003139825,0.0003858536,0.0005677284
-0.0005666376,0.0004835798,1.187e-07
-0.0002212203,2.8542e-05,-0.0004173491
-0.0003225264,-0.0003959564,0.0005909211
-0.0007094427,0.0004469325,-0.00052904
-0.0002322053,0.0006497144,0.0001496503
-0.0005141537,0.0002978999,0.0004871644
-0.0004140681,-0.0002322649,-0.0007939245
-0.0006587896,0.0005348861,-0.0006645339
-0.0005098817,0.0007627104,0.0011243521
-0.0004366484,0.0002038384,-0.0009495594
-0.000492794,-0.0001302631,-0.0006419516
-0.0006813699,0.0006142886,0.0003425155
-0.0005385648,0.0004469325,-0.0001329339
-0.0003975906,-5.57469e-05,-0.0002257045
-0.0006819801,-7.10166e-05,-9.38726e-05
-0.0007210379,0.0001403164,-0.0003386161
-0.0004311559,0.0002551447,0.0001716223
-0.0004854706,-1.72672e-05,7.9462e-05
-0.0008150207,1.08291e-05,-0.0006450033
-0.0005684684,0.0003834104,4.58937e-05
-0.00035243,0.000326607,0.0002332659
-0.000679539,-0.0003018949,-9.44829e-05
-0.0002852994,0.0002710252,-0.000593125
-0.0001669055,0.0006527684,0.0003284779
-0.000525749,0.0007120149,0.0003272572
0.0001370129,0.0001134417,-0.0001652815
-0.0006655026,-0.0001650781,-0.0003734051
-0.001272119,0.0006906373,-1.2088e-05
-0.0001467663,0.0007156796,0.000158195
-0.0004854706,-0.0003819082,0.0002412002
-0.0011189392,-0.000315943,-0.0007212949
-0.0001485972,0.0004591482,-0.0002000705
-0.0007137146,0.0002453721,0.0006171654
-0.000841873,0.0001745206,-0.0007585252
7.23235e-05,7.43512e-05,-4.764e-06
-0.0009913911,0.0003540925,0.0002235006
-0.0010029864,-2.21535e-05,-0.0002153288
-5.58349e-05,-0.0001437005,-0.0002855171
-0.0012190248,0.0004035664,0.0001722326
-0.0010048172,0.0012079756,-0.0006053316
-0.0001540897,0.0005715334,0.0002558482
-0.0010280078,-0.000162635,0.0002235006
-0.0008668944,-0.0005883549,-0.0004734997
-0.0007454491,0.0006619302,-0.0003184751
-0.0008882541,0.0010400086,0.0010547741
-0.0006624512,-0.0001351495,-0.0003294611
-0.0005660273,-0.000570642,-0.0009288081
-0.001441166,0.000373027,8.6634e-06
-0.0006734362,0.0006698704,0.0002936889
-0.0006038646,0.0001335977,-0.0009166015
-0.0011171084,0.0003376012,-0.0005699323
-0.0010542497,0.0003803565,6.1152e-05
-0.0006532971,0.0001714666,-0.0007536425
-0.0011293139,-0.0002963978,-0.0001286616
-0.0012556415,0.0003901291,-0.0005003544
-0.0005269695,0.000549545,-8.47176e-05
-0.001441166,0.0002191082,-0.0006517169
-0.0012483181,-0.0002017255,-0.0003862221
-0.0008003741,4.68657e-05,-0.0007835489
-0.0017438639,0.0005269458,-0.0004326074
-0.0010670656,0.000726063,-0.0001567369
-0.0006258346,-8.81187e-05,-0.0002574418
-0.0017755983,-0.0006359964,-0.0006486653
-0.0013532859,-0.0001430897,-0.0007615769
-0.0009657594,0.0005794737,9.28893e-05
-0.0015589496,0.0004909093,-0.0004319971
-0.0013429112,5.41951e-05,-0.0009605454
-0.0012275687,-1.23809e-05,-0.0004326074
-0.0017737675,-5.75793e-05,-0.000470448
-0.0010615731,0.0001995629,-0.0012870736
-0.0013966157,0.00096366,-0.000549181
-0.0015925149,0.0007297278,-0.0001237789
-0.0010762197,-0.0003489256,-0.0010020481
-0.0014857163,-0.0005107847,-0.0008812021
-0.0018415083,0.0007285062,-0.0007396049
-0.0010316694,0.0007120149,-0.0002189908
-0.0013697634,0.0002111679,-0.0007554735
-0.0017810908,0.0001989521,-0.0010514851
-0.0016315727,1.6937e-05,-0.0004039217
-0.0016614763,4.68657e-05,-0.0007121399
-0.0016474399,0.0005122869,-0.0009123291
-0.0015113479,0.0009123537,-0.0002702588
-0.0019159623,0.000549545,-0.0007896522
-0.0018091636,8.90101e-05,-0.0010227994
-0.0015351488,-0.0002658583,0.0001441573
-0.0019403734,6.39678e-05,-0.001146697
-0.0020990457,0.0007938606,-0.0011076357
-0.0016962622,0.0008836466,0.0001789463
-0.0018683606,-0.0003183862,-0.0007121399
-0.0021783818,-0.0002273786,-0.0016807384
-0.0017194527,0.0002533123,0.0004529858
-0.0020709729,0.0005892463,-0.0008958501
-0.0019568509,0.0002337671,-0.001174162
-0.0017701058,0.0003919614,0.0001136406
-0.0018805661,0.0001140525,-0.0006565996
-0.0023388849,0.0001653587,-0.0016483907
-0.001834185,0.0003553141,0.0005536907
-0.0020203198,0.000193455,-0.0007884315
-0.0022516152,0.0002508692,-0.0017521473
-0.0023846558,0.0007938606,-0.0001231686
-0.0019129109,0.0002789655,-0.0003331231
-0.0021564118,-0.0005346055,-0.0013847269
-0.0025268505,-9.42266e-05,-0.0007420462
-0.0023071505,0.0006142886,-0.000503406
-0.002378553,0.00053794,-0.0011949133
-0.0024200519,-6.79627e-05,-0.000475941
-0.0022619899,-0.0001333171,-0.001146697
-0.0025372253,5.332e-06,-0.0008909675
-0.0026788098,0.0005245027,-0.0008195585
-0.0022827393,0.0002899597,-0.0006608719
-0.0025268505,0.0002722468,-0.0011643967
-0.0024432424,0.0003907399,-0.0008470235
-0.0026989489,0.0003882967,-0.0006761303
-0.0026781995,-0.0001290416,-0.0007426566
-0.0023584138,-2.03211e-05,-0.001223599
-0.0026958975,0.0004548727,-0.0006431723
-0.0026965078,0.0006118455,-0.0004326074
-0.0021490885,-0.0002585288,-0.0010484334
-0.0028106298,-0.0003513688,-0.0007902625
-0.0026110689,0.0004841906,-0.0006895576
-0.0021045382,0.0007340033,-0.000514392
-0.002995544,0.0001482566,-0.0006981022
-0.0022998271,-7.34598e-05,-0.0010050997
-0.0023993024,0.0001140525,-0.0009324701
-0.0032933597,0.0007712614,-0.0006614823
-0.0019361014,0.0003986801,-0.0009275875
-0.0025353944,0.000506179,-0.0012211576
-0.0032634561,0.000659487,-0.0006852853
-0.0020758551,0.0001238251,-0.0010984807
-0.002999816,-0.0002200491,-0.0014225675
-0.0034550834,0.0006967452,-0.0009214841
-0.0020593776,0.0005202271,-0.0004411521
-0.0034270106,-8.7161e-06,-0.0014219572
-0.0032805439,-3.37585e-05,-0.001126556
-0.0025109833,-0.0003764111,-0.0005845803
-0.003849323,8.83993e-05,-0.0016398461
-0.0032036488,0.0009196831,-0.0012602189
-0.0025067114,0.0004371598,-0.0001774882
-0.0037962288,-0.0001821802,-0.0019285336
-0.0030803727,0.000572755,-0.001760692
-0.0027709617,0.0004689209,0.0004127038
-0.0036308434,-2.76506e-05,-0.0020640275
-0.002870437,0.0005318321,-0.0020152009
-0.0031957152,0.0008616582,0.0005500287
-0.003528927,-2.6082e-06,-0.0016599871
-0.0028978996,-0.000492461,-0.0023789593
-0.0038804471,0.000595965,-8.53279e-05
-0.0032921391,0.0006124563,-0.001148528
-0.0028899659,8.3513e-05,-0.0021860941
-0.0036015501,-0.0002933438,-6.70179e-05
-0.0032274497,0.0002478152,-0.001724072
-0.0031414005,0.0001787961,-0.0012437399
-0.0036985843,0.0003400444,-0.0002830758
-0.002826497,7.43512e-05,-0.0017118654
-0.0035521176,0.0004243333,-0.0016367944
-0.0039573422,0.0006851402,-0.0002440145
-0.0027270217,0.0002453721,-0.0014933661
-0.0038731238,-0.0003440393,-0.0016795177
-0.0038554257,0.0003559249,-0.0006877266
-0.0029943235,0.0008726524,-0.0013084352
-0.0040720744,0.0002331563,-0.0010008274
-0.0035679848,-0.0002066118,-0.0010282924
-0.0033549978,-5.69685e-05,-0.0015916298
-0.0045493118,0.0008683769,-0.0013371209
-0.0033147194,0.0005385508,-0.0007756145
-0.0031560472,0.0001164956,-0.001791819
-0.0043198473,0.0006405526,-0.0016685317
-0.0033885631,0.0007950822,-0.0007975865
-0.0035148906,0.0002160542,-0.0014469808
-0.0036271818,5.29736e-05,-0.0019486746
-0.0033556081,0.0006417741,-0.001126556
-0.0038114857,0.0009557197,-0.0009275875
-0.0034581348,0.0002001737,-0.0015934608
-0.0031993769,-0.0005498752,-0.001186979
-0.0040440016,0.0002899597,-0.0014884835
-0.0034752225,0.0009215155,-0.0013090456
-0.0033794089,0.0004622022,-0.0005497913
-0.0037699868,-0.0003867945,-0.001669142
-0.0033183811,-6.49087e-05,-0.001744213
-0.0040372886,0.0007737046,-0.0003691328
-0.0035875137,0.0005043466,-0.0010008274
-0.0033385203,3.03744e-05,-0.0019065616
-0.0040763464,0.0001806285,-0.00058397
-0.0038877705,0.0007657643,-0.0015928504
-0.0037474065,0.0004573159,-0.0012638809
-0.0039323208,4.68657e-05,-0.0007743939
-0.0032359936,-4.90282e-05,-0.0016416771
-0.0040720744,0.000714458,-0.0015489064
-0.0040330166,0.0006448281,-0.0002025118
-0.0030291093,-0.0006537093,-0.0014329432
-0.0042301364,-0.0003843514,-0.0020560932
-0.0042063356,0.0008781495,-0.0004643447
-0.0035667642,0.0007578241,-0.0009721418
-0.0041483592,-0.0006311101,-0.0015238828
-0.0039030274,-0.0003092243,-0.0015482961
-0.0037382524,0.0008415022,-0.0011161804
-0.0043290015,0.0012721084,-0.0014250088
-0.0034343339,0.0001891795,-0.0007988072
-0.0034111434,-0.000472305,-0.0015244931
-0.0045834874,0.0002191082,-0.001828439
-0.0038377277,0.0008995271,-0.0008769298
-0.0035307578,0.000184904,-0.0009288081
-0.0038285735,-0.0003672493,-0.0020737928
-0.0040409503,0.000529389,-0.0014115815
-0.0040812286,0.0006930804,-0.000494251
-0.0039036377,-0.0002243247,-0.0020969855
-0.0037803615,-0.0003318235,-0.0016178741
-0.0039860252,0.0008463885,-0.0009288081
-0.004264312,0.0010442841,-0.0015330378
-0.0038078241,-0.0002371512,-0.0014378258
-0.0039127919,-0.0006561525,-0.0015635544
-0.0041202864,0.0003101157,-0.001777171
-0.0045114746,0.0010027504,-0.0010295131
-0.0036589162,8.83993e-05,-0.0011729413
-0.0040397297,-0.0007117343,-0.0020628068
-0.0046371919,0.0003430983,-0.0014958075
-0.0041947403,0.0007107933,-0.0007835489
-0.004319237,-0.0001864557,-0.0014750562
-0.0041715497,-0.0003696924,-0.0016526631
-0.0038487127,0.0002539231,-0.001210782
-0.0044510571,0.0006497144,-0.0013005009
-0.004205115,0.0004102851,-0.0016520527
-0.0033672033,-0.0005034552,-0.0011589037
-0.0046994402,1.6673e-06,-0.0019315852
-0.0044162712,0.0009887023,-0.0018198943
-0.0037248263,0.000193455,-0.000530871
-0.0044876738,-0.0009658225,-0.0018162323
-0.0042289159,-0.0001632458,-0.002414969
-0.0043430379,0.0003992909,-0.0001854225
-0.0045273418,-0.0001491976,-0.0015232725
-0.0034428778,-0.0005291084,-0.0027317318
-0.0042612606,0.0003424875,-0.0002818551
-0.0044364104,0.0005397724,-0.0013908302
-0.0039335413,0.0001928442,-0.003069246
-0.0042691942,0.0001873471,-0.000594956
-0.0040812286,0.0004640345,-0.0017912086
-0.0037803615,0.0008054656,-0.0025852519
-0.0047269027,0.000714458,-0.0004802134
-0.0036576957,-0.0004124477,-0.0013407829
-0.0041550722,-0.0001614134,-0.002935583
-0.0050454678,0.000595965,0.0001478193
-0.0042252542,0.0002148326,-0.0012010166
-0.0040177597,-0.0010146856,-0.0024924813
-0.0052206176,-0.0004826884,-0.001227261
-0.0043222884,0.0010009181,-0.0012950079
-0.0040067747,0.0007633212,-0.0018461386
-0.0044028451,-0.0002554749,-0.0012333643
-0.0037889054,0.0001360409,-0.0023429497
-0.004095265,0.0008103519,-0.0016703627
-0.0043717209,0.000451208,-0.0006193693
-0.0037205543,4.74765e-05,-0.0026883982
-0.0045169671,0.0004805259,-0.0018650589
-0.004738498,0.0006448281,-0.0006822336
-0.0040427811,-0.0001039992,-0.0021677841
-0.0045285624,-0.00043749,-0.001747875
-0.0044473954,2.8889e-06,-0.001197965
-0.0039048583,0.0010253496,-0.002316095
-0.0044614318,0.0009581629,-0.0010673537
-0.0038194193,-0.0005724744,-0.0007389946
-0.003860308,-0.0005541507,-0.0029911233
-0.0046121705,0.0005861923,-0.0008885261
-0.0040757361,0.0011212435,-0.0006724683
-0.0041843656,-1.97103e-05,-0.0021207885
-0.0046048471,-0.0002017255,-0.001703931
-0.0044657037,8.71777e-05,-0.0008116242
-0.0047751147,0.0002233837,-0.0020414452
-0.0045468707,0.0001855148,-0.0013145386
-0.0041904684,0.0004676993,-0.0011607347
-0.0047793866,0.0004518188,-0.0013615342
-0.0049783373,-3.92556e-05,-0.0014213469
-0.0045773846,-0.0007428845,-0.0014341638
-0.0052047504,0.0001482566,-0.0021482535
-0.0043997937,0.0009752649,-0.0013291866
-0.0046817422,0.0005446587,-0.0016221464
-0.0049496542,8.3513e-05,-0.0028428124
-0.0044565496,0.0004536511,-0.0019498952
-0.0045987443,0.0005373292,-0.0011033634
-0.0051382301,0.0004915201,-0.0025327632
-0.0044534982,0.0001800177,-0.0017417717
-0.0052139046,0.0005214487,-0.0012376366
-0.0050887976,0.0002850734,-0.0020335108
-0.0048343117,6.39678e-05,-0.0017875467
-0.0054451999,0.0001794069,-0.0012510639
-0.0051418918,0.0008567719,-0.0024698989
-0.0048556714,0.0004988495,-0.0011125184
-0.0053914955,0.0003241639,-0.0015647751
-0.0046255966,0.0002343779,-0.002323419
-0.0047446008,0.000647882,-0.001197965
-0.0049179197,0.0005104545,-0.0008854745
-0.0043924704,0.000118328,-0.0026798535
-0.0053219238,2.5488e-05,-0.0014091402
-0.0053164313,0.0007364464,-0.0016441184
-0.0045645688,0.0002869057,-0.0019938392
-0.0058418806,0.0002362103,-0.0018827586
-0.0052639474,0.0002740792,-0.0018729933
-0.0048892367,0.0004622022,-0.0021635118
-0.0056343861,0.000404788,-0.0013993749
-0.0046561105,0.0002655281,-0.0019865152
-0.0043320529,-0.000226157,-0.0015720991
-0.0054183477,0.0001690235,-0.0016258084
-0.0043332734,-0.0003580874,-0.0014665115
-0.0048513994,4.13686e-05,-0.0019590502
-0.0045944724,0.0002465937,-0.0013206419
-0.0045590763,0.0007682075,-0.0020933235
-0.0049838298,0.0007162904,-0.0011204527
-0.0045877593,0.0003834104,-0.0013346796
-0.0042130487,-0.0001418681,-0.0015287655
-0.0052413671,0.0013008155,-0.001804636
-0.0039573422,0.001229964,-0.0002550005
-0.004198402,-3.13153e-05,-0.001058809
-0.0046823524,-0.0007447169,-0.0022648271
-0.0045682304,0.0005758089,-0.0016715834
-0.0043863676,0.0010222957,-0.000507068
-0.0040989267,0.0001867363,-0.0019553882
-0.0037693765,-0.0003348775,-0.0019682052
-0.0045236802,0.0003779133,-0.0012535053
-0.004132492,0.0001940658,-0.0013639755
-0.0038877705,0.0001012259,-0.0016752454
-0.0043686695,-2.33751e-05,-0.0006273036
-0.0045377165,0.0006961344,-0.0016239774
-0.0042447831,0.0001781853,-0.0008989018
-0.0044913354,4.7212e-06,-0.0011900306
-0.003561882,2.24341e-05,-0.0012742566
-0.0038590874,0.0012898213,-0.0016331324
-0.0041251686,0.0013081449,-0.0001671125
-0.0034489806,0.0005580961,-0.0016099397
-0.0035197728,-0.0006231699,-0.0007176329
-0.0043113034,0.0001855148,-0.0003965977
-0.0034532525,9.08425e-05,-0.0001134032
-0.0037522888,-0.0001308739,-0.0013456656
-0.0040018925,-0.0003110567,-0.0007078676
-0.0033916145,0.0006546007,-0.0007280086
-0.0037986699,0.000506179,-0.0005442983
-0.0041605647,-0.0005651449,-0.0009922828
-0.0036576957,-0.0002218815,-0.0013023319
-0.0037626635,0.0003864643,5.68797e-05
-0.0041080808,0.000529389,-0.0006419516
-0.0031865611,-1.3867e-06,-0.00115219
-0.003021786,0.0004811366,-0.0010166961
-0.003669291,0.0007920282,-0.0006456136
-0.0033104475,0.0004854122,-0.0012248196
-0.0034361648,-2.76506e-05,-0.0007127502
-0.0033031242,-0.000347704,-0.0008043002
-0.0035264859,-0.0002053902,-0.0010929877
-0.0034440984,0.0002325455,-0.0001512439
-0.0034569142,-3.19261e-05,-0.0002202115
-0.0030620643,-0.000449095,-0.0005394157
-0.0032378244,4.32009e-05,-0.0008470235
-0.0034935309,0.0007065178,0.0002515759
-0.0031633705,0.0002985107,-7.06799e-05
-0.0030095804,-0.0008222871,-0.0001994602
-0.0035801904,0.0004328843,-0.0013169799
-0.0034318928,0.0012757731,6.8324e-06
-0.0025115936,0.0011206327,-0.0003172545
-0.0028759296,0.0002673605,-0.0009831278
-0.0032543019,0.0001213819,-0.0007145812
-0.0035075673,-8.20108e-05,-0.0001677229
-0.0031078352,-1.4824e-05,-0.0009001225
-0.0032311113,0.0001219927,-6.03043e-05
-0.0034227386,0.0002465937,-0.0002940618
-0.0033458436,1.81586e-05,-0.0011259457
-0.0039976205,2.8542e-05,-0.0003319024
-0.0034526423,-3.43693e-05,-0.0004991337
-0.0031981563,0.0003229423,-0.0011326593
-0.0033495053,0.00127333,-1.3919e-05
-0.0035197728,0.0006258936,7.0307e-05
-0.003190833,-0.000327548,-0.0013774029
-0.0038871602,0.0002875165,-0.0005186643
-0.003245758,0.0013014263,7.58e-05
-0.0034282311,0.0009092997,-0.0008299342
-0.0034428778,0.0005367184,-0.0007206846
-0.003419077,0.0002569771,-0.0004130767
-0.0039268283,0.0006454389,-0.0010227994
-0.0038310146,0.0001372624,0.0003675392
-0.0040195905,-0.0002505886,-0.0005504017
-0.0042637017,-0.0002169952,-0.0008091829
-0.0042521064,0.0006301692,-0.0002910101
-0.0034160256,0.0004066204,2.75837e-05
-0.0037687663,0.0006527684,-0.0016740247
-0.0033617108,0.0005715334,-0.0004893684
-0.0035447942,0.0010332899,-0.0006364586
-0.0033110578,0.0001048906,-0.0008287135
-0.0035765287,-0.0002560857,-0.0010130341
-0.0034514217,0.0008231785,-0.0012156646
-0.0035765287,0.0018016625,-0.0005717633
-0.0033476744,0.0004756395,-2.85669e-05
-0.0039195049,-0.0008235087,-0.0012687636
-0.0040330166,-0.0004594784,-0.0006791819
-0.0038566463,0.001047338,-0.0001542955
-0.0033287558,0.0005745874,3.1704e-06
-0.0034172461,0.0003565357,-0.001240078
-0.0032732205,4.93088e-05,-0.0003703534
-0.0033623211,0.0004304412,-0.0010258511
-0.0030614541,0.0003650867,-0.0009281978
-0.002819784,0.000815849,-0.0009147705
-0.0029363471,0.0012440121,-0.0006346276
-0.0026580603,0.0009050242,-0.0009196531
-0.0025610261,-0.0003403746,-0.0004063631
-0.0029528246,-0.0007013509,-0.0008921881
-0.0031810686,0.0004725856,-0.0007701215
-0.003043756,0.0014272488,0.0001258473
-0.0032353833,0.0005776413,-0.0001768779
-0.0027691309,-0.0003654169,-0.0008604508
-0.0023260691,-0.0001455329,-0.0003795084
-0.0021069793,0.0002667497,0.0002601206
-0.0019934676,0.0004530403,-0.0004301661
-0.0016645277,-7.83461e-05,-0.0001195066
-0.0020868401,0.000341266,-0.0001176756
-0.0017109089,0.0004793043,0.0001807773
-0.0014606949,-0.0002023362,0.0001075373
-0.0017920758,-0.0004191663,-0.0001115722
-0.0018152664,0.0006307799,-0.0006712476
-0.002227204,0.0009563305,0.0006928467
-0.0025646878,0.0003742486,4.4673e-05
-0.0014582538,-0.0008088497,5.44383e-05
-0.0016846669,-0.00050712,0.0004224691
-0.0018500522,0.0003870751,0.0005835971
-0.0009633183,0.0002472045,0.0003022335
-0.0016663586,-0.0004216095,0.0003791355
-0.0018610372,-0.0002744094,0.000106927
-0.0010444853,0.0001531429,0.0002045803
-0.0017029752,-0.0002768525,0.0008136926
-0.0009413483,-0.0008534373,0.0003535015
-0.0007796246,-0.000680584,0.0001386643
-0.0023175252,0.0003101157,0.0005707801
-0.0017450844,0.0010216849,0.0005781041
-0.0008363805,-3.31477e-05,0.0011884371
-0.0014552024,-0.0004051182,0.0005958037
-0.0010994103,0.0001708558,3.97904e-05
-0.0013465729,0.0009599952,0.0008399369
-0.0008479758,4.80872e-05,0.0010462295
-0.0010688964,-0.0004264958,-0.0010258511
-0.00177926,2.73204e-05,0.0012500807
-0.0010450956,0.0002264376,0.0008649606
-0.000837601,-0.0010214043,-0.0004454244
-0.0020599879,-0.0008839768,0.0005097468
-0.0013673223,0.0001323761,0.0007032223
-0.0014686285,0.0003748594,-0.0001842019
-0.0025244094,0.0002325455,0.0004737371
-0.0012946993,-0.000449095,0.0009064632
-0.0017316583,-0.0003641953,-0.0002519488
-0.0024969469,0.0005770305,0.0002601206
-0.0014045493,0.001426638,0.0002540172
-0.0012220762,0.0007620996,0.0005451461
-0.0021704482,0.0001158848,-9.69242e-05
-0.0020459515,0.000236821,0.0005030331
-0.0022070649,0.0003956262,0.0003785252
-0.0021991312,2.8542e-05,3.918e-05
-0.0016089924,0.000341266,-3.77219e-05
-0.0022497843,0.0009062458,0.0001954253
-0.0021222362,0.0005190056,0.0004310138
-0.0018427289,-0.0001785155,-0.0003099305
-0.0019733284,-0.0003629738,9.9603e-05
-0.0021100307,0.0012739408,-0.0003074891
-0.001114057,0.0012873781,0.0008991392
-0.0018225897,0.0010479488,-0.0007872109
-0.0019434248,0.0002362103,0.0002180076
-0.0018567653,0.0004267764,9.28893e-05
-0.0021539707,0.000384632,0.0003882905
-0.0019769901,0.0013942662,-0.0004985234
-0.0010762197,0.0009154076,0.0006653817
-0.0013514551,0.0008036332,-0.0003001651
-0.001131755,0.0006558223,-7.00696e-05
-0.0011933931,0.0004774719,0.0005378221
-0.0012617442,4.19794e-05,0.0002607309
-0.0007100529,0.0004261656,-0.0003673018
-0.0006343785,0.0007150688,0.0010590465
-0.0005428368,0.0006771999,0.0008472609
-0.0005111023,7.31296e-05,-0.0002427938
-0.001179967,-0.0001534731,0.0014783452
-0.0008620122,0.0003119481,0.0005372117
-0.0003463272,0.0007932498,5.0166e-05
-0.0003512095,0.0016074316,0.0012793767
0.0001339615,0.0009716002,0.0008497022
0.0003695289,-1.651e-07,-0.0001793192
-0.0006746568,0.0002575879,0.0010108302
0.0007967235,0.0006894157,0.0012018644
0.000999946,0.0005599284,0.0004755681
0.0002517452,0.0004915201,0.0009174492
7.11029e-05,0.0006845294,0.0007367906
0.0003731905,0.0002917921,0.0012244467
0.0001309102,-0.0002530317,0.0010205955
0.0004726658,0.0003773025,0.0009827548
0.0006111989,0.001015577,0.0020502273
0.0006850426,1.26615e-05,0.0017499434
0.0007808562,-0.0002719662,0.0005292774
0.0008394429,0.0006020729,0.0016913514
0.0013587895,0.0009239587,0.0022821538
0.0013154598,0.0005281674,0.001316607
0.0015998493,-7.40706e-05,0.0020660959
0.0008150318,-0.0004368792,0.0016345905
0.0004946358,0.0005269458,0.0008130823
0.0013471942,0.0016831694,0.001950743
0.0015241748,0.0007895851,0.0029999054
0.000786959,-0.0008937494,0.0014612559
0.0009303743,-0.001016518,0.0018085354
0.0004683939,-0.00041428,0.0027643169
0.0005422375,0.0008085195,0.0014246359
0.0012031686,0.0009044134,0.00198187
0.000165696,0.0006155102,0.002559245
0.0004854817,-0.0007636513,0.0009314869
0.0001620343,-0.0008693178,0.00073557
-0.0002181689,0.0003608112,0.0021863315
0.0006185223,0.0014645069,0.0005536907
0.0004525267,0.000882425,0.0016333698
-0.0004622801,-9.85021e-05,0.001866517
0.0004653425,-0.0011344003,0.0004731268
-0.0004744856,-0.0002023362,0.0010010648
-0.0005788432,0.0015445203,0.0016187218
0.0006996893,0.0014132007,0.0010767461
-0.0007179865,-0.000336099,0.001347734
-0.0006709951,-0.0005981275,0.0003742528
0.0006795501,0.00025148,0.0008149133
-0.0003731795,0.0013637267,0.0020721992
0.0003286402,0.001551239,0.0004017178
0.0008278476,0.0005128977,0.0011060421
-0.0004177298,-1.54348e-05,0.0014502699
-6.07171e-05,-0.0002340973,0.0003266469
0.0001302999,0.000581306,0.0007581523
-0.0004781473,0.0013441815,0.0016181115
6.2559e-05,0.0008329511,-0.0001036379
-0.000646584,0.0002673605,0.0007142083
-0.0007796246,-0.0001351495,0.0009076839
0.0002737152,0.0003204991,6.35933e-05
0.000360985,0.0010815422,0.0009644448
-3.56957e-05,0.0017063794,0.0009455245
0.0010078796,0.0004866337,0.0005933624
0.0003085011,-0.0004600892,0.0007819553
0.0008229654,-0.0008363352,0.0008832706
0.0011427511,0.0003889075,0.0001624673
0.0003878372,0.0009887023,0.0017273611
0.0008473765,0.0008335619,0.0012281087
0.0013471942,-0.0006573741,0.0002509656
3.50965e-05,0.0006307799,0.0006940673
0.0012477189,0.0010198525,0.002566569
0.0014509415,0.0010790991,0.0011139764
0.0013331578,-0.0004649755,0.0026568983
0.0012373442,-2.70398e-05,0.0011298451
0.002264442,4.7212e-06,0.0020898989
0.0014607059,0.001394877,0.0016736518
0.0029583281,0.00022827,0.0028320638
0.0016572154,0.0001671911,0.0007850069
0.001592526,-9.85021e-05,0.0024683054
0.0021771723,0.0008781495,0.0015711158
0.0024871935,0.0004005125,0.0026953492
0.0018335858,0.0008268432,0.0020160486
0.0026049772,0.0004438785,0.0023437974
0.0018219905,0.000381578,0.0022894778
0.0023059409,0.0001549753,0.0023706521
0.0029516151,0.0006539899,0.0023688211
0.0021429967,0.001415033,0.002475019
0.0027227608,0.0010424517,0.003140282
0.0024762085,-4.71958e-05,0.0021503219
0.0023871079,-7.77353e-05,0.0023846897
0.0025653091,0.001363116,0.0024158167
0.0028069792,0.0015323045,0.0036377034
0.0024633927,0.0002826302,0.0024463334
0.0025268616,-0.0004319929,0.0023749244
0.0019983608,0.0003638652,0.0030267601
0.0020673222,0.0008030224,0.0028296225
0.002213789,0.0007785909,0.0023889621
0.0016486715,0.0002068924,0.0027319692
0.0020728148,-2.33751e-05,0.0026947389
0.0014729115,0.0001824608,0.0022168482
0.001838468,0.000482969,0.0029724404
0.0024414227,0.0007889743,0.0027960542
0.0021051595,0.000702853,0.002559245
0.0019104808,0.0001623048,0.0031305167
0.0020246028,0.0002655281,0.0014899416
0.001680406,0.0008549395,0.0022729988
0.0016328043,0.0017668475,0.0026636119
0.001783543,0.0006570439,0.0026617809
0.0012623656,-0.0004607,0.0012702217
0.0012953206,-0.0001681321,0.0020807439
0.0013191214,0.0009441147,0.0020972229
0.0011726547,0.0018077703,0.001980039
0.0018671511,0.0011511722,0.0021771765
0.001456434,0.0006472712,0.0013141657
0.0014680293,0.0007755369,0.0014917726
0.0015009843,0.0014669501,0.0016181115
0.0018378577,0.0015451311,0.0018042631
0.0015961876,0.00160621,0.0009382005
0.0014814554,0.0002991215,0.0023773657
0.0014967123,-0.0001840126,0.0010779668
0.0015638429,0.0001543645,0.0008460402
0.0018482324,0.0017155412,0.0017127131
0.0019513694,0.0021437043,0.0011945404
0.0017530291,0.0013710562,0.0009662758
0.0020636606,-0.000162635,0.0018433244
0.0023559837,-0.0006262238,0.0010846804
0.0017933074,0.0001122201,0.0016266562
0.00136001,0.0009648815,0.0026929079
0.0018677613,1.81586e-05,0.0022845951
0.0014747423,-0.0003727464,0.0010517225
0.0017408235,-6.73519e-05,0.0030731454
0.0017908663,0.0008140166,0.001983701
0.0023297418,0.0007449975,0.0025653483
0.0022278254,0.0008140166,0.002493329
0.0027044525,0.0004255548,0.0021735145
0.0031707049,0.0005941326,0.0021716835
0.0028179642,-9.72805e-05,0.0033947909
0.0024920757,-0.0002322649,0.0016638865
0.002433489,0.0003534817,0.0016998961
0.002437761,0.0010870393,0.0029309378
0.0028973003,0.0014009849,0.0019428086
0.0032006085,0.0004518188,0.0023291494
0.0029131676,0.0002777439,0.0024853947
0.0029394095,0.0006820862,0.0021271292
0.0032634671,0.0014419077,0.0024707467
0.0035008653,0.0012134727,0.0035559188
0.0032494307,0.0006900265,0.0021875522
0.0032109832,5.35843e-05,0.0026929079
0.0028539706,0.0008030224,0.0024597607
0.0031096771,0.0013142528,0.0024390094
0.0034471608,0.0019952826,0.0023016844
0.0037230065,0.0012165266,0.0031592023
0.0032683494,0.0009709894,0.0021765662
0.0036137667,-0.0005297192,0.0037933383
0.0025683605,-0.0003782435,0.0025842686
0.0028716687,0.0005403832,0.0024322957
0.0026666152,0.0016538515,0.003142113
0.0025665297,0.0007901959,0.0029889194
0.0025860585,0.0001103877,0.0013990019
0.0024298274,0.0002972892,0.0024884463
0.0027221505,0.0014211409,0.0023077878
0.0034239702,0.0015872755,0.0016730415
0.0028850948,0.0011957598,0.0027673685
0.002628778,0.0003705838,0.0021527632
0.0026025361,0.0006833078,0.0007953826
0.0021497098,0.0014516804,0.0023981171
0.002117365,0.0018963348,0.001980039
0.0024652235,0.0013460139,0.0013910676
0.0022949559,0.0009245695,0.001956236
0.002371851,0.000239875,0.0015332752
0.0023138746,0.001070548,0.0007184806
0.0020435214,0.0019861207,0.0027362415
0.0027184889,0.0018224293,0.0018042631
0.0025042813,0.0005745874,0.0012738837
0.0023041101,0.0001678019,0.0020563306
0.0019788319,0.00027469,0.0014679696
0.0025964333,0.0010907041,0.001259846
0.0022296562,0.0014510696,0.0017017271
0.0021429967,0.0008341727,0.0015320545
0.0021497098,0.0002661389,0.0009894685
0.0022082965,-1.7878e-05,0.0020099453
0.0014936609,0.000569701,0.0011695167
0.0017084788,0.0006918588,0.0016120082
0.0017206843,0.0005245027,0.0022357685
0.0015632326,-0.0001174366,0.001851869
0.0022186712,-0.0007251716,0.0019275503
0.0020001917,-0.0011105795,0.0026160059
0.0012330722,-0.0003299912,0.001353227
0.0019849347,0.0003376012,0.0021466599
0.001823211,0.0008182922,0.0021655802
0.0021198062,9.75611e-05,0.0023718727
0.0019770011,-2.6082e-06,0.0010883424
0.0020874614,-0.0004069506,0.0029779334
0.00212835,0.000416393,0.0014801762
0.0035600622,0.0008689877,0.0017645914
0.0029510048,0.0014327459,0.001886658
0.0034441094,0.0007944714,0.0021082089
0.0036461114,-9.3005e-05,0.001316607
0.0026361013,-0.0005883549,0.0025165217
0.003032782,0.0007553809,0.0010602671
0.0036680814,0.0014913816,0.0023041258
0.0029741954,0.0012177482,0.0030237084
0.0036973748,-0.0008125145,0.001974546
0.0030877071,-0.0008662639,0.0012128504
0.0029522253,0.0005996297,0.0031463853
0.0041868177,0.0014657285,0.002427413
0.0042716464,-0.0001888989,0.0030591077
0.0030761118,-0.0010372848,0.0023077878
0.0036217003,-0.0007880829,0.002592203
0.0034447197,0.0002252161,0.0026062406
0.0032189168,0.0008115735,0.0029120174
0.0036284134,0.001058943,0.0023914034
0.003456315,0.0003919614,0.0028839421
0.0031896235,-0.0004875747,0.0025696206
0.0029796879,-0.0005004013,0.0018402727
0.0030626857,0.0002478152,0.0029754921
0.0027142169,0.0008836466,0.0026910769
0.0032305121,0.0003376012,0.0022772711
0.0027068936,-0.000761819,0.0023871311
0.0025231999,-0.0009236781,0.0020837956
0.003331208,0.0001989521,0.0020142176
0.0030651268,0.0013063126,0.0023236564
0.0033482958,0.0008140166,0.0023364734
0.0031017435,0.0002374318,0.0011310658
0.0027410692,0.0002655281,0.0020868472
0.0023297418,0.0005403832,0.0019257193
0.0024774291,0.0006778107,0.0018402727
0.002132622,0.0007767585,0.0018524794
0.0021423864,0.0008781495,0.0019440293
0.0021967012,0.0007388896,0.0017084408
0.0020239925,0.0008812034,0.0015888155
0.001919635,0.0008488316,0.001382523
0.002033757,0.0015109269,0.0011194694
0.0022473543,0.0014443509,0.0020337483
0.0022131787,0.0006136779,0.0014099879
0.0015504168,1.51046e-05,0.0008576366
0.0020484036,0.0007895851,0.0010993284
0.0014405667,0.0009190724,0.0015387682
0.0013777081,0.0008665445,0.0008667916
0.0020416906,0.0004084528,0.0008564159
0.0015760485,0.0006900265,0.0007111567
0.001331327,0.0013099773,0.0009345385
0.0018811875,0.0011035306,0.0010547741
0.0016199885,0.0001574185,0.0013574993
0.0017621832,2.5488e-05,0.0008930359
0.002220502,9.69504e-05,0.0013098933
0.0013355989,0.0004212793,0.0015802708
0.0015089179,0.0001745206,0.0011682961
0.0020111767,0.000404788,0.0006562267
0.0014094426,0.0008170706,0.001281818
0.0020923436,0.0011188004,0.0012171227
0.0026226752,1.02183e-05,0.0012641183
0.0018927827,-0.0004741374,0.0011676857
0.0022546776,0.0004475432,0.0005671181
0.0033495163,0.0012452337,0.0013794713
0.002485973,0.000960606,0.0017426194
0.0033495163,5.84707e-05,0.0007251943
0.0029735851,-0.0003202185,0.0012183434
0.00204047,0.0004738072,0.0018964233
0.0033013044,0.0015286398,0.0007111567
0.0033537883,0.0010888717,0.0022833745
0.0024847524,0.0009532765,0.001978208
0.0034050516,8.9967e-06,0.0013080623
0.002591551,0.0005318321,0.0019385363
0.0027587672,0.0012177482,0.002572062
0.0040342482,0.0015066514,0.0018323384
0.0032195271,0.0004811366,0.0030267601
0.0026513583,3.09851e-05,0.0012952453
0.0034734028,-0.0003122783,0.0018781133
0.0026312191,0.0011505614,0.0015741675
0.0030120326,0.0015451311,0.0021069882
0.0031554479,0.0013673915,0.0017835117
0.0027740242,-0.0003843514,0.002520794
0.0024640029,-0.0011423405,0.0012482497
0.0025170971,-0.0001498084,0.0019074093
0.002264442,0.0010363438,0.0023676004
0.0024121293,0.001047338,0.0017597087
0.0025854483,-4.53635e-05,0.0015692848
0.0017688963,-0.0001235445,0.0015155755
0.002007515,0.0004121175,0.0015021482
0.002426776,0.0010613862,0.0014954346
0.0020569475,0.0008750955,0.0022467545
0.0019959197,0.0008372266,0.0010279195
0.0022461337,-0.00012782,0.0019263297
0.0013960164,-0.0001064424,0.0015302235
0.0017182432,0.0002539231,0.0014112086
0.0012702992,0.0010284036,0.001364213
0.00136001,0.0008262324,0.0018378314
0.0014259201,0.0005635932,0.0004181968
0.0014008987,0.0004139499,0.0011341174
0.0008974193,0.0012550063,0.000653175
0.001735331,0.0013612836,0.0013971709
0.0017749991,0.0005159516,0.0014496596
0.0014277509,-0.000237762,0.000673316
0.0012538217,0.0004756395,0.0003168815
0.0013331578,0.0015604008,0.0014899416
0.0014808451,0.001085207,0.0004621408
0.0006813809,0.0005996297,-0.0001335442
0.0009901816,0.0005678687,0.0010541638
0.0010176441,0.000702853,0.0005463667
0.0015009843,0.0002551447,0.0004304035
0.0011781472,0.000459759,0.0007880586
0.0013258345,0.0009642707,0.0003669288
0.0014118837,0.0013258578,0.0006232687
0.0017774402,0.0003321041,0.0012720527
0.001625481,-8.20108e-05,-4.50459e-05
0.0006380512,0.0005202271,0.0006635507
0.0010573122,0.0014003741,0.0012805973
0.0016151063,4.68657e-05,0.0011097041
0.0008986399,-0.0002011147,0.0002039699
0.0016932218,2.48773e-05,0.0014289083
0.0013661128,0.000952055,0.0007819553
0.0016639285,0.0010339007,0.0010877321
0.0021771723,0.0005715334,0.0009058529
0.002235759,0.0005196163,0.0009882478
0.0022491851,0.0010180202,0.0013141657
0.0024072471,-0.0002359296,0.001904968
0.0015247851,-0.0003306019,0.0004835024
0.0020435214,0.0007718722,0.0009546795
0.0021979217,0.00231839,0.0020667062
0.0024646132,0.0011988137,0.0018787237
0.0024035854,-0.0003012841,0.0009333179
0.0020465728,-0.0005077307,0.0020422929
0.0017908663,0.0013838828,0.0017871737
0.0031926749,0.001461453,0.0024884463
0.0024432535,0.0007675967,0.0023175531
0.0024670543,-0.0004283282,0.0019318227
0.00208441,-2.03211e-05,0.0008985289
0.002022772,0.001038787,0.0019629496
0.0027215403,0.0027935838,0.0008210166
0.0026055874,0.0021644711,0.0017542157
0.0023047204,0.0017027146,0.001323931
0.0027819578,-8.32324e-05,0.0016156702
0.0016450099,-0.0002524209,0.0016254355
0.0017359413,0.0002777439,0.0015290029
0.0014863376,0.0016019345,0.0013562786
0.0016620977,0.0012910429,0.0028955385
0.0016505024,-0.0003727464,0.0012989073
0.0013185111,-0.0011081363,0.0011713477
0.0010585327,0.0011328485,0.0013507856
0.0022320973,0.0021760761,0.0025104183
0.0017963588,0.0017662367,0.0015607402
0.0015620121,-0.0001021669,0.0017639811
0.0010982008,0.0001281006,0.0009082942
0.0008705671,0.0007541593,0.0018616344
0.000530032,0.0016043776,0.001217733
0.0009413593,0.0011084169,0.0013501753
0.000852869,0.0009001379,0.000629372
0.000857141,0.0004377706,0.000737401
0.0007350854,0.0009349529,0.0003376329
0.0006020448,0.0010943688,0.0009644448
0.0009633293,0.0018077703,0.0006739263
0.0009462416,0.0013906015,0.0010523328
0.0011079652,0.0002930136,0.0011286244
0.0005526123,-0.0005126171,0.0004340655
0.000819914,0.0005489342,0.0004072108
0.0007515629,0.0020801822,0.0004560375
0.0007515629,0.0022151666,0.0007923309
0.0010072694,0.0015084837,-0.0001799295
0.0008363915,0.0007230091,0.000127068
0.0006545287,0.0016098747,0.0001044856
0.0007002995,0.0018230401,0.0005530804
0.0007192181,0.001641025,0.0002869752
0.0007039612,0.0006411634,0.0008783879
0.0006789398,4.19794e-05,0.0004609201
0.0007039612,-0.000836946,0.000731908
-0.0005489395,-0.0003312127,6.90863e-05
0.0003585438,0.0005593176,0.0006867433
0.0005458992,0.0014620638,0.0001832186
0.0003023983,0.0005269458,0.0016229942
0.0006234045,-0.0002066118,4.6504e-05
0.0007814665,-0.001262666,0.0006043484
-0.0001351711,0.0001671911,0.0005835971
0.0018763052,0.0009349529,0.0012549634
0.0013056953,0.0010766559,0.0002222799
0.0011238325,0.0002539231,0.0006171654
0.0012111022,-0.0002163844,-4.87079e-05
0.0009956741,-0.0001186582,0.0008191856
0.0009456313,0.0011291838,5.87107e-05
0.0017212946,0.0011261298,0.0012390947
0.0016505024,0.0006863617,0.0014795659
0.0014814554,-0.0009639901,0.0009363695
0.0011299352,-0.0007581542,0.0007398423
0.0013612306,0.0005153408,0.0015949188
0.0021191959,0.0015035974,0.0006409684
0.0019184144,0.0009074674,0.0017554364
0.0017719477,-0.0004032858,0.0012940247
0.0012989822,-0.0010348417,-0.0001750469
0.0010432758,0.0006210073,0.0006928467
0.0016187679,0.0020471996,0.0013739783
0.0015583504,0.0013276902,0.0006592783
0.0015101384,2.48773e-05,0.000709936
0.0011775369,-0.0004387116,0.0008179649
0.0007241004,-0.0004625324,0.0006922363
0.0005397964,0.0002075032,0.0004181968
0.0006807706,0.0005501558,0.0012519117
0.0006893145,0.0003724162,0.0007074947
0.0007588862,-0.0006366072,0.0003223745
0.0002383191,-0.0005278868,0.0005829867
0.0008589718,0.0007944714,0.0005427047
0.0010798924,0.0014119791,0.0007831759
0.001212933,0.001018631,0.0011170281
0.0012202564,-0.0001094963,0.0002698859
0.0007509526,-0.0002127197,0.0004596995
0.0003249786,0.0006698704,0.0007276356
0.0004616808,0.0013637267,0.0005189018
0.0004805994,0.0007859204,0.0009803135
0.0002779872,0.0003479846,-0.0002183805
0.0003463383,0.0002844626,3.918e-05
-7.623e-06,0.001206754,0.0003260365
0.0005892289,0.0009599952,0.0004804508
0.0007070126,0.0013502894,-0.0007017642
0.000694807,0.0009972533,0.0008814396
0.0004976872,0.0004035664,0.0002704962
0.0004537472,-0.0006469906,-0.0003593674
0.0001626446,0.0005000711,-0.0011894203
0.000224893,0.0019635215,0.0002613412
0.0004122483,0.0018969455,-0.000475941
0.000677109,-0.0001039992,-0.0003978184
0.0002608994,-0.0001669105,-0.0015220518
0.0001772913,0.0010369546,-0.0001408682
0.0001541007,0.0018712924,-9.75346e-05
0.0005611561,0.0007321709,0.0001679603
0.0001595932,-0.0004564245,-0.0003428884
-5.27835e-05,-0.0005901873,0.0001173026
-0.0004238325,-0.0004338253,0.0002869752
-0.0005965412,3.34283e-05,-0.0002665968
0.0003707494,0.0003443199,1.41564e-05
0.0002676124,0.0012098079,-1.7581e-05
0.0004671733,0.0009978641,0.0003394639
0.0008479868,0.0002307132,0.0004627511
0.0007491218,-0.0010006375,0.000676978
0.0007253209,0.0003394336,-0.0002867378
0.0013374298,0.0012757731,0.0009943512
0.001408222,0.0012482876,0.000601907
0.0012251386,-0.0008851984,1.84287e-05
0.0002883619,-0.0004814668,-0.0004234524
0.0010841644,9.63396e-05,0.0009851962
0.0009480724,0.0019574137,-0.0004966924
0.0013484148,0.0014461833,0.0016522901
0.0015064768,0.0002374318,0.0010401261
0.0014735218,-0.0019766783,0.0009620035
0.0003573233,0.0004347167,-0.0003465504
0.0020526756,0.00129654,0.0028583081
0.001320342,0.0016923312,0.0004535961
0.0020185,-0.0003886269,0.0015314442
0.0008992502,-0.0001418681,-9.6466e-06
0.0010560916,0.0002685821,0.0010266988
0.0015498065,0.0022652513,0.0001221853
0.0017304488,0.0015640655,0.0024115444
0.0012464983,0.0010516136,0.0002570689
0.0016248707,-0.0003189969,0.0009101252
0.0004012633,-0.0002163844,0.0015778295
0.0006795501,-1.4824e-05,0.0005555217
0.0010322908,0.0007107933,0.0005225638
0.0002517452,0.0017265354,0.0015467025
0.0011238325,0.0009783189,0.0002827029
0.0009346463,-4.41419e-05,3.30767e-05
0.0008559204,0.0004304412,0.0012165124
0.0016596565,0.0013197499,0.0007734106
0.0016736929,0.0013111989,0.0012317707
0.0015620121,0.0007132365,0.0014337909
0.0016865088,6.5536e-06,0.0005958037
0.0010335113,0.0006539899,0.0009418625
0.0007741432,0.0012831026,0.0014374529
0.0006057064,0.0014913816,0.0001533123
0.0009151174,0.0013447923,0.00066233
0.0005703103,0.0008164598,0.0010645395
0.0004812097,0.000674146,0.0004017178
0.0002944647,0.0011236867,0.0005024228
0.0007289826,0.0015072622,0.0009662758
0.0007753637,0.0018804542,5.749e-05
0.0010426655,0.0013460139,0.0011206901
0.0005922803,0.000471364,0.0004322345
0.0006429334,0.0004249441,-0.0003203061
0.0005330834,0.0013301334,0.0004987608
0.0005562739,0.0013179176,0.001204916
0.000879111,0.0007498838,-7.37316e-05
0.0008882652,0.0004719748,0.0002320452
0.0004384903,0.0014547343,0.0004609201
0.0006978584,0.0019897855,0.0004658028
0.0010469374,0.0018761787,0.0008039273
0.0008345607,0.0006527684,0.0012714423
0.0007601068,0.000326607,0.0004426101
0.0004940256,-0.0002457023,0.0014899416
-0.0001424944,0.0001354301,0.0011859957
0.0011671622,0.0002331563,0.0007258046
0.000716777,0.000949001,0.0009119562
0.0006911454,0.0011071954,0.0014954346
0.0013282756,0.0009422823,0.000141716
0.001342312,-0.000449095,0.0021906038
0.0011439716,-0.0004387116,0.0010395158
0.0020398597,-0.0001064424,0.0007441146
0.0012184256,0.0012073648,0.0014563732
0.0014265303,0.0008030224,0.0016596141
0.0013337681,-0.0001388142,0.0002271626
0.0006490362,-0.000124766,0.0011469344
0.0008296785,0.0016361386,0.0005268361
0.0017878149,0.0014156438,0.0020801336
0.0016779649,0.0005422155,0.0017322438
0.0016492818,-0.0006506554,0.0009436935
0.0011036933,0.0012513416,0.0009247732
0.0022717654,0.0011847656,0.0035882664
0.0016248707,0.000173299,0.0009559002
0.0021509303,-0.0012987025,0.0016797551
0.0010792822,0.0001806285,0.0013465133
0.0018189391,0.0011658311,0.0019568463
0.0020935642,0.0019335929,0.0006452407
0.002187547,0.0009233479,0.0023627177
0.0017426544,0.0007309493,0.0009729895
0.00206244,-1.42132e-05,0.0019519636
0.001456434,-3.74232e-05,0.0019757666
0.0013593998,0.000352871,0.0009119562
0.0013166803,0.0017155412,0.0014081569
0.0012709095,0.0010308467,0.002533611
0.0012879972,-0.000370914,0.0002656136
0.0011769266,-0.0008235087,0.0005060848
0.0009694321,0.0015585684,0.0013794713
0.002433489,0.0016837802,0.0018213524
0.001757301,0.0011316269,0.000611062
0.001915363,-0.0008448863,0.0022571301
0.0010719588,0.0001769637,-0.0001274409
0.0013636717,0.0009465579,0.0021051572
0.0007143359,0.0017314217,0.0013105037
0.0012471086,9.32856e-05,0.0010010648
0.0005727514,0.0011395672,-0.0006486653
0.0010420552,0.0009294558,0.0025726723
0.0006380512,0.0011047522,-0.0002116668
0.0008498176,0.0009984749,0.0002942992
0.0005922803,0.0021424827,0.0015332752
0.0011738753,0.0014089251,0.001269001
0.0013606203,-7.40706e-05,0.0001893219
0.0006325587,-0.0005529291,0.0010071682
0.0010298496,0.000818903,-0.0001280512
0.0012294106,0.0020563615,-0.0001408682
0.0010091002,0.0022866289,0.0010675911
0.0015266159,0.0008836466,-0.0003996494
0.0015058665,-0.000217606,0.0004029385
0.0007674301,0.0012134727,0.0003473982
0.0012757917,0.0014351891,0.0010242575
0.0011714341,0.0012898213,0.0006635507
0.0012855561,0.0002698036,0.0012769353
0.0009791966,0.0003895183,0.0003583842
0.0008717876,0.0001390948,0.0011200798
0.0004732761,0.0005330537,0.0003736425
0.0012165947,0.0005220595,0.0004725164
0.0008705671,0.0020307083,-0.0003990391
0.0013215625,0.0015707842,0.0016120082
0.0012367339,0.0010448949,1.1715e-05
0.0015687251,-0.0008644315,0.0014081569
0.0010054385,0.0001390948,0.0001826083
0.0023205876,0.0006894157,0.0017035581
0.0018561661,0.0016917204,0.0004694648
0.0023138746,0.0001684127,0.0014978759
0.0015479757,0.0002985107,-0.0003941564
0.001761573,0.0002490368,0.0017951081
0.0020313158,0.0013753317,0.000622048
0.0022937354,0.0004377706,0.0018579724
0.0020270439,0.0008903653,0.0009180595
0.0028124717,-0.000159581,0.0021143122
0.0020239925,0.0007718722,0.0008423782
0.0027288636,0.0009966426,0.0017444504
0.0028918078,0.0017112657,0.0010230368
0.0030474287,0.0005025143,0.0020447343
0.0023437782,0.0005483234,0.0003827975
0.0028881462,0.000294846,0.0012110194
0.0025152663,0.001837699,0.0005396531
0.002922932,0.0016776723,0.0025476486
0.0026415938,0.0013930446,0.0009504072
0.0027734139,-0.000116215,0.0018012114
0.0020618297,0.0005025143,0.0011390001
0.0025622577,0.0004817474,0.0021405565
0.0018799669,0.0009972533,0.0012116297
0.0020410803,0.0003027863,0.0020648752
0.0018836286,0.0005477126,0.000730077
0.0017920869,0.0004310519,0.0017182061
0.0013154598,0.0010913149,0.0009540692
0.0023761229,0.000859215,0.0017249198
0.0017438749,0.0009825944,0.0011866061
0.0017017657,0.0005049574,0.001917785
0.0017090891,0.0001073338,0.0016950134
0.0013191214,-0.0001284308,0.0019135127
0.0010707383,0.0004750288,0.0015344959
0.0009938432,0.000474418,0.0019074093
0.0009108454,0.000569701,0.0014154809
0.0008534793,0.0003669191,0.001265339
0.0006752781,0.0003864643,0.0014441666
0.0006337792,0.0006216181,0.0011359484
0.0011543464,0.0008995271,0.0013507856
0.0009871302,0.0009996965,0.0010358538
0.0012117125,0.0005299998,0.001254353
0.0011665519,0.0005116761,0.0006122827
0.0007875693,0.0002380426,0.0008234579
0.000389668,0.0011865979,9.34997e-05
0.0007948926,0.0011523938,0.0012677803
0.0005562739,0.0007743154,0.0005567424
0.0008815521,1.02183e-05,0.0006525647
0.0007973337,0.0009801513,0.000125237
0.0011122372,0.0013747209,0.0017218681
0.0009425799,0.001840753,8.06827e-05
0.0013667231,0.0007688183,0.0015412095
0.001037173,0.0007920282,0.000748387
0.0013233934,-8.56756e-05,0.0011792821
0.0003860064,0.0004615914,0.0005329394
0.0011036933,0.0002954568,0.0011963714
0.0010316805,0.0011914842,-0.0002208218
0.0013984576,0.0011572801,0.0016834171
0.0016230399,0.0010400086,0.0006958983
0.001937333,-0.0005101739,0.0011933197
0.0014161556,-0.0001589702,0.0008606882
0.0021332323,0.0007132365,0.0013581096
0.0022595598,0.001884119,0.0012152917
0.0023779538,0.0006063484,0.0022461441
0.0020825792,-0.0006060678,0.0002997922
0.0018091747,-0.0003886269,0.0008149133
0.0020856306,0.0021400396,0.0009040219
0.0029638206,0.0025761429,0.0017462814
0.0030321718,0.0018077703,0.0009931305
0.0035228353,-3.19261e-05,0.0015656229
0.002459731,0.0002307132,0.0009656655
0.0029070648,0.0010888717,0.0019977386
0.0036619787,0.0014535127,0.0016413041
0.0033672144,0.0003455415,0.0022650645
0.0028136922,0.0002404858,0.0011231314
0.003151176,7.25188e-05,0.001912292
0.0029320862,0.0007785909,0.0012354327
0.0029589384,0.0016917204,0.0013269826
0.0031115079,0.0023434323,0.0021442185
0.0030980818,0.001018631,0.0024213097
0.0025164869,-0.0006005707,0.0020319173
0.0020935642,-0.0012070842,0.0022711678
0.001904378,-0.0002420375,0.0022394305
0.0015498065,0.0008341727,0.0022223412
0.0018750847,0.0009025811,0.0020691476
0.0019849347,-0.0003843514,0.0014008329
0.0011049138,-7.77353e-05,0.0009180595
0.0017829327,0.000760878,0.0022510268
0.0018842388,0.0010607754,0.0017957184
0.0016669799,0.0002075032,0.0019391466
0.0015339393,9.75611e-05,0.0018762823
0.001456434,-0.0002133305,0.0023761451
0.0009676013,-0.0001931744,0.0016730415
0.0008919268,0.0003131697,0.0015271719
0.0008406635,0.0014046496,0.0012897523
0.0011573978,0.0020032228,0.0012867007
0.0012226975,0.0009789297,0.0013410203
0.0004921947,0.000682697,0.0002729376
0.0009071838,0.0009105213,0.0015296132
0.0009810274,0.0012806594,0.0014234153
0.0011879116,0.0006216181,0.0014691902
0.0010890466,0.0002936244,0.0005079158
0.0005819056,0.0003314933,0.0011310658
0.0005727514,0.0012421797,0.000119744
0.0004146894,0.0017766201,0.0003907318
0.0006246251,0.0013380736,0.0010120508
0.0007558348,0.0010106907,0.0003199332
0.0009749246,0.0006546007,0.0005610147
0.0006539184,0.0014516804,0.000620217
0.0011549566,0.0009654923,0.0010047268
0.0006966379,0.0014950464,3.61284e-05
0.0013130186,0.0005721442,0.0020850162
0.001195235,0.0004249441,3.1704e-06
0.000988961,-0.0003806866,0.0008417679
0.0003725802,0.0013179176,0.0003705908
0.0017371618,0.0011377348,0.0013501753
0.0010402244,0.0016685105,-2.3226e-06
0.0019135322,0.0008518856,0.0015882052
0.0016724724,0.0012708868,-0.0001188962
0.0017621832,0.0007071286,0.0017548261
0.0020984464,0.0015927726,0.0006891847
0.0028979106,0.0012226345,0.0009681068
0.0018189391,0.002182184,0.0005555217
0.0027294739,0.0011847656,0.0019226677
0.0021979217,7.06864e-05,0.0002332659
0.0019208555,0.0006662057,0.0001295093
0.0026788208,0.0029542213,0.0008387162
0.0030205765,0.0025168964,0.0023096188
0.0030663473,0.0009099105,0.0006452407
0.0030681782,-0.0008338921,0.0012171227
0.0023724612,0.0007333925,0.0011890474
0.0032201374,0.0019757373,0.0014612559
0.0033019146,0.0021479798,0.0017206474
0.0032402766,0.0004371598,0.0018744513
0.0024810907,0.0005703118,-0.0001799295
0.0026684461,0.0011413996,0.0022839848
0.0025122149,0.0020300975,0.0016333698
0.002813082,0.0012317963,0.0011139764
0.0024359302,0.0018987779,0.00137703
0.0028057586,0.0007963038,0.0032672313
0.0020136178,-0.0003134998,0.0009754308
0.0017634038,-0.0004655863,0.0014386736
0.0015491962,0.0009306773,0.0022589611
0.0017359413,0.0009086889,0.0020496169
0.0016456202,0.0001458135,0.0011475447
0.0011128475,-0.0005498752,0.001366044
0.0013850314,0.0005593176,0.0010230368
0.0017762196,0.0012898213,0.0017792394
0.0011866911,0.0012757731,0.0016400835
0.0014723012,0.0002355995,0.0012354327
0.001147023,-7.4946e-06,0.0015235099
0.0005391861,2.91528e-05,0.0020520583
0.0004018736,0.0001806285,0.0012165124
0.0003695289,-1.97103e-05,0.0015967498
0.0003762419,0.0012073648,0.0008289509
0.0005501711,0.0010754343,0.0013221
0.0001754604,0.0012525631,0.0004419998
0.0004647322,0.0007614888,0.0011188591
0.0004659528,0.0010461165,0.0010193748
0.0006917556,0.0005385508,0.0012372637
0.0004372697,0.0003766917,0.0005933624
0.0002486938,0.0005245027,0.0007422836
9.00215e-05,0.0007352249,0.0003571635
0.000297516,0.0008317295,-0.0002989445
-0.0001815522,0.0015817784,-0.0001970189
0.0001486082,0.0019653539,0.0002180076
0.0009163379,0.0013099773,1.84287e-05
0.0005001283,0.0013386844,-0.0006370689
0.0004787686,0.0012061432,0.0006775883
0.0005928906,0.000952055,0.0005292774
0.0005745823,-0.0001443113,0.0007636453
0.0006093681,-0.0002505886,0.0003156609
0.0006978584,0.0002679713,0.0003412949
8.8546e-06,0.0012684437,0.0002082423
0.0009108454,0.001061997,0.0005726111
0.0008864343,0.000827454,-0.0006767406
0.0009523443,0.0009899239,0.0005988554
0.0013087467,0.0015255858,0.000132561
0.0014796245,0.0003718054,0.0009540692
0.0009151174,-0.0001265984,0.0003028439
0.0017804916,0.0001372624,0.0003657082
0.0014448387,0.0012611142,0.0002418106
0.0017042068,0.0010632186,0.0011188591
0.0019519797,0.0005312213,-0.0004454244
0.0017182432,0.0002258268,0.0002973509
0.0019440461,0.0016654565,0.0002338762
0.0026977394,0.0017534101,0.0012683907
0.0025506624,0.000885479,0.0011420517
0.0026019258,-0.000449095,0.0012073574
0.0020715942,0.0002655281,0.0005549114
0.0025335746,0.001507873,0.0015186272
0.0028106409,0.0020343731,0.0007416733
0.0028161334,0.0013191391,0.0009821445
0.0025116046,0.00118049,0.0003235952
0.0022259945,0.0009099105,0.0010938354
0.0026489172,0.0012672221,0.0008582469
0.0024310479,0.0012122511,0.001258015
0.0019977506,0.0010540567,0.0017200371
0.0023187568,4.19794e-05,0.0015570782
0.001588254,-0.0004399332,0.0011158074
0.0012684683,-0.0004515382,0.0015283925
0.0013227831,0.0003748594,0.0008960876
0.0014405667,0.0003999017,0.0014728522
0.0008705671,0.0006796431,0.0004725164
0.0012922692,-8.01784e-05,0.0010297505
0.0005831262,0.0003742486,0.0005268361
0.0008723979,0.0004548727,0.0016113978
0.0009553957,0.0007352249,0.0008643502
0.0007381368,-0.0002169952,0.0015991912
0.0003487794,0.0002215513,0.0003577738
0.0006887042,0.0003553141,0.0015033689
0.0001894968,0.0006930804,0.0011103144
0.0003268094,0.0002740792,0.0010407365
-0.0001913166,0.0004951848,0.0006324237
5.5846e-05,0.0006814754,0.001226888
0.0001888866,0.0003363796,0.0007904999
-0.0003737898,0.0006961344,0.0005243948
-8.20769e-05,0.0010448949,0.0008954772
-7.71946e-05,0.0010894825,0.0003852388
0.0001467774,0.0005690903,0.0004645821
6.98824e-05,0.0008689877,-0.0004570207
-0.00030849,0.00094045,-7.67833e-05
-0.0004122373,0.0016862233,-0.0004100251
0.0004525267,0.0013496786,-0.0003843911
-0.0014246885,-4.4406e-06,-0.000514392
-0.0004549567,0.0002527016,-0.0002897895
0.0010390038,0.0010558891,-0.0003026065
-0.0008449244,0.001829148,-0.0002153288
2.65526e-05,0.0013594512,-0.0004368797
0.0007668198,0.0001824608,-0.0002299768
-0.0001180833,-0.0003703032,-0.0002116668
-4.79013e-05,0.0004542619,-0.0007011539
0.0006484259,0.0005764197,0.0004096521
-0.0005507704,0.0008683769,-0.0006681959
0.0004763275,0.0003192776,-0.0001481922
0.0004616808,0.0018737356,-0.0009617661
0.0008754493,0.0013838828,0.0009198905
0.0006887042,0.0013728886,-0.0008592302
0.0019629647,-0.0002114981,0.0009314869
0.0003060599,0.000196509,-0.0010722364
0.0014430079,0.0006814754,0.0008710639
0.0015015945,0.0019916178,-0.0001616195
0.0011525155,-0.0001699644,0.0012659493
0.0009370874,-0.0003318235,-0.0014091402
0.0017261768,-0.0003525903,0.0010401261
0.0009096249,0.0023861875,-0.0006108246
0.0022790887,0.0015573469,0.001206747
0.002338896,0.0007181228,0.0002735479
0.0016480613,-0.0007581542,0.0004523755
0.0015766587,0.0006295584,-0.0006431723
0.0020398597,0.0012995939,0.00124886
0.0018415194,0.0021333209,-0.0001939672
0.0026525788,0.0004878553,0.0009418625
0.0013581792,0.000694302,-0.0003807291
0.0019672367,0.0004951848,0.000730077
0.0025500521,0.0016990499,0.0002936889
0.0019647955,0.0018328127,0.0011463241
0.0021924292,0.002216999,0.0007233633
0.0028136922,-1.60456e-05,0.0021924348
0.0012684683,-0.0011869281,0.0008124719
0.0012245283,-0.0007599866,0.0005219534
0.0010176441,0.0010882609,0.0013593303
0.0010890466,0.001603156,0.0014813969
0.0016090035,0.0010222957,-0.0001457509
0.0009187791,0.0002520908,0.0005225638
0.0005318628,0.001027182,1.29357e-05
0.0014338537,0.0012806594,0.0005695594
0.0006295073,0.0012055324,0.0006647713
0.000710064,6.88541e-05,0.0005372117
0.000519047,0.0003107265,-0.0001964085
0.0003744111,-0.0002023362,0.0018036527
-0.0005562629,-0.000162635,-0.0001695539
-0.0001125908,-0.000304338,5.44383e-05
6.74412e-05,0.0012568387,0.0002924682
3.3876e-05,0.0014547343,0.0007764623
5.34048e-05,0.0009031918,-0.0004442037
-0.0003957598,-0.0002884575,0.0005335497
-0.0003011667,0.0006307799,-0.0001585679
-0.000113201,0.00127333,0.0004029385
-2.65416e-05,0.0011737714,0.0005518597
-0.0004506848,0.0002362103,-0.0008580095
-0.0005446676,0.0009154076,-0.0010240201
-0.0002114558,0.0021259914,-0.0003306818
-0.0005947104,0.0023012879,-0.0008683852
-7.0127e-06,0.0016117071,-0.0009855691
0.0004610706,0.0013234147,-0.0006425619
-0.0001974194,0.0011578909,-0.0007212949
-0.0002193894,0.0006637626,-0.0003904944
-6.43788e-05,0.0004793043,-0.0007536425
-0.000209625,0.0004542619,-0.0004747204
0.0003030086,0.001137124,-0.0007640182
0.0005623767,0.0006234505,5.0014e-06
-0.0007192071,0.0008298972,-0.0019889565
0.0004958564,0.0004035664,-0.0001579575
0.0007204387,0.00189267,-0.0013792339
0.0006032653,0.0014803874,0.0002088526
0.0003072805,0.0014070928,-0.0008549578
0.0010597533,0.0001684127,-6.21353e-05
0.0001193149,0.0004438785,-0.0006492756
0.0010048282,0.0003779133,0.00069895
0.0014118837,0.0012611142,-0.0007853799
0.0009535649,0.0007046854,0.0004139245
0.0010255777,0.0010296252,-0.0006620926
0.0011439716,-0.0002041686,0.0001093683
0.0011506847,0.0009624384,-0.000518054
0.0020783073,0.0017460807,0.0010016752
0.0016230399,0.0014467941,0.0004847231
0.0024249452,0.0001574185,-0.0002818551
0.0010060488,7.00756e-05,-0.000446645
0.0020313158,0.0016715644,0.0006336444
0.0022034142,0.0025443819,-0.0003978184
0.0022919046,0.0017210383,0.0005097468
0.0021936498,0.0007352249,0.0001667396
0.0018598277,0.0004151714,0.0003431259
0.0022449131,0.0014278596,0.0001752843
0.002301669,0.0022628082,0.0011609721
0.0021905984,0.0018993887,0.0010523328
0.0024072471,0.0004835798,0.0014887209
0.0020947848,-0.0003415961,0.001208578
0.0013679437,0.0001904011,0.0004938781
0.0016865088,0.0016373602,0.0007618143
0.0014381256,0.0015799461,0.0016754828
0.0014198173,0.0010784883,0.0004609201
0.0014790143,-2.70398e-05,0.0007843966
0.0007271518,0.0004970172,0.0004987608
0.0011458025,0.0011853764,0.000638527
0.0011348175,0.0015213103,0.0008674019
0.0011213913,0.000373027,0.0014185326
0.0008608026,3.83146e-05,-0.0003898841
0.0003103319,0.0003748594,0.0008625192
7.0237e-06,0.0005391616,0.0010865114
0.0001504391,1.75478e-05,0.0002936889
-4.79013e-05,0.0004383814,0.0002131249
0.0001211457,0.0009984749,0.0008515332
0.0001302999,0.0007511054,0.0002497449
-0.0004476334,0.0010332899,6.60347e-05
3.08246e-05,0.0002649173,0.0015119135
0.0001345718,0.000616121,-0.0006248623
-6.07171e-05,0.0005403832,0.000629372
-0.0001473766,0.0016911096,0.0001710119
0.0002462527,0.0004866337,0.0005140191
-0.0004616698,0.0012446229,-0.0015013005
-3.02032e-05,0.0009001379,0.0010700325
-8.14666e-05,0.0016856125,-0.0007615769
0.0007857384,0.000639331,0.0002338762
0.0001479979,0.0011395672,-0.0003697431
0.0003268094,0.0009599952,-5.42009e-05
5.1574e-05,0.0014272488,-0.0010856637
0.0005044003,0.0009587736,0.000667823
0.0001852249,0.0003485954,-0.0005778666
0.0007405779,-0.0001064424,-0.0007499806
0.0002114669,0.000769429,-0.000446645
-3.93574e-05,0.0014211409,-0.0002830758
0.0012361236,0.0017295894,-0.0014384362
0.0007710918,0.0015402448,-0.0001573472
0.0005617664,0.0014290812,-0.0001463612
0.0013191214,0.0007566025,-0.0004142974
0.0001663063,-0.000260972,0.0005243948
0.0008247962,0.0004298304,-0.0002299768
0.0017170227,0.0011365132,0.0003626565
0.0006984687,0.0013942662,0.0010175438
0.0015601812,0.0003925722,-0.0001079102
0.0010060488,0.0001708558,-0.0005284297
0.0014240892,0.0010638293,0.0010541638
0.0019922581,0.0019494734,0.0003901215
0.0021851059,0.0009380068,0.0009772618
0.0018500633,7.4962e-05,0.0005768834
0.0020941745,-4.71958e-05,0.0003449569
0.0016810163,0.0011078062,0.0001704016
0.0022821401,0.0016892773,0.0007947723
0.0028802125,0.0018932808,-6.94593e-05
0.0023950415,0.000662541,0.0007734106
0.0022333179,0.0007981361,1.9039e-05
0.0027380178,0.0010210741,0.0004767888
0.0025524933,0.0021125541,0.0005720007
0.0025836174,0.0019299281,0.0013855746
0.0022699345,0.0006429957,0.0008356646
0.0024688852,-0.0007373874,0.0009589518
0.0016755238,0.0002636958,0.0005317187
0.0016785752,0.0017503562,0.000766697
0.0018720333,0.0016770615,0.0011280141
0.0014039501,0.000960606,0.0002509656
0.0016297529,-6.36871e-05,0.0007599833
0.0010432758,0.0006313907,0.0003724218
0.0012568731,0.0010455057,0.0008674019
0.0007405779,0.0011884303,0.0007386216
0.0011696033,0.0001018367,0.001298297
0.0005733617,-5.26929e-05,3.7807e-06
0.0005336936,-0.000107664,0.0011859957
0.0003481691,0.0005464911,0.0007160393
0.0004610706,0.000369973,0.000737401
4.18096e-05,0.000540994,0.0005799351
0.0005227086,0.0006167318,0.0007856173
0.0001608138,0.0003229423,0.0007233633
-0.0002871303,-0.0002640259,0.0007758519
0.0002322163,0.0004701424,0.0003461775
5.1574e-05,0.0009703786,0.0005323291
4.97432e-05,0.0015823892,-0.0002452352
0.0005532225,0.0010564999,-0.0003215268
6.19487e-05,0.0011145248,-0.0003392264
0.0001486082,0.001325247,-0.000461293
4.0589e-05,0.0016275876,-0.0006578203
0.0001113813,0.001328301,0.0002625619
0.0004061455,0.0009691571,-0.0002678175
0.0007375265,-6.67411e-05,0.0002814822
0.0003158244,0.0008818142,-0.0007469289
0.0003817344,0.0013313549,3.918e-05
0.0003219272,0.0015707842,-0.0004326074
0.0007094537,0.0008030224,-0.0002311975
0.000448865,0.001061997,-0.001089936
0.00035,0.0009856484,1.41564e-05
3.08246e-05,0.0009654923,-0.000496082
0.0009132866,0.00056115,-0.0005479603
0.0004885331,0.0014437401,-0.0007469289
0.0007027406,0.0017399728,0.0002216696
0.0010115413,0.0015194779,-0.0007096986
0.0007552245,-0.000295787,0.0002442519
0.0007503423,-0.000139425,-0.0005851906
0.0018482324,0.0008512748,-0.0001591782
0.0013355989,0.0019482518,0.0004493238
0.0018348063,0.000839059,0.0008399369
0.0017298385,-0.0004497058,-0.0008494648
0.0012709095,-1.7878e-05,0.0004029385
0.0018323652,0.0023373244,0.0004590891
0.0027715831,0.0018847298,0.0010816288
0.0021472687,0.0010174094,2.087e-05
0.0021460481,0.0004554835,0.0003119989
0.0021222473,0.0012660005,0.0003345812
0.0022827504,0.0021015599,0.0003675392
0.0026342705,0.0020575831,0.000603738
0.0028313903,0.0007663751,0.0011487654
0.0020123972,0.000639331,-2.91773e-05
0.0023651379,0.0010656617,0.0009449142
0.0028649556,0.0016917204,0.0011988127
0.0021600845,0.0012580602,0.0010340228
0.002470716,0.0013570081,0.0010541638
0.0027203197,0.0004731964,0.0020642649
0.0017481469,-0.0001882881,0.0009461349
0.0017841533,-0.0001852342,0.0006189964
0.001370995,0.0012855458,0.0014344013
0.0011848603,0.0015799461,0.0015558575
0.001478404,0.0010369546,0.0004468825
0.0014478901,-4.16987e-05,0.0015412095
0.0010170338,0.0005098437,0.0006562267
0.0017469263,0.0008207353,0.0015021482
0.0012684683,0.0013954878,0.0017035581
0.0011818089,0.0002618634,0.001934264
0.001212933,-0.000229211,0.0009430832
0.0007204387,-0.0002237139,0.0023718727
0.0003445075,0.0004988495,0.0015741675
0.0005288114,3.15959e-05,0.0014307393
0.0003603747,0.0009777081,0.0007673073
0.0004763275,0.0015152024,0.0014655282
0.0004372697,0.0010699372,0.0011805027
0.0001333513,-0.0001455329,0.0008857119
0.0001229765,-7.71245e-05,0.0004487135
-7.0127e-06,0.0010406194,0.0006135034
0.0004214025,0.001270276,0.0012201744
2.89937e-05,0.0012782163,-3.46703e-05
0.0001840043,0.0003834104,0.0002448622
-0.0005837254,0.0007437759,-0.0004509174
0.0006111989,0.0013405168,0.0007850069
8.02571e-05,0.0018615198,0.0002473036
0.0008290682,0.000740722,0.00071726
0.0006679548,0.0017198167,-0.0009654281
0.0004836508,0.0013435707,0.0020990539
0.0003310813,0.001128573,-0.0004283351
0.000841884,-9.23942e-05,0.0001337816
0.0002682227,0.0014541235,-0.0001756572
0.0011848603,0.001924431,0.0009485762
0.0002761563,0.0017411943,-0.0010856637
0.0012367339,0.000702853,0.0002662239
0.0008193037,0.0017992193,-0.0010160857
0.0013459737,0.0020814038,0.0006904053
0.0012379544,0.0018853406,8.6634e-06
0.0011317661,0.0001787961,0.000640358
0.0009218304,0.0002905705,-0.000561998
0.0015369907,0.0012018677,0.0010035062
0.0014716909,0.0024442125,0.0004505445
0.0022290459,0.0016862233,0.0005854281
0.0015119693,0.0012421797,-8.04452e-05
0.0016974938,0.0011511722,0.0008619089
0.00212835,0.0018071596,0.0003907318
0.0018402988,0.0014229733,0.0012610667
0.0018366372,0.0013912123,0.000598245
0.0022925148,0.0006820862,0.0012128504
0.0011500744,0.0010339007,0.0003528912
0.0020654914,0.001692942,0.0004011075
0.0025634783,0.0026940252,2.39217e-05
0.0024914655,0.0022322687,0.0018506484
0.0024975682,0.0013197499,0.0004719061
0.0026562405,4.25901e-05,0.0008747259
0.0022992279,0.0014364106,0.0006946777
0.0024957374,0.0021943998,0.0021564252
0.0023974826,0.0015243643,0.0015595195
0.0022858018,0.0001769637,0.000768528
0.0019159733,0.0007205659,0.0006702643
0.0019812731,0.0019934502,0.0015369372
0.0018720333,0.0017051578,0.001294635
0.0013557381,0.0004170038,0.0010651498
0.0015607915,0.0004536511,0.0009424729
0.0013624512,0.0004756395,0.0015772192
0.0009834685,0.0014058712,0.0009046322
0.001320342,0.0008079088,0.0020325276
0.0010255777,0.0006069592,0.0008258993
0.0009572266,0.000526335,0.0010755255
0.0005440684,0.0011585016,0.0014392839
0.0009395285,0.0001867363,0.0022314962
0.0002529658,-0.000217606,0.0002827029
3.69273e-05,0.0002264376,0.0015912568
9.24626e-05,0.0008415022,0.0018750617
0.0001028374,-0.0002536425,0.0012348224
-0.000238308,-1.54348e-05,0.0001386643
-0.000536734,0.0009551089,0.0012952453
6.07282e-05,0.0012305747,0.0009296559
-0.0001254066,0.0006039052,-0.0002659865
-0.0001431047,0.0005977973,0.0003980558
0.0003121627,0.0009612168,0.0005439254
-2.9593e-05,0.0008146274,-9.14312e-05
1.92293e-05,0.0016740076,-0.0007249569
-0.0003255778,0.0013148636,0.0008332233
0.0005208778,0.0010546675,-0.0002958928
0.0005562739,0.0008079088,-0.0001426992
0.0003585438,0.0010009181,0.0005549114
0.0005831262,0.0013337981,-0.000523547
0.0006685651,0.0015805568,-0.0004783824
0.0003371841,0.0018138782,0.0001746739
0.000835171,0.0009777081,-0.000545519
0.0008150318,0.0005245027,-0.0007774455
5.27946e-05,0.0010760451,-0.0001225582
0.0005391861,0.0016984391,-0.0004460347
0.0010658561,0.0020533075,-0.0007798869
0.0005025695,0.0018938916,8.98377e-05
0.0011775369,0.0015463527,-0.0003331231
0.0013496353,0.000619175,8.4955e-05
0.000367698,4.0147e-05,0.0004755681
0.0010988111,0.0008488316,-0.0003953771
0.0013886931,0.0020471996,-9.87552e-05
0.0010621944,0.0018786219,0.0012482497
0.0017969691,0.0006203965,-0.0003196958
0.0012904384,-0.0005230005,-0.0002134978
0.000949293,0.000729117,9.53307e-05
0.0022937354,0.0025388848,7.64103e-05
0.0020728148,0.0026622642,0.0009943512
0.001757301,0.0003864643,0.0010480605
0.0018830183,-0.0005407134,-0.001157683
0.0016523332,0.0009557197,0.0003785252
0.0016346351,0.0027868651,0.001314776
0.0027850092,0.0020887333,0.0003248159
0.0023529324,0.0010430625,0.0003071162
0.002095395,0.0007126257,0.0013819126
0.0029125573,0.0010595538,0.0008271199
0.0023810051,0.0010900933,0.0014044949
0.0018268727,0.0014645069,0.0014826176
0.0025976538,0.001716152,0.0010907838
0.002220502,0.0005709226,0.0022607921
0.0013770978,-0.000226157,0.0011267934
0.0015321084,0.0003632544,0.0002515759
0.000890096,0.0014889385,0.0019336536
0.0014661984,0.0013960986,0.0015106929
0.0015125795,0.0006894157,8.98377e-05
0.0007552245,0.0005385508,0.0016004118
0.0011525155,0.0006668165,0.0014319599
0.0012550422,0.0006094023,0.0008979185
0.0002230621,0.0005593176,0.0014075466
0.0005861775,0.000184904,0.0014673592
0.0008339504,0.0001879579,0.0008057583
9.06318e-05,0.0001513106,0.0015869845
-8.08563e-05,-0.0001058316,0.0011554791
-3.56957e-05,0.0001287114,0.0004468825
-0.0001308991,0.0012782163,0.0009894685
-7.23124e-05,0.0011945382,0.0014545422
-4.0578e-05,-6.00224e-05,0.000596414
-0.0007790143,-0.0001925636,0.0003492292
-0.0005538218,0.0007566025,0.0006965087
0.0001522699,0.0013069234,0.000711767
0.0001205354,0.0010058044,-0.0001127929
-0.000536734,0.0012788271,-0.0003532641
0.0004055353,0.0016074316,-0.0003557054
4.60815e-05,0.0006405526,0.0004084315
0.0003353533,0.0008628798,-0.0005681013
6.4134e-06,0.0010656617,0.0001227956
0.0004232333,0.0010803206,0.0004096521
0.0010609738,0.0009227371,-0.0001365959
-0.0001827727,0.0003913507,-1.0257e-05
0.0003756316,0.0009648815,-0.0006462239
0.0008589718,0.0013539541,-0.0001249996
0.0007466807,0.0023244978,-0.000607773
0.0004079764,0.0015689519,-0.0003477711
6.98824e-05,0.0012488984,-0.001106415
0.0009181688,0.001328301,-4.99286e-05
0.0001504391,0.0019928394,-0.0007182432
0.0011335969,0.0016465221,0.0004194175
0.0008345607,0.0020636909,-0.0008995121
0.0001492185,0.0006979667,0.0007892793
0.001217205,0.0007077394,-0.0006895576
0.0017524188,0.0012806594,-3.89426e-05
0.0005697,0.0023128929,0.0005500287
0.0020307056,0.0012672221,0.0007489973
0.0016242604,0.0006936912,-0.0007255672
0.0006563595,0.0007285062,0.0007532696
0.0020703736,0.002185238,0.0001514813
0.0019605236,0.0018529687,0.0010138818
0.0016358557,0.0014229733,0.0002582896
0.0021124828,0.0010485596,-9.26519e-05
0.0014661984,0.0028516088,6.35933e-05
0.0025494419,0.0029548321,0.0011206901
0.0026086388,0.0021125541,0.0004664131
0.0025274719,0.0003950154,0.0014405046
0.0017182432,0.0002001737,0.0005793247
0.0025402877,0.0013820504,0.0013336963
0.0029064545,0.0032101419,0.0013617716
0.0020563372,0.0012605034,0.0019440293
0.0025183177,0.0012159158,2.2701e-05
0.0026653947,0.0007083501,0.001829897
0.0009279332,0.0004524296,0.0016522901
0.0024237246,0.0009160184,0.0002442519
0.0009096249,0.0015084837,0.0015485335
0.0012428367,0.0018285372,0.0018732307
0.0017292282,0.0007566025,0.0004395585
0.0004293361,-0.0002218815,0.0011109248
0.000290803,0.000795693,0.0004816714
0.0009859096,0.0016135394,0.0012152917
0.0013301064,0.0023073958,0.0013520063
0.0006209634,0.0002441505,0.0014588146
0.0006057064,-0.000107664,-0.0003239681
0.0005178264,-0.0001235445,0.0020581616
-1.61668e-05,0.0004927416,0.0015241202
0.0001571521,-4.78066e-05,0.0005323291
0.0002615096,0.0009447255,0.0006012967
9.67346e-05,0.0011554477,0.0016156702
0.0004665631,0.0013466247,-5.35906e-05
-0.0002682117,0.0006900265,0.0003290882
-0.0003982009,0.0007114041,0.0005842074
0.0003713597,0.0013680023,-0.0001585679
0.0002724947,0.001692942,0.0008893739
-0.0002328155,0.0013435707,3.79594e-05
-6.4024e-06,0.001070548,-0.0007774455
-0.0003017769,0.0015084837,-0.0006346276
-0.0001791111,0.0015982697,0.0004157555
0.0004043147,0.0019262634,-0.0012754773
0.0003542719,0.0012806594,-5.66423e-05
-2.89827e-05,0.0016532407,-0.0008299342
0.000514775,0.0012476768,-0.0004973027
-0.0002169483,0.0012140834,-0.0008628922
-0.0001119805,0.0012220237,-0.0006694166
5.70665e-05,0.0015097053,-0.0011491383
0.0007344751,0.001360062,-0.0002000705
-0.0003505992,0.0012660005,-0.0013078249
0.0003646466,0.0021876811,-0.0015128968
0.0008394429,0.0026567671,-0.000589463
0.0002694433,0.0023043418,-0.0003142028
0.0010542608,0.0016367494,-0.0013682479
0.0005648178,0.0013893799,-0.0002373008
0.0003036188,0.0015432987,0.0002650032
0.0015119693,0.0017314217,-0.0004368797
0.0014308023,0.0011304053,0.0001594156
0.0012623656,0.0012672221,-7.92246e-05
0.0018677613,0.0016220905,-0.0007585252
0.0015766587,0.0017485238,0.0004481031
0.0015717765,0.0017308109,-0.0004332177
0.0020606092,0.002251814,-0.0009959447
0.0016895602,0.0021669143,0.0008295613
0.001963575,0.0015090945,-0.0002269252
0.0017487571,0.0009856484,-0.0012205473
0.0015028151,0.0024118407,-0.0001024172
0.0020331467,0.0034251396,-7.80039e-05
0.0025274719,0.0021479798,0.0002656136
0.0020502345,0.0005580961,0.0002161766
0.0015894746,0.0007474406,-0.0006871163
0.0024786496,0.0024668117,0.0002314349
0.0020123972,0.0031148588,0.0014026639
0.0018634894,0.0013557865,0.0007471663
0.002551883,-0.0003495364,0.0002790409
0.0015034254,0.0003088941,0.0010291401
0.0012898281,0.0017784525,0.0009113459
0.0018817977,0.0018657953,0.0002802616
0.0010554813,0.0013521218,0.0008820499
0.0012049994,0.0016422465,0.0001002133
0.0017499777,0.0013533433,0.0009089045
0.0004000428,0.0007095717,0.0008728949
0.0009163379,0.0003620328,0.0002155663
0.0009053529,0.0010815422,0.0003138299
0.0007723123,0.0011542261,0.0015985808
0.000982248,0.000729117,-0.0001939672
0.0007967235,-7.46813e-05,0.0008045376
0.0001864455,0.0003882967,0.0006977293
0.0003048394,0.000416393,0.0002198386
5.64562e-05,0.0008219569,0.0002717169
0.0001974305,0.0004658669,0.0007251943
-0.0003145928,0.000540994,-0.0002311975
3.32657e-05,0.0008195137,6.60347e-05
-0.0008778794,0.0007285062,0.0004731268
-0.0001070983,0.0011658311,-0.0008763195
9.12421e-05,0.0011749929,-0.0002537798
-0.0002633294,0.0015133701,-0.0001774882
0.0003823447,0.0010430625,-0.0007292292
0.0002590685,0.0010583322,-0.0012388573
-0.0003341217,0.0012446229,-4.74873e-05
0.0003139936,0.0011945382,-0.0003850014
0.0006850426,-2.9483e-05,-0.0002812448
-1.06743e-05,0.0003357689,-0.0009672591
0.00045985,0.0014083143,-0.0003361748
0.0004391005,0.0019623,-0.0003361748
0.0004232333,0.0011890411,-0.0008970708
0.0007241004,0.0007987469,-0.0013017216
0.0006856529,0.0012091971,-0.0006877266
0.0003445075,0.001562844,-0.0007768352
0.0003060599,0.0018749571,-0.0015202208
0.0009828582,0.0011493398,-0.0003410574
0.0005019592,0.0014596206,-0.0016093294
0.0009700424,0.0014779443,-0.0005662703
0.0008437149,0.0017033254,-0.0005156127
0.0011873014,0.0002850734,-1.7581e-05
0.0007552245,0.0013319657,-0.0021574084
0.0018457913,0.0015585684,0.0009772618
0.0013801492,0.0019604676,-0.000551012
0.0018451811,0.0001916227,-0.0004710584
0.0008693465,0.000760878,-0.0011308283
0.001496102,0.0009086889,0.0008851016
0.0017524188,0.0025810292,-0.0017417717
0.001772558,0.0018285372,0.0010529431
0.0017847635,0.0015604008,-0.0004515277
0.0022400309,0.000369973,-0.0002952825
0.0012550422,0.0020355946,-0.0005534533
0.0023651379,0.0025205611,0.0014893312
0.0023071615,0.0023409891,-0.0002763621
0.002286412,0.0003669191,0.0012641183
0.0017609627,0.0001592508,0.0002680549
0.0023511015,0.0005642039,0.000600076
0.0023871079,0.0024307751,0.0002845339
0.0018049027,0.0023922954,0.0014063259
0.0024084676,0.0014681717,7.58e-05
0.0024170115,-0.000191342,0.0009522382
0.0010469374,0.00018185,0.0004078212
0.0019245172,0.0011426211,0.0006867433
0.0013996781,0.0016825586,0.0008704536
0.0007491218,0.001140178,0.0007959929
0.0014021192,0.0005257242,-0.0002592728
0.001059143,0.0005098437,0.0008124719
0.0007527834,0.0012030892,0.0008100306
0.0014338537,0.0011609448,0.0006452407
0.0007753637,0.0007462191,0.000728246
0.0007125051,0.0004322735,0.0011975921
0.0009962844,0.0001598616,0.000719091
0.0001376232,0.0003394336,0.0007996549
0.0003689186,0.0002123895,0.0013483443
0.0001388438,0.000361422,0.0002418106
0.0001528802,0.0010363438,0.0005237844
1.06854e-05,0.0011731606,0.0006446304
-6.98713e-05,0.0006106239,0.0005524701
-5.64452e-05,0.0002887381,0.0002454726
-0.0004696034,0.0002111679,0.0004047695
-0.0003298497,0.0008659337,4.16214e-05
0.000231606,0.0011047522,0.0001496503
-0.0002663808,0.0013472354,-0.0003825601
0.0002200107,0.0011395672,-0.0005461293
0.0004647322,0.0014773335,-0.0005229367
6.74412e-05,0.0008702092,5.9321e-05
7.3544e-05,0.0008170706,-0.0008116242
0.0007265415,0.0006778107,-0.0001384269
3.20451e-05,0.0014797767,-0.0003850014
0.0005483403,0.0009874807,-4.38253e-05
0.0001650857,0.0012134727,-0.0014292812
0.0004238436,0.0011047522,-8.71589e-05
0.0004982975,0.0020435349,-0.0011662277
0.00122819,0.0018615198,-0.0005101197
0.0002078052,0.0020789607,-0.0010539264
0.0010847747,0.0012238561,-0.0004753307
0.0008620232,0.0016391926,-0.0014610185
0.0008870446,0.0018645737,0.0002631722
0.000666124,0.0019171016,-0.0008183378
0.0011323764,0.0010760451,-0.0003880531
0.0009059632,0.0010412302,-0.0003673018
0.0014436181,0.0010992551,-6.70179e-05
0.0020026328,0.0019433655,-0.0009336908
0.0016779649,0.0018016625,0.0002112939
0.0015620121,0.00155979,-0.0010154754
0.0018415194,0.0008616582,-0.0006157073
0.0012208667,0.002005666,-0.0007737835
0.0019995814,0.00255843,-0.0001225582
0.0020062944,0.0018389206,-0.0001201169
0.0017627935,0.0004957956,-0.0004564104
0.0015467551,0.001695996,-0.0013297969
0.0023694099,0.0030183541,0.0006360857
0.0024072471,0.0034300259,0.0001240163
0.0025653091,0.0011230759,0.0005323291
0.0021014978,0.0002930136,-0.0002684278
0.00212835,0.00091724,0.0008222373
0.0022345384,0.0027489962,0.0001282886
0.002371851,0.0026011853,0.001223226
0.001772558,0.0017210383,0.0001917633
0.0023077718,0.0011841548,0.0002045803
0.0021314014,0.0012220237,0.0009552899
0.0016517229,0.001936036,0.0001057063
0.0018598277,0.0024619254,-3.28393e-05
0.00136001,0.002173633,0.0011267934
0.0014991534,0.0009917562,9.65513e-05
0.0013099672,4.56441e-05,-0.0001256099
0.0008894857,0.000885479,0.0005481977
0.001412494,0.0017637935,0.0004255208
0.0014033398,0.0016825586,0.0001972563
0.0011220016,0.0010241281,0.0007123773
0.0010237469,0.0007853096,-9.50932e-05
0.0009352566,0.0006784215,0.0008289509
0.0001937688,0.0008134059,0.0010926148
0.0001614241,-0.0001815694,0.0008094203
-0.0002138969,0.0005550421,-0.0004710584
-0.0001955886,0.0014321351,0.0013898469
-0.0002071839,0.0017766201,2.39217e-05
-0.0002791967,0.0007162904,-0.0003502124
-0.0007552135,0.0007932498,-0.0001140136
7.11029e-05,0.0016361386,-0.0005339227
0.0001351821,0.0014376322,0.0001044856
-6.68199e-05,0.0008848682,-0.0001530749
0.0005501711,-0.0001003345,-0.0007182432
-0.0003249675,0.0010076368,-0.001086274
-0.0001034366,0.001458399,0.0002204489
0.0002480835,0.0013215823,-0.0017381097
0.0004940256,0.0006313907,-0.0008024692
0.0004433725,0.0014571775,-0.0010404991
0.0012977617,0.0018755679,-0.0006669753
0.0001717988,0.0016874449,-0.0013426139
0.0003853961,0.0011224651,-0.000463124
0.0008315093,0.0010790991,-0.0011021427
0.0005971625,0.0019262634,-0.0009825174
0.0005831262,0.001774177,-0.0001866432
0.0004812097,0.001238515,-0.0008897468
0.0009254921,0.0011200219,-0.0013871682
0.0002566274,0.0027092949,-0.0006028903
0.0016578257,0.0028192369,0.0004731268
0.0009926227,0.0014926032,-0.0008134552
0.0009193893,-0.0004234419,0.000150871
0.0008955885,0.0004041772,-0.0002708691
0.0015418729,0.0015426879,1.5377e-05
0.0009474621,0.0027538825,-0.0004527484
0.0015131898,0.0018963348,-0.0001225582
0.0010335113,0.0009868699,-0.0007341119
0.0015162412,0.0004701424,-0.0006352379
0.0010359524,0.0025059022,-0.0017216307
0.0016492818,0.0032022016,0.000704443
0.0020386392,0.0019732942,0.0001697913
0.001904378,7.80159e-05,-0.0007927039
0.0012178153,0.0013851044,-0.0006303553
0.0023669687,0.0024326075,0.0013434616
0.0021893778,0.0022530355,0.0001679603
0.0024151807,0.0005874139,0.0005701697
0.0020764764,0.0007016315,0.0002473036
0.0027300842,0.001594605,0.0008374956
0.002415791,0.0027642659,0.0007673073
0.0020300953,0.0021791301,0.0015479232
0.0023791743,0.0010766559,0.0005762731
0.0018567763,0.0007101825,0.0009497969
0.0013343784,0.0011346809,0.0013507856
0.0015790998,0.0013991525,0.0005720007
0.0011537361,0.001336852,0.0008680122
0.0008876549,0.001351511,0.0005872591
0.001599239,0.0007712614,0.0002753789
0.0005501711,0.0010222957,0.0002021389
0.0010286291,0.0009044134,0.0010389055
0.0010658561,0.0006820862,4.6504e-05
0.000334743,0.0004371598,0.000713598
0.0004921947,0.0004848014,0.0008313923
0.0008083187,1.87694e-05,0.000660499
-2.10491e-05,0.000115274,0.0003480085
-0.0002749247,0.0002490368,0.0009040219
-0.0001547,0.0007602672,0.0001691809
-0.0001699569,0.0011811008,0.0001911529
-0.0001650747,0.0012782163,0.0005756627
-0.0004567876,0.0007327817,0.0003614358
-0.0004384792,0.0004310519,0.0002753789
-0.0004421409,0.0002838518,0.0005420944
-7.90255e-05,0.0010711588,-5.78629e-05
0.0004915845,0.0012757731,0.0002326556
-4.48499e-05,0.0012855458,0.0003791355
0.0004873125,0.0002075032,-0.0001719952
0.0002602891,0.0006148994,-0.0008128448
-6.55994e-05,0.0007559917,0.0005970244
0.0003243683,0.0015042082,-0.0005375847
0.0004342183,0.0007950822,-2.55153e-05
-9.24516e-05,0.0011756037,-0.0008152862
0.0005269806,0.0011566693,-0.0007090882
-0.0005330723,0.0021259914,-0.0013145386
0.000519047,0.0014541235,-0.0001921362
0.0003597644,0.0017082117,-0.0022532307
0.0003847858,0.0014687825,-0.0002562212
5.95076e-05,0.0018065488,-0.0008097932
0.0009511238,0.0003107265,-0.000481434
-2.71518e-05,0.0017014931,-0.0019749189
0.0009596677,0.001959246,0.0010682015
0.0006453745,0.0021943998,-0.001174162
0.0011866911,0.0005110653,7.45793e-05
0.0006612417,0.00084761,-0.0007829385
0.0018842388,0.0015646763,2.57527e-05
0.0012641964,0.0029749881,-0.0004802134
0.0016865088,0.0018987779,0.0007258046
0.001320342,0.001096812,-0.0009666488
0.0014106631,0.0007963038,-1.33086e-05
0.0013136289,0.0021858487,-0.0001359856
0.0016382968,0.0025040698,0.0001929839
0.0019428255,0.0022438737,2.57527e-05
0.0019495386,0.0011157464,8.00723e-05
0.0016572154,0.001261725,-0.0003874427
0.0020325364,0.0020801822,0.0001996976
0.002393821,0.0022927368,0.0007776829
0.0021033287,0.0010497812,0.0007563213
0.0017341105,0.0005984081,0.0001203543
0.0020972259,0.0003681407,0.0010944458
0.0017762196,0.0019201555,-0.0002574418
0.0016700313,0.0029432271,0.000746556
0.0015388215,0.0026940252,0.000763035
0.0019983608,0.0009129645,0.0003467879
0.0011665519,0.0004548727,0.0001972563
0.0013947959,0.0013783857,0.0009034115
0.001125053,0.0019024426,0.0008008756
0.0009383079,0.0013099773,0.0012183434
0.001370995,0.0005287782,0.0003150505
0.0011354277,0.0003547033,0.0006470717
0.0009285435,0.0012452337,0.0009735998
0.0013838109,0.0013991525,0.0008875429
0.0010969802,0.0012434013,0.0004542065
0.000874839,0.0011975921,0.0009540692
0.0012684683,0.000552599,0.0011322864
0.0002370985,0.0005196163,0.0004194175
9.9786e-05,0.0007034638,0.0008893739
-8.20769e-05,0.0006142886,0.0008851016
-0.0002285436,0.0010516136,-0.0003282404
-9.00105e-05,0.0014675609,0.0005414841
-0.0003811131,0.0014742796,0.0008899842
-0.0006606204,0.000474418,-0.0004857064
-1.61668e-05,0.0003669191,4.391e-06
-0.0006667232,0.0014009849,0.0006122827
0.0003133833,0.0009874807,0.0003803562
-5.03424e-05,0.0010571107,-0.0007505909
-0.0002804172,0.0004072312,0.000601907
-0.000102216,0.0009758757,-0.0011399833
-0.0001961989,0.0011322377,-0.0001390372
-0.0004964556,0.0020215465,-0.0004088044
0.0008498176,0.0010296252,-0.0002751415
-0.0003164236,0.001551239,-0.001676466
0.0001101607,0.0015616224,0.0003150505
0.0002749358,0.0021302669,-0.0014866525
0.0006600212,0.0014376322,-0.0005333123
0.0003963811,0.0022273824,-0.0014201262
0.0013587895,0.001183544,-0.0002208218
0.0003298608,0.0016349171,-0.001764354
0.0013008131,0.0015182564,1.3394e-06
0.0008492074,0.0022554787,-0.0015623338
0.0012770122,0.0017870035,0.0001838289
0.0012904384,0.0025010159,-0.0010057101
0.0012288003,0.0013496786,0.0007911103
0.000617912,0.0013234147,-0.0010350061
0.0016834574,0.0016740076,-5.66423e-05
0.0011708239,0.0029310113,0.0002094629
0.0018348063,0.002570035,0.0005707801
0.0013124084,0.0015316937,-0.001157683
0.000650867,0.0012348503,0.000119744
0.0015699457,0.002358702,-0.0003947667
0.0012275797,0.0027899191,0.0003431259
0.001423479,0.0025113993,0.0002790409
0.002055727,0.0012629466,0.0001276783
0.0012928795,0.0011084169,-0.0002659865
0.0016578257,0.0022359334,3.12457e-05
0.0022320973,0.002749607,0.0005915314
0.0020899025,0.0018364774,0.0008399369
0.0021277398,0.000772483,9.5941e-05
0.001838468,0.0009941994,0.0002466932
0.0021014978,0.0022395982,0.0008387162
0.0019532003,0.003024462,0.0004291828
0.0019666264,0.0025785861,0.0008460402
0.0020581681,0.0018664061,0.0007123773
0.0021198062,0.0007883635,0.0014148706
0.0017817121,0.0011395672,0.0007459456
0.0019397741,0.0016404142,0.0015601299
0.0015290571,0.0019891747,0.0015338855
0.001915363,0.0013460139,0.0013727576
0.0013624512,0.0004811366,0.0011634134
0.0009944535,0.0009502226,0.0011652444
0.0015144104,0.0014425185,0.0013410203
0.0009517341,0.0018224293,0.0007904999
0.0010756205,0.0013612836,0.0008863222
0.000721049,0.0013014263,0.0003388535
0.0010200852,0.0007120149,0.0008777776
0.0005056208,0.0007022423,0.0003968352
-5.21732e-05,7.00756e-05,0.0010639291
-0.000117473,0.000260031,0.0002088526
0.0002419808,0.0004591482,0.0008631296
-0.0002798069,0.0009538873,0.0007306873
3.69273e-05,0.0005880247,0.0003162712
-0.0005159845,0.0007395004,4.1011e-05
6.4134e-06,0.0013588404,0.0005219534
3.14348e-05,0.0017973869,0.0002601206
0.0005098928,0.0015182564,0.0001844393
-0.000113201,0.0012324071,0.0002100733
0.0002108566,0.0006613194,0.000676978
0.0001510493,0.0010424517,-0.0003410574
0.0001553213,0.001061997,0.0006562267
0.0003280299,0.0017356972,-0.0002641555
0.0009529546,0.0012537847,0.0001923736
0.0006386615,0.0020050552,-0.001146697
0.0008876549,0.0018835082,0.0002637826
0.0010078796,0.0025669811,-0.001093598
0.0014558237,0.0011230759,0.0002637826
0.0009907919,0.0015781137,-0.00122543
0.0016114446,0.0007572133,0.0005488081
9.5514e-05,0.0017332541,-0.0011509693
0.0016297529,0.0014761119,0.0001935943
0.0005758028,0.0027080733,-0.0014811595
0.0012690786,0.002659821,0.0003785252
0.0013319373,0.0033420723,-0.0013499379
0.0015107487,0.001151783,0.0011408311
0.0008217449,0.001336852,-0.0013987645
0.0020923436,0.001383272,0.0005958037
0.001370995,0.0027819788,0.0002247213
0.0019715086,0.0013490678,0.0009974028
0.0013685539,0.0009062458,-0.001126556
0.0016077829,0.0007285062,0.0009809238
0.001485117,0.0027257862,-0.0003410574
0.0023767332,0.0028906992,0.0007569316
0.0021973115,0.0021510338,0.0007093257
0.0023144848,0.001073602,-7.8156e-06
0.0019623544,0.0022542571,-0.0001109619
0.0024688852,0.0025877479,0.001811587
0.0021991423,0.0019726834,0.0005243948
0.0030156943,0.0006900265,0.0009955718
0.0019361125,0.0010974227,0.0010096095
0.0025616474,0.001814489,0.0011933197
0.0031871824,0.0022652513,0.0002259419
0.0024304377,0.0026298923,0.0012915833
0.0027032319,0.002373361,0.0009290455
0.0032958119,0.0012379042,0.0012207847
0.0020984464,0.0003882967,0.0012976867
0.0022882429,0.0005629824,0.0007654763
0.002154592,0.0017876143,0.000656837
0.0017548599,0.0020502536,0.0017987701
0.0021204164,0.0007480514,0.0009064632
0.0019770011,0.0001238251,-1.08673e-05
0.0015046459,0.001293486,0.0011829441
0.0021564228,0.0023672531,0.0013044003
0.0020477934,0.0017283678,0.0006904053
0.0018006308,0.0001164956,0.001214071
0.0011775369,-0.0002676907,0.0011078731
0.0016352454,0.0001482566,0.001296466
0.0008669054,0.0003192776,0.0013306446
0.000492805,0.0006765891,0.0009479659
0.0011439716,0.0013380736,0.0003797458
0.0012080508,0.000995421,0.0015674538
0.000797944,0.0006271152,0.0004847231
0.0013410914,1.81586e-05,0.000594583
1.80087e-05,0.0010406194,0.000726415
0.0010969802,0.001516424,0.0015296132
0.0014375154,0.0006936912,0.000678809
0.0010115413,-0.0003464825,0.0009015805
0.0007302032,0.0004383814,-0.0001066896
0.0013740464,0.001047338,0.0009125665
0.0008559204,0.001895724,-0.0004789927
0.0012959309,0.0014974895,0.0002277729
0.0015571298,0.0016691212,7.09173e-05
0.001838468,0.00087082,0.0006745367
0.001500374,0.0005794737,-0.0004356591
0.0014942712,0.0008818142,-9.57036e-05
0.0011860808,0.0020948412,-0.0001713849
0.002400534,0.0021119433,-8.10556e-05
0.0022851915,0.0013093665,-0.0003257991
0.0025970436,0.0011218543,-0.0004820444
0.0023858874,0.0018792327,-0.0007695112
0.0020453522,0.0025291122,0.0005036434
0.0029656515,0.0022072264,-0.0002385215
0.0026422041,0.0015103161,-0.0002208218
0.0024054163,0.0017515778,0.000774021
0.0025939922,0.001637971,0.0007453353
0.002470716,0.0007584348,0.0005384324
0.0021497098,0.001061997,-0.0001085206
0.0026159622,0.00255843,0.0002833132
0.0034001694,0.003235795,0.0010370745
0.003184131,0.0016575163,0.0008545849
0.002683703,0.0008146274,-0.0006010593
0.0028704481,0.0019311497,0.0005713904
0.0028545809,0.0029358976,0.0017432298
0.0034020002,0.0019561921,0.0008246786
0.0033110688,0.0002838518,0.0008081996
0.0029357478,0.0009398392,0.0007660866
0.0033537883,0.0020178818,0.0013080623
0.0036308545,0.0026360002,0.0007831759
0.0038468929,0.0023263302,0.0008033169
0.0038365182,0.0021168296,0.0012531324
0.0041373852,0.001125519,0.0016113978
0.0036717431,0.0010253496,0.0005475874
0.0035899659,0.0016850018,0.0016242148
0.0039530813,0.0029743773,0.0014276876
0.0040867322,0.0023092281,0.0020410723
0.0039012076,0.001073602,0.0014423356
0.0038133276,0.0001097769,0.0016474075
0.0034660794,0.0012098079,0.001307452
0.0038255332,0.0024460449,0.0017896151
0.0039024282,0.0025315553,0.0018988647
0.0036747945,0.0011450643,0.0015424302
0.0034843878,3.95362e-05,0.0012677803
0.0030010476,0.0001812392,0.0016968444
0.0034117647,0.0012421797,0.0012769353
0.0032085421,0.0017894467,0.0011731787
0.0031536171,0.0016336955,0.0015192375
0.003315951,0.0005238919,0.0010456191
0.0028374931,-0.000147976,0.0010779668
0.0026641741,0.0005483234,0.0012226157
0.0026812619,0.0010003073,0.0014691902
0.0022967868,0.0011395672,0.0014118189
0.0024139602,0.0004249441,0.0015381579
0.0018036822,0.0002362103,0.0010083888
0.0024194527,0.0002850734,0.0012091884
0.0018171083,0.001105363,0.0006543957
0.0023462193,0.0015420771,0.0010840701
0.0020612195,0.0018077703,0.0005012021
0.0023590351,0.0008115735,0.0012018644
0.0024585104,0.0003742486,0.0005121881
0.0025103841,0.0002869057,0.0011585307
0.0026733283,0.0011933166,0.0004822818
0.0023913799,0.0015029866,0.0010126612
0.0028484781,0.0019177124,0.0005134088
0.0028313903,0.0009948102,0.0006904053
0.0023651379,0.0006234505,0.0004822818
0.0028838742,0.0011713282,-0.0001469715
0.0028045381,0.0017222599,0.0008063686
0.0031108976,0.0026005745,-0.0002958928
0.0036754048,0.0024662009,0.000110589
0.0034459402,0.0018749571,0.0008643502
0.0037699979,0.0006515468,0.0008320026
0.0035722678,0.0008256216,-9.81449e-05
0.0038316359,0.0017491346,0.0011560894
0.0039573532,0.0025755321,0.0005164604
0.0037974604,0.0022591434,0.0004725164
0.0034904905,0.001817543,0.0007404526
0.0039494196,0.0014113683,0.00062571
0.003522225,0.0022444845,0.0002430312
0.0039073104,0.0025236151,0.0013629923
0.0039982418,0.0019225987,0.0009168389
0.0040714752,0.0012885997,0.0005640664
0.0039958007,0.0012953184,0.0013489546
0.0039201263,0.0016752291,0.0014508802
0.0048880272,0.0016886665,0.000720922
0.0046970102,0.0020997275,0.0014490492
0.0043760039,0.0022731916,0.0013629923
0.0046884663,0.0018163214,0.0006446304
0.0042734772,0.0013930446,0.0017719154
0.0043369461,0.0017448591,0.0016370318
0.0048434769,0.0015585684,0.001850038
0.0042740875,0.0016453005,0.0017786291
0.004830661,0.0011554477,0.0019464706
0.0048855861,0.0018224293,0.0011066524
0.0047025027,0.0019122153,0.0026019683
0.0050454789,0.0019207663,0.0018067044
0.005614258,0.0011927058,0.0021686319
0.0048013677,0.0012409582,0.0017304128
0.005074162,0.0013582296,0.0022321065
0.0050881983,0.0019036642,0.0016144495
0.005010693,0.001394877,0.0027453965
0.0052572454,0.001363116,0.0015747778
0.0049051149,0.001030236,0.0027093869
0.0049356288,0.0006924696,0.0023529524
0.0048715497,0.0002691929,0.0016956238
0.0043912609,0.0016208689,0.0016846378
0.0049746866,0.0017411943,0.0028375568
0.0045456612,0.001018631,0.0015247305
0.0044980595,0.0002899597,0.0014606456
0.0043186378,0.0002801871,0.001976377
0.0040647621,0.0011181896,0.0012006437
0.0044986698,0.0014193085,0.0017047788
0.0042399119,0.0008250108,0.0021826695
0.0045438304,-0.00012782,0.0014582042
0.0041428777,0.000150089,0.0013361376
0.0039640663,0.0008146274,0.0022235618
0.0039518607,0.0010650509,0.0013098933
0.0042032952,0.0005190056,0.0017243094
0.0039036488,0.0009453363,0.0012061367
0.0039866466,0.0006570439,0.0018305074
0.0041129741,0.0006900265,0.0014704109
0.0039781027,0.0001958982,0.0017560467
0.0036369573,0.0008244001,0.0009388109
0.0043882095,0.0012049216,0.001925109
0.0041624066,0.0011774361,0.0014698006
0.0040977172,0.0006607086,0.0008216269
0.0044083487,0.0011627772,0.0006214377
0.0038005118,0.001539634,0.0013031797
0.0042954472,0.0014248056,0.0008686226
0.0045059931,0.0007828664,0.0004236898
0.0047696332,0.0011658311,0.0011390001
0.0049746866,0.0017772309,0.0006171654
0.0051541084,0.0015939942,0.0010651498
0.0047720743,0.0013295226,0.0009095149
0.0055452966,0.0015023758,0.0005390427
0.005168755,0.0017082117,0.0015473129
0.0053506179,0.0018627414,0.001369706
0.0053811318,0.0011004767,0.0007142083
0.005396999,0.0016880557,0.0009058529
0.0058125983,0.0023965709,0.0012366534
0.0056795577,0.0025962989,0.0008033169
0.0058656925,0.0015811676,0.001828066
0.0056527055,0.0012421797,0.0009394212
0.0059883584,0.0012556171,0.0015570782
0.0055623844,0.0023055634,0.0012995177
0.0063520841,0.0018285372,0.0021375049
0.0059132942,0.0017515778,0.0004511548
0.0059450287,0.0015378016,0.0017743567
0.0057015277,0.0019928394,0.0016730415
0.0060176517,0.0011004767,0.0018634654
0.0056557569,0.0011560585,0.0010065578
0.0056758961,0.0014480156,0.0024097134
0.0057765919,0.0022273824,0.0015619609
0.0059053606,0.0015274182,0.0017426194
0.0051968278,0.0014260272,0.0017963287
0.0057582836,0.0010167986,0.0024017791
0.0054262924,0.0012324071,0.001815249
0.0056679624,0.0014638961,0.0021558149
0.0058577589,0.0017302001,0.0023437974
0.0060615918,0.001195149,0.0023181634
0.005805275,0.0012324071,0.0016565625
0.0057857461,0.0017992193,0.0023749244
0.006312416,0.0017405836,0.002465864
0.0059419773,0.0011133033,0.0021783972
0.0062825124,0.0008408914,0.0021594769
0.0062660349,0.0009312881,0.0023450181
0.0061195682,0.0011322377,0.0022662851
0.0063685616,0.0012727192,0.0021100399
0.0061421485,0.0008329511,0.0027234246
0.006558358,0.0009996965,0.0022772711
0.0068976726,0.000882425,0.0021533735
0.0058626411,0.0010778775,0.0023968964
0.0064655958,0.0010766559,0.0023340321
0.0064100605,0.000995421,0.0020221519
0.0061079729,0.0012305747,0.0022333272
0.0063050927,0.0013741102,0.0021539839
0.0062587116,0.0007853096,0.002518963
0.0059035298,0.0004542619,0.0021906038
0.0060237545,0.0004035664,0.0021576459
0.0059926303,0.0007883635,0.0024170374
0.0060377909,0.0006497144,0.0024560987
0.0061159065,0.0005251134,0.0017475021
0.006242234,0.0004408246,0.0023798071
0.0059334334,0.0006472712,0.0017462814
0.0059669987,0.0011444535,0.0014484389
0.006169611,0.0011585016,0.0022974121
0.0060091079,0.0009630492,0.0016754828
0.0061976838,0.0008928084,0.0013837436
0.0060438937,0.001284935,0.001839052
0.006073187,0.0017033254,0.001961729
0.0064131119,0.0012513416,0.0019531843
0.0062599321,0.0006429957,0.0023828587
0.0061348251,0.0004292196,0.0021307912
0.006198294,0.000873874,0.0020001799
0.0062721377,0.0015958266,0.0023029051
0.0062233154,0.0017674583,0.001921447
0.0064985508,0.0018401422,0.0017499434
0.0066010775,0.0014461833,0.0023071774
0.0062611527,0.0009654923,0.0020123866
0.006558358,0.0010717696,0.0013654336
0.0058638617,0.0016617918,0.0022620128
0.005996292,0.0018285372,0.0022473648
0.0059737117,0.0014852738,0.0010340228
0.0056453822,0.0008616582,0.0021777869
0.0057381444,0.0013020371,0.0014911622
0.0060109387,0.0010876501,0.0017230888
0.0055269882,0.0013576189,0.0014057156
0.0060451143,0.0009917562,0.0018836063
0.0055117313,0.0015261966,0.0007642556
0.0057167847,0.0009990857,0.0024463334
0.005429954,0.0003773025,0.0015534162
0.0057472986,0.0003241639,0.0008338336
0.0051272561,0.0019781805,0.0008204063
0.0055019668,0.002072242,0.003090845
0.0060280265,0.0009575521,0.0012061367
0.005669183,-0.0004106153,0.0013159967
0.0048312713,0.00087082,0.0018872683
0.0058717953,0.0018688492,0.0025415453
0.0055324807,0.0014803874,0.0013617716
0.0053017956,0.0005232811,0.0019043577
0.005849215,0.0011792685,0.0015009276
0.0057662172,0.0014248056,0.0021368945
0.0054006607,0.0011084169,0.0020007903
0.0058882728,0.0003919614,0.0015656229
0.0053786907,0.0009661031,0.0012274984
0.0052035409,0.0016532407,0.0019879733
0.005702138,0.0013576189,0.0019208367
0.0055025771,0.0004799151,0.0012549634
0.0049612605,0.0009642707,0.0007746313
0.0052377165,0.0018835082,0.0018347797
0.0056136477,0.0020294868,0.0015485335
0.005484879,0.0007730938,0.001245198
0.0058016133,0.0006588762,0.001237874
0.0060939365,0.0014186978,0.0019922456
0.0055648255,0.0020197141,0.0014423356
0.006158626,0.0012977615,0.0018140284
0.0059468595,0.0011304053,0.001375199
0.0059798145,0.0015683411,0.0018488174
0.0060963776,0.0015182564,0.0023315908
0.0058730159,0.0013350197,0.0015570782
0.0063301141,0.0017405836,0.0014917726
0.006301431,0.0021754653,0.0022247825
0.0065131975,0.0020905657,0.0020105556
0.0066639361,0.001470004,0.0015961395
0.0064979405,0.0012012569,0.0019751563
0.0063667308,0.0018853406,0.0017835117
0.006731677,0.0019525273,0.0021796178
0.0061598465,0.0018535795,0.0012714423
0.0058638617,0.0016336955,0.0014655282
0.0062324696,0.0018169322,0.0014051053
0.0061152962,0.0016562947,0.0016931824
0.0059383156,0.0015884971,0.0011536481
0.0065791075,0.0018077703,0.0011591411
0.0061281121,0.0017155412,0.001868348
0.0058809495,0.0015756705,0.001294635
0.0061818165,0.0010986443,0.0013977813
0.0057497397,0.0010546675,0.0016626658
0.0058266347,0.0019623,0.0009424729
0.0061427587,0.0020221573,0.0013233206
0.0058022236,0.0022420413,0.0009449142
0.0062922768,0.0019116045,0.0011048214
0.0062922768,0.0018548011,0.0011841647
0.0062123304,0.0010216849,0.0023584454
0.0064778014,0.0010003073,0.0010590465
0.0068695998,0.0010650509,0.0022522475
0.0060384012,0.0016672889,0.0017298024
0.0069031651,0.0012782163,0.0020288656
0.0064320305,0.0012091971,0.001247029
0.0058363992,0.0014028172,0.0019531843
0.0063203496,0.0019549705,0.0010413468
0.0061744932,0.0017375296,0.0014301289
0.0055910674,0.0014602314,0.0013599406
0.0060188723,0.0015860539,0.0008118616
0.0060213134,0.0012379042,0.0020367999
0.0053518384,0.0009551089,0.0013135553
0.0060921057,0.0006063484,0.0014887209
0.0059065811,0.0006655949,0.0013050107
0.0054879304,0.0009709894,0.0014722419
0.006198294,0.0010986443,0.0011554791
0.0055428555,0.0005464911,0.0015808812
0.0050900292,0.0010003073,0.0006757573
0.0059273306,0.0014675609,0.0011805027
0.0053884551,0.0014516804,0.0018549207
0.0053078984,0.0012006461,0.0005958037
0.0059297717,0.0011365132,0.0011652444
0.0055172238,0.0011084169,0.0023315908
0.00575035,0.0007138473,0.0017005064
0.0060194826,0.0004127283,0.0010688118
0.0055312602,0.0009086889,0.0023798071
0.0062251463,0.0014675609,0.0016516798
0.0064655958,0.0013173068,0.0012934143
0.0055068491,0.0011646095,0.0018933717
0.0063362169,0.0011304053,0.0016443558
0.0061030907,0.0011560585,0.0013867953
0.005642941,0.0010192418,0.0020886782
0.0059273306,0.0011658311,0.0014228049
0.0061299429,0.0009801513,0.001919616
0.0053408534,0.0011505614,0.0017444504
0.0056404999,0.0010027504,0.0014081569
0.0057772022,0.0011701066,0.0014307393
0.0051260356,0.0010638293,0.0017090511
0.0055983908,0.0015854432,0.0006470717
0.0059267203,0.0012049216,0.0017438401
0.0049466139,0.0011377348,0.001208578
0.005790018,0.0008286756,0.0012659493
0.0055886263,0.0007828664,0.0015955292
0.0052200184,0.0009447255,0.0015637919
0.0055861852,0.0010314575,0.0013813023
0.005353059,0.0011010875,0.0017877841
0.0052560248,0.0010962012,0.0013544476
0.0055916777,0.0010784883,0.0015979705
0.0053414637,0.0012317963,0.0016889101
0.0049405111,0.0010827638,0.0009217215
0.0054995257,0.0013014263,0.001311114
0.0056557569,0.0011756037,0.0020111659
0.0048892477,0.0007419435,0.0009937408
0.0055733694,0.001125519,0.0007679176
0.0055892366,0.0010363438,0.0025439866
0.0052230698,0.0008219569,0.0013520063
0.0053847935,0.00027469,0.0004322345
0.0049954361,0.0006845294,0.0017230888
0.0048703291,0.0017601288,0.0009644448
0.0051498364,0.000882425,0.0009400315
0.0045383379,0.0001470351,0.0008204063
0.0044785306,0.0005819168,0.0003693702
0.0048800936,0.0017063794,0.0005707801
0.0046207254,0.0009844268,0.0019385363
0.0045554257,8.71777e-05,-9.50932e-05
0.00500398,0.0001445919,0.0004334551
0.004176443,0.0011523938,0.0017395678
0.0046414749,0.0009050242,0.0008851016
0.0047684127,0.0001561969,8.6634e-06
0.0039146338,0.0003834104,0.001380692
0.0045450509,0.0010931472,0.0011194694
0.0047616996,0.0010357331,0.0003791355
0.0040092268,0.0002704144,0.0013135553
0.0044718176,0.0005898571,0.0005060848
0.0049606502,0.0007462191,0.0014392839
0.0037712184,0.0006833078,0.0010669808
0.0044870745,0.000517784,0.0005530804
0.0047507146,0.0008323403,0.0008094203
0.0037773212,0.0009630492,0.0014929932
0.0043973637,0.0007627104,0.0002033596
0.0046951793,0.0004933524,0.0007178703
0.0038090557,0.0011597232,0.0011646341
0.0041056508,0.0013851044,4.40627e-05
0.0044608326,0.0005629824,0.0013794713
0.0037870857,0.000419447,0.0003669288
0.0042179419,0.00094045,-6.82386e-05
0.0038572676,0.0016165934,0.0008429886
0.0039658971,0.0013221931,0.0011133661
0.0042338091,0.0004786935,-0.0003459401
0.0034245805,0.0004988495,0.0004572581
0.0037169037,0.0014712256,0.0004615305
0.0042875136,0.0015182564,0.000645851
0.0033342594,0.0008921976,0.0006263204
0.0035716575,0.0009502226,-0.0003233578
0.0042008541,0.001383272,0.0007056637
0.0033385313,0.0017149304,0.0009333179
0.0038310257,0.0009349529,0.0004267415
0.0040220427,0.000352871,0.0003748632
0.0034538739,0.0011725498,0.0008185753
0.003838349,0.0018987779,0.0006965087
0.0038841199,0.0013588404,0.0005866487
0.0036357367,0.0009935886,0.0004127038
0.0035740986,0.0011578909,0.0004041592
0.0039231776,0.0011267406,0.0010163232
0.0035582314,0.0013460139,-7.49523e-05
0.0033897947,0.001727757,0.0005066951
0.0038243126,0.0015011543,0.0007996549
0.0034679103,0.0006930804,0.0004847231
0.0031584993,0.0007462191,-0.0006199796
0.0035106297,0.0016422465,0.0005628457
0.003250041,0.0023941278,0.0001850496
0.0034825569,0.0013331873,5.3828e-05
0.0031816899,0.0004255548,2.39217e-05
0.0033019146,0.0012195805,-0.0004429831
0.0031218826,0.0019879531,0.0004889954
0.0031603301,0.0016068208,0.0004749578
0.0035258867,0.0004115067,1.78184e-05
0.0025268616,0.0009270126,-0.0007743939
0.0032366149,0.0021131648,0.0005774937
0.0034044413,0.001626366,0.0007892793
0.0027605981,0.0003620328,-0.0002977238
0.0029052339,0.0007950822,-0.000580308
0.0030352232,0.0020520859,0.0007709693
0.0032146449,0.0020074984,0.0003559428
0.0029766365,0.0007846988,-8.65486e-05
0.0029082853,0.0003681407,0.0002106836
0.0029699234,0.0009508334,-0.0001591782
0.0028423753,0.0017644043,0.0003663185
0.0032988633,0.0012262992,0.0005384324
0.0021600845,0.0005275566,-0.0004130767
0.0030224073,0.0004585374,-0.0001933569
0.0027441206,0.0012885997,3.7349e-05
0.0023321829,0.0013472354,0.0003046749
0.0026776002,0.000995421,-0.0006321863
0.0023120437,0.0009129645,-0.0002836861
0.0025293027,0.0013527325,-0.0001097412
0.0025085532,0.000850664,0.0001819979
0.0024505768,0.0004347167,-0.0005961766
0.0019507592,0.0006429957,-0.0002501178
0.002644035,0.0014822198,3.67387e-05
0.0026135211,0.001148729,-0.0002202115
0.0014845068,0.0007798125,-0.0005681013
0.0027313047,0.0009270126,-0.0005076783
0.0023285212,0.0009209047,0.0002704962
0.0017389927,0.0010009181,-0.0006407309
0.002644035,0.0007065178,-0.0002330285
0.0020361981,0.0009948102,5.0014e-06
0.0021448276,0.0014309135,-0.0003502124
0.002433489,0.0009117429,4.71143e-05
0.0020752559,0.000341266,-0.0004808237
0.001882408,0.0012091971,-0.0011070254
0.0022229431,0.0018963348,0.0002765996
0.0023858874,0.0009819836,6.222e-06
0.0015559093,0.0003779133,-0.0016093294
0.002011787,0.0005464911,-0.0002232632
0.0018097849,0.0015384124,-0.0002684278
0.0017627935,0.0011597232,-0.0006504963
0.0019776114,0.0004982387,-0.0007615769
0.0013020336,0.0008024117,-0.0006578203
0.0018653202,0.0015939942,-0.001067964
0.0018421297,0.0009789297,0.0002540172
0.0013593998,0.0005434371,-0.0009367424
0.0014308023,0.0003754701,-0.0014622392
0.0012593142,0.0012696652,-0.0003148131
0.0016492818,0.0015329153,-0.0002385215
0.0011738753,0.0009416715,-0.0011473073
0.0012770122,0.0001171064,-0.0007658492
0.0013288859,0.0010571107,-0.0007823282
0.0014179865,0.001391823,-0.0005607773
0.0013044747,0.000674146,-0.0001738262
0.0011299352,0.0002698036,-0.0010801707
0.0014430079,0.0009471686,-0.0009697004
0.0009859096,0.0012794379,0.0004017178
0.0012678581,0.0007895851,-0.0007975865
0.0012196461,-6.00224e-05,-0.0009404044
0.0003713597,0.0009825944,-0.000571153
0.0012568731,0.0013997633,-0.000501575
0.0008064879,0.0008378374,-0.0009416251
0.0006295073,0.0004957956,-0.0009147705
0.0006612417,0.0007712614,-0.0010874947
0.0006191326,0.0007089609,-0.0006193693
0.0006301176,0.0007535485,-0.0012913459
0.0004665631,0.000627726,-0.0008543475
0.0002297752,0.0010393978,-0.00118881
0.0006526978,0.0008561611,-0.0007890419
0.0004177408,0.0003827996,-0.001144866
0.0002731049,-6.91842e-05,-0.0011509693
-8.87899e-05,0.0012507308,-0.0015629441
0.0007082331,0.0012440121,-0.0003929357
-6.80405e-05,0.0007364464,-0.0012931769
0.0002242827,0.0002881273,-0.001689283
6.13385e-05,0.0005037358,-0.0009544421
-0.000275535,0.0007963038,-0.0007670699
0.0006807706,0.0009685463,-0.0018662796
-0.0003029975,0.0007553809,-0.0006523273
-0.000187655,0.0009453363,-0.0014408775
0.0005593253,0.0007498838,-0.0016593767
-9.73338e-05,0.0006484928,-0.0005168333
0.0002413705,0.0003724162,-0.0013255246
-0.0003908775,0.0007853096,-0.0021903664
0.0002566274,0.0010436733,-0.000450307
-1.98285e-05,0.0009007487,-0.0010154754
-7.90255e-05,0.0001470351,-0.0019163269
-0.0002480725,0.0003113373,-0.0014713942
-0.0004580081,0.0012165266,-0.0010197477
0.0001516596,0.0017198167,-0.0020634172
-0.000569689,0.0006692597,-0.000627914
-0.0005306312,0.0001348193,-0.0021946388
-0.0002114558,0.0003901291,-0.0020280179
-0.0007088324,0.0015292506,-0.0007322809
7.0237e-06,0.0008030224,-0.0010105927
-0.000764978,0.0001781853,-0.0026475058
-0.0001797213,0.000815849,-0.0012718153
-0.0004946248,0.0014327459,-0.001056978
-0.0005788432,0.0009111321,-0.0018913033
-0.0002145072,2.67096e-05,-0.0014890938
-0.000852858,0.0003742486,-0.001714917
-0.0002480725,0.0014736688,-0.001703931
-0.0006520765,0.0010180202,-0.0008470235
-0.0007533827,0.0001458135,-0.0016581561
-0.0005483293,0.0002020061,-0.0022642167
-0.0008015946,0.0012256884,-0.0008128448
-0.0009279222,0.0012892105,-0.0016959967
-0.0007893891,0.0003137805,-0.0019730879
-0.0004952351,0.0003095049,-0.0014951971
-0.0011726437,0.0005770305,-0.0013114869
-0.0007796246,0.0008702092,-0.0018681106
-0.000837601,0.0003889075,-0.0014018162
-0.0013825793,1.44938e-05,-0.0013389519
-0.0007893891,0.0005599284,-0.0023752973
-0.0012672367,0.0004805259,-0.0010948187
-0.0015534571,0.0007602672,-0.0019468436
-0.0009016802,0.0004011233,-0.0020988165
-0.0014875471,4.62549e-05,-0.0013590929
-0.001610213,0.0001696343,-0.0019962805
-0.0014539818,0.0004548727,-0.0023386773
-0.0016669688,0.000702853,-0.0012431296
-0.0015455235,0.00025148,-0.0017631333
-0.0013282645,-0.0002499778,-0.0021830424
-0.0017469153,0.0002820194,-0.0015324275
-0.0017157911,0.0006332231,-0.0018839793
-0.0010487572,0.0005452695,-0.0018723829
-0.0016157055,-0.0003397638,-0.0012589983
-0.0018775147,-0.0003220509,-0.0020994268
-0.0012544209,0.0004670885,-0.0020438865
-0.0019251164,0.0006179534,-0.0009745831
-0.0015137891,-0.0001449221,-0.0019163269
-0.001480834,-0.0006219483,-0.0022648271
-0.0022345274,0.0004567051,-0.0016197051
-0.0014875471,0.0009453363,-0.0016831797
-0.0014167549,-8.20108e-05,-0.0016807384
-0.0021112512,-0.0005975167,-0.0020298489
-0.0016987033,-1.4824e-05,-0.0018723829
-0.0014344529,0.0008928084,-0.001771678
-0.0017157911,0.0003473739,-0.0012907356
-0.0018299131,-0.0006219483,-0.0022208831
-0.0014796135,-0.0006207267,-0.0019395196
-0.0024084566,0.0007999685,-0.0017082034
-0.0016492708,0.0006930804,-0.0014134125
-0.0018994848,-0.0005260544,-0.0020396142
-0.0019507481,-0.0007477708,-0.0018076876
-0.001731048,0.000416393,-0.0019523366
-0.0018055019,0.0007920282,-0.0013957129
-0.0018268617,0.0001867363,-0.0021268918
-0.0019830928,-0.0003996211,-0.0016935554
-0.0017017547,0.0003968478,-0.001669142
-0.0016974827,-1.36024e-05,-0.0013682479
-0.0022113368,-0.0004961258,-0.001846749
-0.0017096883,3.22067e-05,-0.0025126223
-0.0022168293,0.0006674273,-0.0012687636
-0.0016034999,0.0010314575,-0.0016416771
-0.0014088212,-0.0005749175,-0.0020811168
-0.0025183066,-0.0005840794,-0.0019444022
-0.0015278254,0.0002478152,-0.0014872628
-0.001893382,0.0006472712,-0.001724072
-0.0019245062,4.68657e-05,-0.0014036472
-0.0016919902,-0.0003721356,-0.0023044987
-0.0019952984,0.000126879,-0.0018851999
-0.0020984354,0.0013319657,-0.0016496114
-0.0017847525,0.0002911813,-0.0016551044
-0.0019672256,-0.0006726438,-0.002458913
-0.0024890133,0.0003663083,-0.0024735609
-0.0016596455,0.0015658979,-0.0013767925
-0.0019830928,6.39678e-05,-0.0009074465
-0.0023846558,-0.0010672135,-0.0030991523
-0.0019116903,-0.0002823496,-0.0021714461
-0.0024731461,0.0012562279,-0.0007817179
-0.0015687141,0.0008879221,-0.0023441703
-0.0020300842,-0.0006610388,-0.0022007421
-0.0024194416,-0.0005333839,-0.0017234617
-0.0019940778,0.0009245695,-0.0026670365
-0.0018811764,0.0012110295,-0.0012120026
-0.0021222362,-2.88722e-05,-0.0017912086
-0.002242461,-0.0007416629,-0.002968541
-0.0017414228,0.0004823582,-0.0015458548
-0.0024328677,0.0009740434,-0.0012077303
-0.0020660906,8.65669e-05,-0.0023154847
-0.001790245,-0.0003580874,-0.0021525258
-0.0023919791,0.0001128309,-0.0013615342
-0.0019580714,0.0009111321,-0.0022422447
-0.0016687997,0.0007077394,-0.0019657639
-0.0024456836,0.000161694,-0.0016221464
-0.0018994848,0.0001238251,-0.0020823375
-0.0018091636,0.0003882967,-0.0022025731
-0.0025048805,0.0005153408,-0.0015061831
-0.0020502234,0.0008518856,-0.002449758
-0.0015748169,0.0002899597,-0.0015879678
-0.0026647734,0.0002349887,-0.001753368
-0.0015870224,4.93088e-05,-0.0021250608
-0.0021673968,0.0002679713,-0.0018089083
-0.0024670433,0.0006759783,-0.0014585772
-0.0017218939,0.0005342753,-0.0023569873
-0.0021454268,8.83993e-05,-0.0011637863
-0.0025158655,0.000271636,-0.0020695205
-0.0018848381,0.0003107265,-0.0021152955
-0.0021710585,0.0005831384,-0.0011460867
-0.0022986066,0.0002233837,-0.0016050571
-0.0020367973,7.4962e-05,-0.0024454856
-0.002040459,0.0006289476,-0.0013304072
-0.0022400199,0.0008702092,-0.0012980596
-0.001610213,-0.0002511994,-0.0016605974
-0.0022760263,-0.0008106821,-0.0017289547
-0.0024688741,0.0002936244,-0.0020054355
-0.0016523222,0.0011212435,-0.0012174956
-0.0020978251,0.0002844626,-0.0011552417
-0.0022137779,-0.0006738654,-0.0023771283
-0.0020959943,-8.56756e-05,-0.0019859049
-0.0024218827,0.0008836466,-0.0012351953
-0.0019971292,0.0007040746,-0.0016508321
-0.0018030608,-0.0005065092,-0.001680128
-0.0024780283,-0.0004081721,-0.001758861
-0.0020856195,0.0004683101,-0.0014768872
-0.0018036711,0.0002020061,-0.0010758984
-0.0027917112,-0.0004729158,-0.0019059513
-0.0019977395,-0.0004093937,-0.0018675003
-0.0020935532,0.0003113373,-0.0011033634
-0.0026415828,0.0004005125,-0.0014329432
-0.0018518831,-0.0004784129,-0.0019407402
-0.002323628,-0.0009621578,-0.001128387
-0.0026916256,0.0001824608,-0.001760692
-0.0018293028,0.0001000043,-0.0011863686
-0.0024084566,-0.0007825858,-0.0009989964
-0.0024823002,-0.0006628712,-0.0022013524
-0.0020569365,-0.0001235445,-0.0012431296
-0.0025054908,4.50333e-05,-0.0008097932
-0.0021454268,-0.0006109541,-0.0019071719
-0.002154581,-0.0008106821,-0.0018729933
-0.0025567542,-0.0003544227,-0.0007176329
-0.0023150841,-9.23942e-05,-0.0015952918
-0.0018836175,-0.0006103433,-0.0015006901
-0.00270139,-0.0008858091,-0.0014512532
-0.0023645166,-0.0002243247,-0.0016593767
-0.001742033,-0.0001082747,-0.0010893257
-0.0025494308,-0.0007477708,-0.0013481069
-0.002238189,-0.0011453945,-0.001828439
-0.001996519,-0.0003110567,-0.001709424
-0.0023449877,2.36557e-05,-0.0004734997
-0.0021594632,-0.0004991797,-0.0018754346
-0.0017493564,-0.0013408469,-0.0015080141
-0.0027239703,-0.0007172314,-0.0014665115
-0.0021698379,-5.20822e-05,-0.0010453817
-0.0017713264,-0.0004857423,-0.0013957129
-0.0024920647,-0.0013335175,-0.0014305018
-0.002227204,-0.0009823138,-0.001804636
-0.0017975683,-0.0002243247,-0.001121063
-0.002470705,-0.0002463131,-0.001091767
-0.0019147417,-0.0009291752,-0.0020280179
-0.0018439495,-0.0012028086,-0.0012968389
-0.0026598911,-0.0004545921,-0.0012925666
-0.0017993992,-0.0003049488,-0.0016221464
-0.0016608661,-0.0010806508,-0.0012333643
-0.0027856084,-0.0009334507,-0.0017814433
-0.0016358447,-0.0006225591,-0.0014640702
-0.0020520543,-0.0006848596,-0.0010429404
-0.0022925038,-0.0004637539,-0.0019486746
-0.0017212836,-0.0006042354,-0.001707593
-0.002139324,-0.0006549309,-0.0008030795
-0.0021417651,-0.0006927998,-0.0020554828
-0.0017579003,-0.0006885243,-0.0016081087
-0.0020160478,-0.0008002987,-0.0006144866
-0.0021167437,-0.0007709808,-0.0019956702
-0.0017408125,-0.0008387784,-0.0012168853
-0.0020239815,-0.0005633125,-0.0008390892
-0.0018463906,-0.0006390504,-0.0020676895
-0.0018927717,-0.0003306019,-0.0016380151
-0.0019843134,-0.0006781409,-0.0003550951
-0.0016675791,-0.0013096967,-0.0020621965
-0.0017475255,-0.000883366,-0.0020591448
-0.0020917223,0.0002301024,-0.0006431723
-0.0016309624,-0.0002542533,-0.0010295131
-0.0015223329,-0.0012608336,-0.0019242612
-0.0018402878,-0.001638912,-0.0010484334
-0.0021271184,-0.0005895765,-0.0012492329
-0.0015028041,8.71777e-05,-0.0013572619
-0.0019403734,-0.0006188943,-0.0006712476
-0.0018378467,-0.0012773249,-0.0015916298
-0.0016504913,-0.0005248328,-0.0022855784
-0.0022046238,0.0002575879,-0.000448476
-0.0017469153,-0.0002854036,-0.0012168853
-0.0014600846,-0.001329242,-0.0022031834
-0.0021368829,-0.0007831966,-0.0009178221
-0.0016779538,3.34283e-05,-0.0007933142
-0.0014222474,-0.0005291084,-0.0014158539
-0.0017829217,-0.0012260186,-0.0011070254
-0.0015369796,-0.0015595094,-0.0008720472
-0.0019733284,-0.0003422069,-0.0017008794
-0.0014710696,0.0001525322,-0.0007566942
-0.0017975683,-0.0007202853,-0.0012461813
-0.0019299987,-0.0004497058,-0.0021159058
-0.0013990568,-0.0004051182,-0.0006950506
-0.0021307801,-0.000680584,-0.0009599351
-0.0015485749,-0.0005895765,-0.0020426658
-0.0012739498,-0.0008522157,-0.0004734997
-0.0021442062,-0.0005162818,-0.0007469289
-0.0012104809,-0.0004362684,-0.0015629441
-0.0012617442,-0.0009676549,-0.000523547
-0.0020355767,-0.0011734908,-0.0009574938
-0.0017475255,-0.0005901873,-0.0017448233
-0.0013026329,-0.0003324343,-0.0001744365
-0.0021381034,-0.0001638565,-0.0014097505
-0.0014228576,-0.0001601918,-0.0019382989
-0.001588243,-0.0003922916,-7.8156e-06
-0.0021081998,-0.0007538787,-0.0010801707
-0.0012153631,-0.0007758671,-0.0022666581
-0.0018695811,-0.0002542533,3.3687e-05
-0.0018482214,-3.68124e-05,-0.0011405937
-0.00107683,-0.0005394918,-0.001707593
-0.0015931252,-0.0008839768,0.000119744
-0.0016047205,-0.0011118011,-0.0013096559
-0.0014710696,-0.0004539813,-0.0021879251
-0.0015790888,0.0002588094,0.0001423263
-0.0016474399,-9.72805e-05,-0.0009550524
-0.0008913055,-0.0009132946,-0.0019724775
-0.0017878039,-0.0009829246,-0.0004161284
-0.001944035,-0.0003141106,-0.0007145812
-0.0010273975,-0.0001412573,-0.0015971228
-0.001702365,-0.0004478734,-0.0002995548
-0.0016022794,-0.0008070174,-0.0007835489
-0.0011122261,-0.0003660277,-0.0018235563
-0.0015424721,-0.0003648061,-9.0363e-06
-0.0018970436,-0.0004344361,-0.0010453817
-0.0008211235,-0.0005785823,-0.0015513478
-0.0015259946,-0.0003819082,-0.0007536425
-0.001996519,-0.0001125503,-0.0005027957
-0.0005306312,-0.0006378288,-0.0012931769
-0.0014429968,-0.0014251358,-0.0006614823
-0.002301658,-0.0005083415,-0.0014085299
-0.0005831151,0.0004347167,-0.0011344903
-0.0014051596,1.75478e-05,-0.0003190855
-0.0017145705,-0.0006390504,-0.0014121919
-0.0005843357,-0.000805185,-0.0013359002
-0.0015870224,-0.0004796345,-8.10556e-05
-0.0017737675,2.73204e-05,-0.0012315333
-0.0004848603,-0.0001895097,-0.001071626
-0.0012995815,-0.0009633793,0.0002833132
-0.0014912088,-0.000973152,-0.0012339746
-0.0008906952,-0.0003544227,-0.0013743512
-0.001698093,-8.14e-05,0.0004163658
-0.001157997,-0.0001907313,-0.0014268398
-0.0006844213,-0.0004319929,-0.0013175902
-0.0016273008,-0.0002713554,0.000136223
-0.000962708,-0.0004161124,-0.0014280605
-0.0007491107,-0.0006665359,-0.0008268825
-0.0015320974,-0.0004802452,-9.26519e-05
-0.0008479758,-0.0005559831,-0.001179655
-0.0007985432,-0.0003122783,-0.0007225156
-0.0011201597,-0.0005425457,0.0001374436
-0.0010994103,-0.0010415603,-0.0013914405
-0.0009761341,-0.0004869639,-0.0008213895
-0.0013343673,0.0001861256,-0.0003422781
-0.0013099562,-0.0001693536,-0.0008073519
-0.0006819801,-0.0004032858,-0.0011827066
-0.0011354167,-0.0011001961,-0.0001433095
-0.0015937355,-0.0005724744,-0.0009758038
-0.0004500745,-0.0002988409,-0.0005973973
-0.0013325365,-0.0004625324,-0.0003935461
-0.0011390784,-0.0004881855,-0.0008897468
-0.0004287148,-0.0004466518,-0.0006779613
-0.0011329756,-0.0006695898,5.0014e-06
-0.001245877,-0.0007764779,-0.001172331
-0.0005153742,-0.0005010121,-0.0009599351
-0.0011457914,-0.0005278868,0.0004749578
-0.0010988,-0.0006219483,-0.0010966497
-0.0004653315,-0.0006524877,-0.0010874947
-0.0014582538,-0.0005028444,0.0002845339
-0.0007314127,-0.000683638,-0.0007298396
-0.0007619266,-0.000805185,-0.0014158539
-0.0014967013,-0.0002518102,0.0002405899
-0.0003518197,-0.0004704726,-0.0007335016
-0.0009144961,-0.0008778689,-0.0009855691
-0.0011970548,-0.0004747481,-0.0004326074
-0.0005709095,-0.0007874721,-0.0003508228
-0.0010798814,-0.0003965672,-0.0010130341
-0.0006008132,-0.0005553723,-0.0002409628
-0.0009749136,-0.0010623272,-0.0003721844
-0.0007594854,-0.0006647035,-0.0009898414
-0.000808918,-0.0002511994,-0.0004234524
-0.0009425688,-0.0006537093,-0.0003929357
-0.0006520765,-0.0007123451,-0.0011766033
-0.0008803205,-0.000625613,-0.0002360802
-0.0011085645,-0.0006524877,-0.0004820444
-0.0007485004,-0.0008064066,-0.0009037845
-0.0007930507,-0.0003666385,-0.0005516223
-0.0010457058,-0.0005663665,-6.94593e-05
-0.0008028152,-0.000891917,-0.0010533161
-0.0005141537,-0.0010342309,-0.0004283351
-0.0010145817,-0.0006121757,-0.0001640609
-0.0008784897,-0.0004301605,-0.0011387627
-0.0005873871,-0.0003312127,-0.0006120453
-0.0005800637,-0.0008326705,0.0003052852
-0.0010554703,-0.001091645,-0.0015849161
-0.0008192927,-0.0010727106,-0.0006157073
-0.0006752671,-0.0004093937,6.35933e-05
-0.0008717766,-0.0002799065,-0.001172331
-0.0009334147,-0.0008479402,-0.0007377739
-0.0007973227,-0.0009236781,-0.0002916205
-0.0007179865,-0.0004778021,-0.0013639755
-0.0008461449,-0.0005419349,-0.0002604935
-0.0006850315,-0.0005162818,-0.0002995548
-0.0007326332,-0.0005523183,-0.0015836954
-0.0011024617,-0.0005859117,-0.0001787089
-0.0005281901,-0.0005510968,-0.0003630294
-0.0004903528,-0.0011050824,-0.0009068361
-0.0013563373,-0.0010152964,-0.000580308
-0.0005062201,-0.000417334,-0.0004789927
-0.0007002885,-0.0001003345,-0.0006407309
-0.0009169372,-0.0003837406,-0.0007127502
-0.0008516374,-0.0012553365,-0.000571153
-0.0009273119,-0.001051333,-0.0009886208
-0.0005898282,-0.0002713554,-0.0007902625
-0.0012879862,0.0002087247,-0.0005046267
-0.0002852994,-0.0006195051,-0.0004655654
-0.0006935754,-0.0015051492,-0.0008952398
-0.0014234679,-0.0012321265,-0.0008842538
-0.0002553958,-0.0006445475,-0.000561998
-0.0008022049,6.76325e-05,-0.0006565996
-0.0011061234,-0.0005608694,-0.0005906836
-0.0006087468,-0.0009792599,-0.0011473073
-0.0006972371,-0.0010110209,-0.0006370689
-0.0011769156,-0.0004271066,-0.0007182432
-0.0007185968,-0.0005162818,-0.0005760356
-0.0006935754,-0.0004234419,-0.0010368371
-0.0009974939,-0.0007667053,-5.48113e-05
-0.0007436182,-0.0009224565,-0.0008732678
-0.0011042925,-0.000851605,-0.0009434561
-0.0009071727,-0.0002640259,-0.0005375847
-0.0008473655,-0.0005004013,-0.0003984287
-0.0009132755,-0.0005223897,-0.0012437399
-0.0006673335,-0.0009688764,-0.0009654281
-0.0011952239,-0.0004918502,-0.000604111
-0.0004372587,-0.0005291084,-0.0008250515
-0.0010884253,-0.0010812616,-0.0009910621
-0.0010988,-0.000735555,-0.0007450979
-0.0002621089,-0.0003654169,-0.0007780559
-0.0010743889,-0.0009297859,-0.0004765514
-0.0012318406,-0.0007722024,-0.001192472
-0.0003512095,-0.0012382344,-0.0006700269
-0.0012837142,-0.0006640927,-0.0008738781
-0.001261134,-2.6082e-06,-0.0010044894
-0.0003872159,-0.0005468212,-0.0007859902
-0.0012428256,-0.0012070842,-0.0008958501
-0.0013325365,-0.0003067812,-0.00168379
-0.0004580081,-0.0001253768,-0.0003593674
-0.0013886821,-0.000640272,-0.0003160338
-0.0005538218,-0.0010989745,-0.0015727094
-0.0006850315,-0.0011453945,-0.0004606827
-0.0016590352,-0.0004503166,-0.0004918097
-0.0001968091,-0.0003367098,-0.0016001744
-0.0009352455,-0.0009444449,-0.0002098358
-0.0015143993,-0.0006439367,-0.0011582933
-0.0003951495,-0.0006359964,-0.0017179687
-0.0013526757,-0.0003574767,-0.0001091309
-0.0011708128,-0.0001113287,-0.0014134125
-0.0004458026,-0.0005596478,-0.0017344477
-0.0012434359,-0.0003990103,1.187e-07
-0.0008559094,-0.0007306687,-0.0008885261
-0.0003261881,-0.0014642263,-0.0014396568
-0.0012525901,-0.000703794,-0.0005394157
-0.0010597422,0.0002215513,-0.0009709211
-0.0002175586,-0.0001608026,-0.0008757091
-0.0013563373,-0.0008546589,-0.0007725629
-0.0009059522,-0.0011081363,-0.0014579668
-0.0006600101,-0.0002970085,-0.001106415
-0.0016096027,0.0002685821,-0.0004069734
-0.0009608772,-7.59029e-05,-0.0015031315
-0.000385385,-0.0008320597,-0.0008573992
-0.0014399454,-0.0004197771,-0.0012736463
-0.0011305345,-0.0002200491,-0.0007969762
-0.0005226976,-0.0007190637,-0.0005388053
-0.0011933931,-0.0010024698,-0.0015904091
-0.0012153631,0.0004084528,-0.0015745404
-0.0002932331,0.0005446587,0.0005292774
-0.0013099562,-0.0009462773,-0.0013352899
-0.0007686396,-0.0011545563,-0.0021226195
-0.0011110056,-0.0002860143,-0.0002922308
-0.0014076007,0.0007486622,-0.0007859902
-0.0004866912,4.0147e-05,-0.0013078249
-0.001092087,-0.0007874721,-0.0008689955
-0.0012818834,-0.0007086803,-0.0009819071
-0.0007881685,0.0003895183,-0.0014744458
-0.0012385537,0.0001678019,-9.87552e-05
-0.001349014,-0.0006225591,-0.001117401
-0.0001974194,-0.0006915782,-0.0015043521
-0.0014350632,0.0002441505,-0.0004039217
-0.0016706305,0.000404788,-0.0005577257
-0.0001290683,-0.0005565939,-0.0014012059
-0.0014216371,-0.0008564913,-0.0010270717
-0.0017255555,0.0002930136,-0.0009281978
-0.0004415306,0.0005183948,-0.0008818125
-0.001021905,-0.0004503166,-0.0007658492
-0.0017011444,-0.0003293804,-0.0019871255
-0.0007637574,0.0006918588,-0.0008628922
-0.0008888644,0.0003834104,-0.0001219479
-0.0016327933,-0.0003379314,-0.0019425712
-0.0005330723,-0.0005486536,-0.0010264614
-0.0013056843,-0.0003226617,-4.26046e-05
-0.0015815299,0.0004560943,-0.0014573565
-0.0005111023,0.0003082834,-0.0007682905
-0.0014973115,-0.0005175034,-9.38726e-05
-0.0012464873,-0.0001198797,-0.0022056248
-0.0010749992,0.0007101825,-0.0006089936
-0.0016602558,0.0004634238,0.0003315295
-0.0011518942,-0.000191342,-0.0025486319
-0.0010524189,0.0001867363,-0.0009166015
-0.0017768189,0.0002783547,0.000673316
-0.001092087,-0.0005126171,-0.0018797069
-0.0008424833,-0.000495515,-0.0015592821
-0.0018433392,0.0004438785,0.0004682441
-0.0010243461,0.0004261656,-0.0013725202
-0.0007308024,0.0001091661,-0.0015818644
-0.0018708017,-0.00041428,5.62693e-05
-0.0011042925,0.0001073338,-0.0018803173
-0.000543447,0.0001476458,-0.0009312495
-0.002165566,7.80159e-05,1.5377e-05
-0.001006648,0.0003876859,-0.0018516316
-0.0004836398,0.0001378732,-0.0009013431
-0.0023797735,2.97636e-05,7.33587e-05
-0.0007893891,0.0003693623,-0.0019907875
-0.0008272263,-5.6622e-06,-0.000627914
-0.0023297307,0.0004121175,-9.32622e-05
-0.0002889611,0.0003095049,-0.0016770764
-0.0013209412,-0.0002683015,-0.0004527484
-0.0020959943,0.0003223315,-0.0003795084
-0.0002212203,3.52607e-05,-0.0014439292
-0.0014454379,-8.87295e-05,-0.0003386161
-0.0019385425,0.0002789655,-0.0006541583
-0.0006014234,0.0003259962,-0.0016404564
-0.0013746457,0.0004658669,-3.5433e-06
-0.0019214548,3.28175e-05,-0.0009538318
-0.0005342929,-0.0003916808,-0.0013993749
-0.0016614763,0.0001958982,-0.0003032168
-0.0017475255,0.0005403832,-0.0006993229
-0.0006478046,-1.36024e-05,-0.0012120026
-0.0016993136,-0.0002909007,-0.000532702
-0.0016767333,0.0001879579,-0.0012510639
-0.0009718622,0.0006411634,-0.0008586198
-0.0014899882,0.0002044492,-0.000576646
-0.001551016,3.4996e-06,-0.0016770764
-0.000977965,0.0002704144,-0.0004857064
-0.0013905129,0.0002123895,-0.0004771617
-0.0012532003,-0.0003880161,-0.0011692793
-0.0010603525,-0.00015103,-0.0009520008
-0.0014210268,0.0001305438,-3.52806e-05
-0.0014155343,0.0004560943,-0.0014329432
-0.0008980186,0.0006179534,-0.0008628922
-0.0015467441,-0.0001388142,-0.0002800241
-0.0016401166,-0.0001998931,-0.0016447287
-0.0009926116,0.0005245027,-0.0013603136
-0.0016041102,0.000448154,0.000110589
-0.001201937,5.35843e-05,-0.0012394676
-0.0005721301,-0.0002664691,-0.0015653854
-0.001985534,-0.0002634151,0.0003211539
-0.0013075151,0.0004108959,-0.001828439
-0.0003603636,-0.0001559163,-0.0008079622
-0.002352311,8.47346e-05,-0.0006596513
-0.0007503313,0.0004133391,-0.0012937873
-0.0009260913,0.0001958982,-0.0010118134
-0.0019660051,-4.90282e-05,-0.0001933569
-0.0012928684,2.8889e-06,-0.0021885354
-0.0008668944,6.21354e-05,-0.0003459401
-0.0017438639,5.78599e-05,-6.82386e-05
-0.0011305345,-0.0002573073,-0.0020853892
-0.0011134467,0.000126879,-0.0008110139
-0.0018524933,0.0005043466,8.61757e-05
-0.000870556,0.0004988495,-0.0019736982
-0.0010725581,-0.0002744094,-0.000536364
-0.001774988,-0.0005755283,-0.0001878639
-0.000830888,0.0002374318,-0.0022105074
-0.0012696779,0.0003656975,7.45793e-05
-0.0015821402,0.0002246053,-0.0005424673
-0.0007625368,-0.0002212707,-0.0019639329
-0.001316059,-0.0003629738,-0.0002012912
-0.0019257267,-3.62016e-05,-0.0009385734
-0.0006075262,4.25901e-05,-0.0018540729
-0.0012184145,0.0003766917,-0.000483265
-0.0019666153,0.0005544313,-0.0010337854
-0.0004842501,-0.0001174366,-0.0016605974
-0.0011531148,-0.000582247,-0.000459462
-0.0022821291,-0.000535827,-0.001141204
-0.0006313271,0.0001409272,-0.0014604082
-0.0011891212,5.29736e-05,-0.0001835915
-0.0018848381,0.000129933,-0.001150359
-0.0003091003,-0.0002872359,-0.0011607347
-0.0018921614,-0.0005773607,-0.0004551897
-0.0017743778,-5.0514e-06,-0.0012730359
-0.0001955886,0.0003418767,-0.0009104981
-0.002264431,0.0004701424,-0.0005351433
-0.0013642709,0.000271636,-0.0013182006
-0.000525749,-0.0003703032,-0.0006913886
-0.0018299131,-0.000903522,-0.0001347649
-0.0015900738,-0.000417334,-0.0019767499
-0.0006227832,0.0003400444,-0.0004063631
-0.0016248597,0.0008097411,-0.0003013858
-0.0010682861,-0.000214552,-0.0013316279
-0.0007521621,-0.0006683683,-0.001722241
-0.0019733284,-0.0005584262,0.0002704962
-0.0010054275,0.0006417741,-0.0019877359
-0.0005300209,6.21354e-05,-0.0003294611
-0.002073414,-0.0003458717,-0.0002458455
-0.0004409203,-0.000394124,-0.0018662796
-0.001544303,-0.0004460411,-0.0002373008
-0.0015540674,0.0002105571,-0.0004130767
-0.0004403101,-8.81187e-05,-0.0017106447
-0.0022149985,0.0005312213,-0.0010728467
-0.0007259202,0.0006643733,0.0002027493
-0.0010035966,-0.0004949042,-0.0015617234
-0.0014137035,-0.0008864199,-0.0010636917
-0.0012184145,0.000352871,-0.0008409202
-0.0010420442,0.0008018009,1.187e-07
-0.0004750959,-0.0001998931,-0.0010270717
-0.0016785641,-0.0007129559,-0.0011149597
-0.0008327188,-0.0002347081,-0.0006480549
-0.000848586,0.0001958982,-0.00056566
-0.0016041102,0.0007645427,-0.0009996067
-0.0002389183,3.15959e-05,-0.0009068361
-0.0017664441,-9.6059e-05,-0.0005632187
-0.0010273975,8.47346e-05,-0.0014469808
-0.0008455346,-0.0001785155,-0.0003453298
-0.001599228,0.0002203297,-0.0008177275
-0.0006020337,0.0005489342,-0.001080781
-0.0016334035,-0.0001907313,7.15277e-05
-0.000907783,-0.0005547615,-0.0014579668
-0.0005617554,-0.0003018949,-0.0005296503
-0.0018909409,0.0003693623,-0.00056566
-0.000749721,0.0002636958,-0.0007560839
-0.0006221729,0.0004341059,-0.0010838327
-0.0014600846,-5.20822e-05,-0.0001237789
-0.0014283501,-6.00224e-05,-0.001672804
-0.0003597534,-0.0008320597,-0.0002623245
-0.0014014979,0.0003357689,-0.0008366478
-0.0009620977,0.0009612168,-0.0008390892
-0.0008394319,-0.0001308739,-0.0004863167
-0.0010249564,-0.0004698618,-0.0003361748
-0.0005178154,-3.68124e-05,-0.0014958075
-0.0015302666,0.0002991215,-0.0002360802
-0.0004506848,0.0002056708,0.0002430312
-0.0005635862,-1.66564e-05,-0.0015519581
-0.0017823114,-0.0002389836,-0.0005003544
-0.0006563485,0.0004090635,-0.0006401206
-0.000543447,0.0004341059,-0.0003154235
-0.0013294851,-0.000425885,-0.0007737835
-0.0012684573,0.0001287114,-0.0007798869
-0.0001931475,0.0003406552,-0.0003148131
-0.0014130932,-3.86448e-05,-0.0007060366
-0.0011171084,-0.0001094963,-0.0006828439
1.49573e-05,-0.000240816,-0.0005095093
-0.0017896347,0.0002117787,-0.0006340173
-0.0006423121,0.0004206685,-0.0010374474
-0.0005196462,-0.0005608694,0.0004310138
-0.0014423865,-5.39145e-05,-0.0016215361
-0.0006294962,0.0004762503,-0.0008744885
-0.0008113591,7.06864e-05,0.0007746313
-0.0004836398,-0.0003641953,-0.0013078249
-0.0012495387,0.0002307132,-0.0015122865
-0.0009144961,0.0003272178,0.0009186699
-0.0004531259,0.0006350555,-0.0010533161
-0.0006862521,-0.0001070532,-0.0011070254
-0.0012715087,-0.000695243,0.0001081476
-0.0006075262,0.0002997323,-0.0006797923
-0.0001095394,0.0003376012,-0.0005357537
-0.0015571188,-0.000217606,0.0003315295
-0.0006435326,-2.27643e-05,-0.001232754
-9.42824e-05,-1.3867e-06,-0.0004179594
-0.0016822258,-3.19261e-05,0.0004670235
-0.0006642821,0.0004041772,-0.0016807384
-6.49891e-05,-0.0002163844,-7.73936e-05
-0.0015998383,0.0001293222,-0.0002311975
-0.0006276654,0.0004115067,-0.0011711103
-0.0002120661,-0.0002945654,-1.0257e-05
-0.0012953095,-0.000339153,-0.0003264094
-0.0005233079,0.0001323761,-0.0014976385
-0.0002267128,-5.69685e-05,0.000664161
-0.0012855451,-0.0001516408,-0.0004893684
-0.0003695178,-0.0001388142,-0.0019413506
-0.0005165948,6.3357e-05,0.0008966979
-0.0011348064,0.0002013953,-0.0006254726
-0.0001821625,-0.0001382034,-0.0018504109
-0.000786948,0.0004438785,0.000689795
-0.0009334147,0.0001690235,-0.0001030276
-0.0002663808,-0.000495515,-0.0018424766
-0.0007515518,-0.0002762417,0.0007203116
-0.0010444853,-1.36024e-05,-0.0001799295
7.634e-06,0.0002917921,-0.0015269345
-0.0006984576,-2.6082e-06,0.0009540692
-0.0010609628,-0.0003684709,-0.0005314813
0.0002004818,0.0001488674,-0.0015641648
-0.0010872047,3.52607e-05,0.0010974974
-0.0012440462,-0.0002511994,-0.0003416678
0.0005422375,-0.000668979,-0.0015452444
-0.0014558126,-0.0001473652,0.0004944884
-0.0011116159,0.0008445561,-0.000464955
0.0005861775,-0.0002310433,-0.0010923774
-0.0016736819,-0.0006042354,4.52833e-05
-0.0007729116,-2.58182e-05,-0.0008726575
0.0002773769,-0.0001608026,-0.0006895576
-0.0014912088,1.87694e-05,0.0003150505
-0.000356702,-0.0007233393,-0.0006382896
-1.4336e-05,-0.0005162818,-0.0011271663
-0.0012306201,0.0003278286,0.0005817661
-0.0004659417,-0.0002188276,-0.0001805399
3.44862e-05,-0.0007642621,-0.001238247
-0.0014387249,-0.0001327063,-4.19943e-05
-0.0004842501,0.0007370572,-1.575e-05
8.51393e-05,6.51893e-05,-0.0006273036
-0.0012959198,-0.0009169594,-0.0003300714
-0.0004317662,-0.0002395944,-0.0005504017
-0.0001754494,0.0002331563,-4.87079e-05
-0.0009126652,-0.0001693536,-6.39663e-05
-0.0004360381,-0.0005529291,-0.000536364
-6.01069e-05,-0.0005553723,-0.0003111511
-0.000934025,0.0001824608,-0.0003019961
-0.0004403101,0.0001421487,-5.90836e-05
4.97432e-05,-0.0005382702,-0.0006602616
-0.0013197207,-0.0007807534,-0.0007353326
-0.0005025584,0.0002997323,-0.0005778666
8.39187e-05,0.0001885687,0.000163688
-0.0013459626,-0.0009328399,-0.0005442983
-0.0001913166,-0.0005004013,-0.0012925666
-0.0005483293,0.0001830716,0.0003315295
-0.0010212947,0.0003522602,-3.34496e-05
0.0001669166,-0.0007941908,-0.0008622818
-0.0008925261,-0.0006353857,-0.0005668807
-0.0006142393,0.0001678019,5.6117e-06
5.1929e-06,0.0002093355,-0.0004240627
-0.0005666376,-0.0006708114,0.0003223745
-0.0006716054,-0.0007740348,-0.0012058993
-0.0002352566,-3.74232e-05,-0.0004295557
-0.0006313271,0.0008011901,0.0004523755
-0.0003560917,-0.0005132279,-0.0002226528
-0.0002120661,-0.0011643289,-0.0013957129
-0.0005800637,-0.0001614134,0.0001209646
-0.0005135434,0.000581306,-6.39663e-05
-0.0002016914,-0.0002511994,-0.0008409202
-0.0006459737,-0.0010574408,-0.0001018069
-0.0004946248,-0.0004051182,-0.0007536425
-0.0003390039,0.0004231117,-0.0006627029
-0.0005947104,7.67943e-05,0.0004047695
-0.0003695178,-0.0008571021,-0.000525378
-0.0002651603,-0.0008320597,-0.0012870736
-0.0008302777,-4.4406e-06,0.0003467879
-0.0006240037,3.7093e-05,8.80067e-05
6.92721e-05,-0.0007978555,-0.0013767925
-0.00096698,-0.0007654837,-0.0002336388
-0.0005757918,0.0005788629,-7.55626e-05
0.0001431157,-0.0001003345,-0.0006480549
-0.0012110912,-0.0010604948,-0.0002318078
-0.0003670767,-0.0007044048,-0.0005534533
6.50001e-05,-0.0002395944,-0.0002495075
-0.0012178042,-8.26216e-05,8.43447e-05
-0.0001980297,-0.0005022336,-0.0004515277
6.2559e-05,-0.0009810922,-0.0003850014
-0.0011335859,-0.0001461437,-0.0004063631
-0.0003322908,0.000193455,-8.10556e-05
-0.0001370019,-0.0004399332,-0.0002714795
-0.0010127508,-0.000903522,-0.0008226102
-0.0002950639,-5.6622e-06,-0.0005925146
-0.0002352566,3.15959e-05,0.000616555
-0.0011244317,-0.0007489924,-0.0009928931
-8.69591e-05,-0.0009212349,-0.0008250515
-0.0006056954,-0.0001821802,0.0001667396
-0.001006648,-1.05485e-05,-0.0005504017
-5.52246e-05,-0.0006298885,-0.0007273982
-0.0007039501,-0.0010568301,-6.595e-06
-0.000940738,-0.0001119395,-0.0014774975
-1.55566e-05,0.0001958982,4.1011e-05
-0.0008620122,-0.0004381008,0.0001844393
-0.0004805884,-0.0011551671,-0.0015568408
-0.0003823336,-0.0005016229,-0.0002647658
-0.0008284469,0.000248426,0.0007013913
-0.0004769267,-0.0005755283,-0.0007206846
-0.0004732651,-0.000984757,-0.0009623764
-0.0007515518,-0.0001937852,0.0001575846
-0.000852858,0.0003217207,-0.0008482442
-2.41005e-05,-0.0003751895,-0.0003843911
-0.0011354167,-0.0011521131,-0.0001536852
-0.0005519909,-0.0004906287,-0.0010453817
-0.0001138113,-0.0001974499,-7.25109e-05
-0.0012257378,-0.0002542533,8.73963e-05
-0.0002614986,-0.0006494338,-0.001216275
-0.0003890467,-0.0007709808,-0.0003166441
-0.0010884253,-0.0001113287,2.14804e-05
-0.0005751815,-5.33037e-05,-0.0013316279
-0.0001937577,-0.000785029,-4.26046e-05
-0.0012885965,-0.0003800758,-0.000605942
-9.61133e-05,-0.0004295498,-0.0006120453
-0.0005886076,-0.0007593758,-0.0006419516
-0.0013075151,-0.0005028444,-0.0002043428
0.0001638652,-0.0002634151,-0.0007566942
-0.0007967124,-0.0004991797,-0.0002739208
-0.0012275687,-0.0002768525,-0.0005449087
0.0001052785,-0.0004545921,-0.00051073
-0.0010231255,-0.0006329425,-0.0001488025
-0.0009059522,-0.0003776327,-0.0008128448
0.0002053641,-0.0001058316,-0.000453969
-0.0009804061,9.14533e-05,-0.0003038271
-0.000859571,-0.0002206599,-0.0005058474
2.9604e-05,-0.0007575435,-0.0006230313
-0.0009462305,-0.0010220151,-4.80976e-05
-0.0008083077,-0.0002646367,-0.0009465078
-0.0001687363,-0.0001308739,-0.0002928411
-0.0008614019,-0.0005596478,8.98377e-05
-0.0004934042,-0.0006298885,-0.0010630814
-0.0005977618,-0.0008241195,-0.0003959874
-0.0013526757,-0.0001015561,-0.0003990391
-0.0002938433,-0.000159581,-0.0004692274
-0.0008827616,-0.0002676907,-0.0007884315
-0.000999935,-0.000625613,-9.75346e-05
-0.0005757918,-0.0004191663,-0.0011289973
-0.0007753527,-0.0005779715,-0.0001433095
-0.000984678,-0.0001583594,-0.000486927
-0.0004220017,-0.000547432,-0.0003959874
-0.0005111023,-0.0008705394,-0.0006742993
-0.0009663697,-0.0004112261,-0.000481434
-0.0004677726,-0.0001760723,-0.0003129821
-0.0003872159,-0.000625613,-0.0002659865
-0.0009932219,-0.0004875747,-0.0007512012
-0.000459839,-0.0001211013,-0.0005150023
-0.0007491107,-9.97237e-05,0.0001111993
-0.0006563485,-0.0004124477,-0.0007377739
-0.0007729116,-0.0008552697,-0.0003477711
-0.0006294962,-0.0006585956,-3.89426e-05
-0.0010353311,0.0001629156,-0.0009654281
-0.0006807596,4.50333e-05,0.0003113885
-0.0005672479,-0.000761819,-0.0003685224
-0.0009291427,-0.000894971,-0.0007438772
-0.000977965,-1.3867e-06,-0.0007536425
-0.000683811,6.27462e-05,0.0003144402
-0.000503779,4.457e-07,-0.0010203581
-0.000786948,-0.0010904235,-0.0002293665
-0.0014442174,-0.0009853677,-0.0006834543
0.0001339615,-5.0514e-06,-0.0009922828
-0.0009254811,0.0001537537,0.0004291828
-0.0013941746,-0.0001907313,-0.0007408256
0.0001595932,-0.0009365046,-0.0011326593
-0.0014289604,-0.0004900179,-0.0001964085
-0.0007021193,0.0001641372,-0.0001921362
-0.0002322053,-0.000226157,-0.0006865059
-0.0014515407,-0.00077037,-6.09146e-05
-0.0006002029,-6.24656e-05,-0.0009397941
-0.0007637574,-3.8298e-06,0.0001862703
-0.0007991535,-0.0006530985,-9.14312e-05
-0.0009431791,-0.0004118369,-0.001135711
-0.0008369908,-6.06332e-05,0.0001905426
-0.0008119694,5.1752e-05,-0.0005046267
-0.0009144961,-7.59029e-05,-0.0007701215
-0.0008064769,-0.0004087829,-0.0005687116
-0.0009010699,-0.000373968,2.20907e-05
-0.0006349887,-0.0002823496,-0.001102753
-0.000775963,-0.0006017923,-2.55153e-05
-0.0011903417,0.0001476458,-0.0007402152
-0.0002877406,-2.52074e-05,-0.0002702588
-0.0012751704,-0.0007929692,-0.0001713849
-0.0006935754,-0.0007196745,-0.0013230832
-0.0008003741,0.0001543645,-0.0004771617
-0.0011988856,0.0005434371,0.0002161766
-0.0006301065,-0.0002389836,-0.0010105927
-0.0009657594,-0.0007966339,-0.0008622818
-0.0010914767,-0.0005669773,-4.19943e-05
-0.0010695067,0.0004066204,-0.0006089936
-0.0005568732,0.0001287114,-0.0002525592
-0.0008443141,-0.0007416629,-0.0001646712
-0.0014527613,-0.0002921222,-0.0010649124
-0.0003267983,-0.0002762417,-0.0002397422
-0.0012190248,-0.0002212707,-1.08673e-05
-0.0006954063,1.20507e-05,-0.0007713422
-0.0005464984,-0.0004674187,-0.0003343438
-0.0016334035,-0.0005602586,-0.0003312921
-0.0004262737,-8.38432e-05,-0.0008677748
-0.0009181577,0.0002691929,7.27483e-05
-0.0012196351,-0.0006060678,-0.0001274409
-0.0011781362,-0.000469251,-0.0015318171
-0.000716766,-0.0001101071,-0.0001176756
-0.0011940034,0.0002624742,-0.0001488025
-0.0014429968,0.0001867363,-0.0009220945
-9.61133e-05,-0.0009218457,-0.0007933142
-0.0018183178,-0.0008186224,-0.0001188962
-0.0008229544,0.0004102851,-0.0010691847
-0.0002828583,-0.0003055596,0.0002515759
-0.0020154376,-0.0005468212,-0.0002720898
3.93685e-05,-0.0002762417,-0.0013737409
-0.0013624401,-0.0005743068,0.0010071682
-0.0014667977,5.84707e-05,-0.0010887154
-0.0001321197,9.26748e-05,-0.0007158019
-0.001959292,-0.0002426483,0.0005555217
-0.0004427512,-0.0004100045,-0.0012046786
-0.0014930396,-0.0002273786,-0.0008079622
-0.0011543353,8.71777e-05,0.0005585734
-0.000117473,6.82433e-05,-0.0009001225
-0.0017865833,-0.0004326037,-0.000624252
-0.0005428368,-0.0008015203,0.000152702
-0.0009236502,8.53454e-05,-0.001154021
-0.0010603525,-2.27643e-05,0.0001301196
-0.000819903,-0.0002817388,-0.0002177702
-0.0009968836,-0.0008864199,-0.0008134552
-0.0010365517,-0.0006885243,-0.0007371636
-0.0011622689,0.0001342085,0.0006269307
-0.0005721301,-1.17701e-05,-0.0011857583
-0.0015266049,-0.0005150602,-0.0002824655
-0.0012178042,9.2064e-05,-4.44356e-05
-0.0004519053,-0.0004454303,-0.0006804026
-0.0017255555,-0.0002640259,-0.0003953771
-0.0008412627,-2.6082e-06,-0.0003093201
-0.0009022905,-0.0002157736,-0.0002818551
-0.0011372475,-0.0004790237,-0.0007200742
-0.0007375154,-0.0002603612,6.8324e-06
-0.000999935,-0.0004240527,5.81003e-05
-0.000874828,-0.0005859117,-0.0009599351
-0.0010780506,-0.0002463131,-0.0002531695
-0.0005812843,-0.0001125503,0.0002222799
-0.0013130076,-0.0002530317,-0.0010685744
-0.0010713375,-0.000182791,-0.0004734997
-0.0005007276,-0.0004124477,0.0002869752
-0.0013801382,-1.36024e-05,-0.0011619553
-0.0010103097,0.0001421487,-0.000563829
-0.0008430935,4.0147e-05,0.0003254262
-0.0008034255,-0.0003000625,-0.0006773509
-0.0007448388,-0.0006830272,-0.000624252
-0.001436894,-0.0007612082,0.0001441573
-0.0004049139,-0.0001644673,-0.0004045321
-0.0006966268,-4.29203e-05,-9.87552e-05
-0.001621198,-0.000124766,-0.0002006809
-0.0003658561,-0.0003666385,-0.000541857
-0.0009974939,-0.0007459385,9.884e-06
-0.0015845813,-0.0002114981,-0.000561998
-0.0006941857,0.0005312213,-0.0009202635
-0.0009053419,3.03744e-05,0.0001673499
-0.0012342817,-0.0003831298,-0.0005668807
-0.0008070871,-0.0004857423,-0.0009532214
-0.0007747424,-0.000347704,0.0002222799
-0.0008125796,2.12125e-05,-0.0003117615
-0.0006655026,-1.42132e-05,-0.0007548632
-0.0006734362,-0.0004765805,0.0001789463
-0.0007570443,-0.0005578154,-0.0003679121
-0.0008186824,-0.0002157736,-0.0007005436
-0.0006032543,-0.0005633125,0.0004529858
-0.0010469264,-7.71245e-05,-0.0008030795
-0.000804646,0.0003937938,-0.0004210111
-0.0008095282,0.0002172758,3.49077e-05
-0.0008064769,-0.0004631432,-0.0004088044
-0.0008144105,-0.0003904593,-0.0009715314
-0.0011610484,-0.0001015561,0.0003522808
-0.0005031687,0.0001048906,-0.0003660811
-0.0005879973,3.58715e-05,-0.0004606827
-0.0009175474,-0.0005498752,0.0003766942
-0.0006148496,-0.0008674855,-0.0006358483
-0.0006832007,-0.0003929024,-0.0002507282
-0.0008565196,5.1752e-05,8.06827e-05
-0.0007179865,-0.000139425,-0.0002995548
-0.0009535539,-0.0001931744,-0.0008464132
-0.000668554,-0.0004246634,9.16687e-05
-0.0009694211,-0.0003263264,-0.0005571153
-0.0009474511,-0.0001320955,-0.0004228421
-0.0006563485,0.0002814086,-0.0004258937
-0.0010933075,-7.22382e-05,-8.22762e-05
-0.0006514662,-3.8298e-06,-0.0004533587
-0.0002981153,-0.0007496032,-0.0001854225
-0.0014387249,-0.000550486,-0.0001866432
-0.0002193894,-5.63577e-05,-0.0002586625
-0.0003042181,-0.0001650781,0.0002717169
-0.0011775259,-0.0001253768,-0.0002080048
-0.0002145072,-0.0002072226,-0.000518054
-0.0005611451,-0.0006072894,0.0002058009
-0.0011897314,-4.90282e-05,-0.0003734051
-0.0004732651,0.0001751314,-0.0004411521
-0.0005117126,-0.0002750201,0.0005079158
-0.0012068192,-0.0002505886,-0.0008177275
-0.0004360381,8.29022e-05,-0.0006230313
-0.0007838966,-0.0001681321,0.0006702643
-0.0011146672,-0.0003232725,-0.0006981022
-3.50855e-05,-0.000281128,-0.0008189482
-0.0009553847,-0.0002127197,0.0007325183
-0.0010005453,4.38117e-05,-0.0008036899
0.0001309102,-0.0006879135,-0.0002763621
-0.0011708128,-0.0006622604,0.0003168815
-0.0007362949,0.0002001737,-0.0011039737
7.0237e-06,0.0002294916,0.0002527966
-0.001311787,-0.000324494,0.0006373064
-0.0006789288,-0.0005498752,-0.0015989538
-5.8276e-05,-0.0002457023,0.0004407791
-0.0015827505,0.0003119481,0.0007032223
-0.0002828583,-3.92556e-05,-0.001210782
-0.0003652459,-0.000428939,-3.16186e-05
-0.0015601702,0.000193455,0.0005427047
6.86618e-05,0.0001794069,-0.0008097932
-0.000503779,-0.0006732546,0.0002607309
-0.0014802238,-0.0004869639,0.0001154716
0.0004055353,-0.0001406466,-0.0003331231
-0.0006661129,1.32723e-05,5.07763e-05
-0.0013593887,-0.0001779047,0.0002131249
0.0004720556,-0.0002420375,-0.0007945349
-0.0005934898,-0.0005798039,0.0004444411
-0.0016114335,6.82433e-05,-0.0005076783
0.0005495609,-5.75793e-05,-0.0001091309
-0.000918768,-0.0001449221,4.391e-06
-0.0013191104,5.1752e-05,-0.0004496967
0.0003432869,-0.0001296524,-0.0001823709
-0.0009419586,-0.0009187917,0.000739232
-0.0012855451,-6.24656e-05,-0.0015147278
0.0001833941,0.0003290502,0.0003303089
-0.0007997638,0.0002618634,0.000631203
-0.0006935754,-0.000237762,-0.0013743512
3.107e-07,-0.000750214,0.0004200278
-0.0009260913,-0.0006366072,0.0005237844
-0.0005971515,3.28175e-05,-0.0011808756
0.0001290793,7.1908e-05,0.0008301716
-0.0010060378,-0.0003721356,0.0004859438
-0.0004049139,-0.0002524209,-0.0013706892
-0.0003078797,-0.0003214401,0.0007898896
-0.0009309736,-0.0002902899,0.0005427047
-0.0002956742,0.0002252161,-0.0016178741
-0.000701509,0.0002191082,0.0008503126
-0.0010188536,0.0003986801,6.17623e-05
0.0003048394,-0.0002389836,-0.0009623764
-0.0008894747,-0.0006017923,0.0001679603
-0.0007430079,-0.0008009095,0.0007239736
0.0001315204,-2.39859e-05,-0.0016844004
-0.0003707384,2.91528e-05,0.0011097041
-0.0007777938,0.0001335977,0.0002271626
0.0005239292,-0.0005083415,-0.0011387627
-0.0009126652,-0.0005315515,0.0002192283
-0.000672826,7.1644e-06,0.00069895
0.0005263703,0.0001897903,-0.001234585
-0.0012251276,-2.9483e-05,0.0004352861
-0.0006514662,0.0003858536,0.0003547222
0.0006020448,-0.0005584262,-0.0004399314
-0.0014045493,-0.0006317209,9.5941e-05
-0.0003737898,0.0003705838,-0.0001683332
0.0002438116,0.0004200577,5.3828e-05
-0.000955995,0.0001671911,0.0003864595
6.74412e-05,-0.0005828578,-0.0002647658
-0.0002084044,-0.0009230673,-5.3743e-06
-0.0006813699,0.0002349887,-0.0001829812
4.91329e-05,0.0003388228,0.0002961302
-0.000341445,-0.0001302631,-4.13839e-05
-0.0003103208,-0.0006085109,-0.0004954717
-0.0005898282,0.0001787961,-0.0008677748
-0.0002663808,0.0004878553,0.0011951507
-0.0003365628,-0.000472305,-0.0005552843
-0.0002669911,-0.000781975,-0.0008879158
-0.0004921837,0.0004176146,0.0003626565
-0.0003927084,0.0005385508,0.000763035
-3.93574e-05,-0.0006091217,-0.0005900733
-0.0004854706,-0.0012663307,-0.0001439199
-0.0007088324,0.000236821,-1.08673e-05
0.0001418952,0.0011035306,0.0001813876
-0.0003847748,0.0001445919,-4.44356e-05
-0.0006478046,-0.0010458359,-0.0002623245
-1.67771e-05,-0.0004845208,-0.0004185697
-0.0004317662,0.0003363796,0.0002265522
-0.0008247852,0.0005055682,7.51897e-05
0.0004128586,-0.0002322649,-0.0005137817
-0.0003139825,-0.0007776995,-0.0001262202
-0.0010188536,-0.0004423763,0.0004658028
0.0003341327,0.0002447613,-0.0008012485
-0.0002334258,-0.000359309,0.0003882905
-0.0009004597,0.0001684127,-0.0001433095
0.0003658672,3.28175e-05,-0.0001964085
-0.0004519053,-0.0004087829,2.20907e-05
-0.0007265304,-0.0004423763,-0.0001195066
-0.0001009955,-5.26929e-05,-0.0003068788
-0.0002566164,0.0001055014,0.0004413895
-0.0007271407,9.93935e-05,-0.0004625137
-7.65844e-05,-9.54482e-05,9.53307e-05
8.33085e-05,-0.000359309,0.0001313403
-0.0009572155,-0.0006799732,-0.0002263148
-0.0004256634,0.0002453721,-0.0003679121
0.0008040468,4.8698e-05,0.0007380113
-0.0014295707,4.68657e-05,-0.0007792765
-7.3533e-05,0.0001458135,-0.0003752361
0.0005214881,-0.0006622604,0.0009076839
-0.0009968836,-0.0007948016,-0.0006511066
-0.0001437149,0.000118328,-0.0009599351
0.0002267238,0.000482969,0.0012494704
-0.0004824192,0.0003644759,-0.0003618088
-0.00041834,-0.0006647035,-0.0007115296
-8.4518e-05,-0.0010519437,0.0005012021
-0.0005941001,-0.0001345387,-0.0006718579
-0.0005605348,0.0010986443,-0.0003740154
0.000209636,0.000129933,0.0010932251
-0.0005507704,-0.0008351137,-0.0012077303
-0.0002895714,-0.0004362684,-0.0007463186
-0.0003316806,0.0001348193,0.0012152917
-0.0001003852,6.51893e-05,-0.0008152862
5.95076e-05,-0.0002047794,-0.0005906836
-0.0005001173,-0.0002915114,0.001210409
-0.0002486828,-0.000495515,-0.0010545367
-0.0001980297,-0.000449095,-0.0003026065
-0.0004024728,-0.0002438699,0.0009882478
-0.0004067448,-0.0001852342,-0.0008464132
-0.0003719589,-0.0001070532,-0.0004985234
-0.0002724836,0.0003058402,0.0003724218
-0.0004342073,-0.0002224923,-0.0003093201
-0.0003182545,-0.0003049488,-0.0008592302
-0.0004213914,-0.0001656889,0.0001520916
-0.0001321197,3.52607e-05,-0.0002519488
-4.60705e-05,2.91528e-05,-0.0003703534
-0.0001937577,-0.0006683683,0.0005451461
-0.0003335114,-0.0009114623,-0.0007817179
-1.37257e-05,-8.01784e-05,-0.0002940618
-0.0003023872,0.0003693623,0.0006232687
-0.0002145072,-0.0001351495,-0.0004356591
-0.0002608883,-0.0004845208,-0.0010203581
-0.0003780617,-0.0001498084,0.0008332233
-0.0005141537,-0.0001797371,-0.0003093201
-0.000503779,-0.0002365404,-0.0010594194
-9.099e-07,0.0002172758,0.0006104517
-0.0004622801,0.0004322735,-0.0001378166
-0.0002761453,-0.0006048462,-0.0003850014
-0.00035243,-0.0011734908,-0.0003026065
-0.0005605348,-0.0001937852,-0.0002476765
2.89937e-05,0.0005880247,2.02597e-05
-0.0002267128,-0.0003422069,0.000612893
-0.0003945392,-0.0009462773,-0.0010282924
-0.0002352566,-0.0007648729,-0.0001854225
-0.0004879117,0.0003760809,0.0003565532
-0.000161413,0.0002936244,-0.0004478657
-0.000576402,-0.0006121757,-0.0002000705
-0.0003902673,-0.0003147214,-0.0005595567
-2.65416e-05,0.0004542619,-0.0004393211
-0.0008192927,0.0003485954,9.0448e-05
-7.0127e-06,-0.0005895765,-0.0001878639
-1.61668e-05,-0.0008430539,-0.000551012
-0.0006764876,-0.0001284308,0.0002637826
8.33085e-05,0.0001470351,0.0001191336
0.0002554069,-0.0010269014,0.0003876802
-0.0010005453,-0.00074716,-0.0008091829
-0.0001760597,-4.65851e-05,5.0014e-06
-0.0002431903,0.0005654255,7.45793e-05
-0.0004586184,-8.81187e-05,-0.0001365959
-0.0009236502,-0.0004906287,-0.0009019535
-0.0003042181,-0.0002799065,-4.87079e-05
-0.0003255778,0.0003803565,-0.0004350487
-0.000635599,0.000286295,-0.0003300714
-9.48927e-05,-0.0002518102,-0.0001994602
-7.71946e-05,-0.0010543869,-2.49049e-05
-0.0002499033,-0.0006982969,-0.0001964085
-0.0001900961,-0.000237762,-0.0004051424
-0.0005715198,-0.0001253768,0.0002558482
-1.00641e-05,0.0001293222,-0.0005388053
-0.0001705672,-0.0003947348,4.2842e-05
-0.0010994103,-0.0005798039,-0.0003685224
-0.000183383,-0.0001730184,-0.0007206846
-0.0005159845,0.0002178866,-2.67359e-05
-0.0010090892,0.0006906373,-0.0002867378
0.0001345718,-0.0002939546,-0.0001524645
-0.000705781,-0.0006592064,-0.0006962712
-0.000617901,-0.0003538119,0.0002369279
1.31265e-05,0.0001928442,-0.0003373954
-0.0002907919,-0.0008332813,0.0006189964
-0.0007161557,-0.0002090549,-0.0011167907
0.0002566274,-3.86448e-05,0.0004993711
-0.0006856418,-0.0003922916,0.0001264576
-0.0004641109,-0.0004918502,-0.0009123291
-8.4518e-05,-0.000272577,-0.0002946721
-0.0011964445,0.0003174452,0.0001984769
-3.99677e-05,0.0005080114,-0.0011363213
-0.000400642,-0.000605457,0.0001533123
-0.0011232111,-0.0004631432,-0.0001835915
-2.28799e-05,-0.0001980607,-0.0014628495
-0.0008009844,0.0004267764,0.0006232687
-3.02032e-05,0.0002197189,0.0002302142
-0.0003341217,-0.0008925278,-0.0012211576
-0.000848586,-0.0005846902,0.0001295093
-7.84152e-05,-5.51361e-05,0.0003400742
-0.0002938433,-0.0002017255,-0.000591294
-0.0006539074,-1.60456e-05,-0.0003148131
-0.0004171195,0.0003137805,0.0003998868
-0.0001083188,-0.0003226617,-0.0005082887
-0.0010933075,-0.0007074588,-0.0006254726
-0.0006197318,0.000184904,-0.0001719952
0.0001260279,0.0005220595,9.89927e-05
-0.0009364661,0.0001122201,-9.20416e-05
-0.0001345608,-0.0006359964,-0.0001665022
-0.0004213914,-0.000773424,-0.0001903052
-0.0008607916,0.0001134417,-0.0003770671
-0.0002413594,0.0002551447,0.0004059902
-0.0002785864,-0.0003660277,-0.0001665022
-0.0008363805,-0.0005627018,-0.0012278713
-0.0008015946,0.0001195496,-1.51396e-05
0.0001199252,-4.65851e-05,0.0004468825
-0.0009907808,-0.0003189969,-0.0013987645
-0.0005953207,0.0001244359,-0.0005430777
-0.0001180833,0.0003907399,0.0006324237
-0.0008144105,-8.26216e-05,-0.0006816233
-0.0003744,-0.0006946322,-0.0007359429
-0.0005428368,-0.0004832992,0.0005549114
-0.0004860809,7.92375e-05,-0.0005204953
-0.0002267128,7.43512e-05,-0.0001866432
-0.0005507704,-0.0002799065,0.0006196067
-0.0004836398,-0.0001107179,-0.0009910621
-0.0005776226,0.0002020061,-7.49523e-05
-0.000433597,1.20507e-05,0.0006452407
-0.0004464128,-0.0001253768,-0.0008073519
-0.000690524,1.51046e-05,-0.0005168333
-0.0006661129,4.56441e-05,0.000636696
-0.0002682117,-0.0002169952,-0.0004789927
-0.0005971515,-0.0004246634,-0.0006450033
-0.0009096138,-7.77353e-05,0.0006135034
3.9723e-06,0.0002490368,-0.0007176329
-0.0006996782,8.3513e-05,-0.000574815
-0.0007576546,-5.819e-05,0.0004340655
-0.0001742288,-0.0003983995,-0.0008189482
-0.0006966268,-7.40706e-05,-0.0008067415
-0.0003377834,0.0003711946,0.0005530804
-0.0004061345,-0.0003196077,-0.0001024172
-0.000819903,-0.0007569327,-0.0010411094
-0.0003261881,3.40391e-05,-3.40599e-05
-0.0007369052,0.0006619302,0.0003480085
-0.0004586184,0.0002075032,-0.000481434
-0.0003719589,-0.0005975167,-0.0005754253
-0.0010823225,-0.0003910701,0.0001111993
-9.67235e-05,0.0006069592,-0.0005046267
-0.0003530403,0.0001140525,0.0002765996
-0.0011933931,-0.0001235445,-0.0001835915
0.0003780727,-0.0003947348,-0.0001542955
-0.000848586,-0.0003061704,1.96494e-05
-0.0008473655,2.79312e-05,-0.0001359856
1.06854e-05,-5.0514e-06,-0.0003477711
-0.0008211235,-0.0001986715,0.0002875855
-0.0003982009,-8.50648e-05,-0.0006199796
-0.0005648068,-0.0001931744,-0.0002873481
-0.0006667232,-0.0004356576,-5.35906e-05
-0.0005672479,0.00020506,-0.0007029849
-0.0007832863,0.0002337671,-2.06326e-05
-0.0001357813,-0.0004698618,2.56e-06
-0.0009193783,-0.0002573073,-0.0005278193
-0.0005788432,-0.0001101071,-0.0001646712
-0.0003951495,-0.0004790237,0.0004499341
-0.000602644,0.0001134417,-0.0008696058
-0.0002895714,0.0002685821,0.0001734533
-0.0010975795,-0.0001382034,0.0004419998
8.8546e-06,-0.0004118369,-0.0009080568
-0.0005062201,-0.0002066118,0.000161857
-0.0010450956,-0.0001577487,0.0004243001
-0.0002352566,0.0002093355,-0.0010527057
-0.0002102352,0.0001946766,0.0004670235
-0.0009431791,-0.0005297192,0.0006226584
-0.0006417018,-0.0003061704,-0.001214444
0.000224893,-0.0002615828,0.0003589945
-0.0012739498,6.27462e-05,0.0007691383
-0.0002181689,0.0006680381,-0.0011204527
-4.42396e-05,-0.0006042354,0.0003058955
-0.0018183178,-0.0004674187,-8.16659e-05
0.0005275909,-0.0002206599,-0.0008049105
-0.0008253955,-3.25369e-05,0.0003211539
-0.0012312303,0.0001042798,-6.33559e-05
0.0001931585,0.0001635264,-0.0010649124
-0.0008522477,-0.0004784129,0.0010187645
-0.0006301065,-0.0002792957,-0.0007255672
-0.0007259202,-0.0001320955,-0.0003422781
8.94113e-05,-0.0003012841,0.0008649606
-0.0010377722,-3.8298e-06,-0.0006425619
-0.0009962733,0.0003797457,-0.0006804026
0.0005483403,-0.000452149,0.0008033169
-0.0014545921,-5.94116e-05,-0.0002965031
-0.0003243572,-0.0004002319,-0.0005040164
-0.0003225264,-0.0005767499,0.000651344
-0.0008784897,0.0005513774,-0.0008281032
-0.0001730083,0.0004811366,0.0003785252
-0.0008571299,-0.0006659251,0.0006489027
-6.62096e-05,-0.0008705394,-0.0014396568
-0.0011714231,0.0001665803,0.0005036434
-0.0001522588,0.0003223315,0.0009839755
-0.0002499033,-0.0005034552,-0.0010325647
-0.0012989712,-0.0001656889,-0.0002440145
0.0003255888,-0.0002188276,0.0006208274
-0.0012696779,0.0002881273,-0.0007493702
-0.0001510383,-9.54482e-05,-0.0001384269
-0.0005574834,-0.000640272,0.0006006864
-0.0009480614,9.87827e-05,-0.0010166961
0.0004098072,0.0001592508,8.92273e-05
-0.0015455235,1.14399e-05,0.0007123773
0.0006173017,-0.0005382702,-0.0009391838
-0.0008675047,-0.0006311101,0.0002900269
-0.0010402133,7.7752e-06,0.0005915314
0.0005922803,1.6673e-06,-0.0009672591
-0.0014533715,8.77885e-05,0.0010614878
4.11993e-05,-0.0001546947,-0.0001756572
-0.0009138858,-0.000292733,-0.0008732678
-0.0006593999,-0.0002463131,0.0007837863
0.0001272485,5.78599e-05,-0.0001829812
-0.0014228576,0.0001122201,-0.0004417624
8.81907e-05,-0.0001125503,0.0002064113
-0.0005898282,-0.0003031164,0.0006012967
-0.0005648068,-0.000573696,-0.0009007328
-0.0003243572,-0.0005920196,0.0004938781
-0.0008784897,7.92375e-05,0.000143547
0.0001724091,-0.0001296524,-0.0005101197
-0.0009608772,-2.39859e-05,0.0002399796
-0.0002981153,-0.0002982301,9.16687e-05
-0.0003920981,-8.01784e-05,-0.0006791819
-0.0007906096,-0.0004319929,0.000611062
-0.0003646356,-0.0001314847,-0.000468617
-0.0002999461,-0.0002444807,3.3687e-05
-0.000940738,0.0001452027,0.0001783359
-0.0001186935,-0.0001779047,0.0005762731
-0.0004396998,-0.0004093937,-0.0006254726
-0.0008095282,-0.0004570353,0.0004029385
-0.0001864344,0.0003754701,-5.84733e-05
-0.0001467663,4.0147e-05,0.0002003079
-0.0006661129,-0.0002334865,0.0002765996
-7.17021e-05,-0.0007581542,0.0001350023
-0.0005495498,-0.000249367,-0.0002458455
-0.0007631471,0.0002178866,0.0005439254
0.000235878,0.0003852428,0.0002497449
-0.0003426656,-0.0009438341,0.0002137353
-0.0009620977,-0.0002799065,-0.0003898841
0.0001138224,-7.71245e-05,0.0003327502
-0.0007173763,0.0004383814,-3.22289e-05
-0.0003139825,0.0001134417,0.0002851442
-0.0003670767,-0.0006421043,-9.14312e-05
-0.0005245284,-0.0006982969,4.40627e-05
-0.0002084044,0.0002203297,-0.0001201169
-0.0005605348,0.000173299,0.0008631296
-0.0001516486,-0.0003189969,-0.0003532641
-0.0006276654,-0.0007453277,-8.16659e-05
-0.0002480725,-8.14e-05,0.0005506391
-0.0001785008,-0.000269523,3.97904e-05
-0.0010853739,-0.0001620242,-0.0002055635
0.0003884475,-5.6622e-06,0.0002259419
-0.0007723013,0.000129933,6.96967e-05
-0.0005178154,0.00020506,-9.14312e-05
0.0001418952,-0.0007538787,0.0002674446
-0.0010725581,-0.0008638207,2.4532e-05
-3.75266e-05,0.0006674273,-0.0005406363
5.40151e-05,-4.04772e-05,0.0016736518
-0.0009047316,-0.000124766,-0.0006144866
0.0003603747,-0.0011710476,0.0002479139
-0.0008260057,-0.0004472626,0.0003889008
-0.0006709951,0.0005043466,-0.0001695539
7.84262e-05,0.0002410966,-3.58909e-05
-0.0005513806,-0.0003379314,0.0005665077
-0.0005019481,-2.70398e-05,-0.0009294185
-6.49891e-05,-7.52921e-05,0.0002912475
-0.0005593143,-0.0002133305,0.0007587626
-0.0003951495,-0.0005950736,-0.0008732678
0.0001736296,-9.23942e-05,0.0005311084
-0.000444582,0.0002233837,0.0007764623
-0.0003628047,-0.0005846902,-6.21353e-05
-6.68199e-05,-0.0007111235,-0.0003673018
-0.0004738753,-0.0005175034,0.0010462295
-0.0005623657,0.0007077394,-0.0006639236
0.0002090257,0.0004676993,0.0004462721
-0.0007466696,-0.0001638565,0.0001996976
-0.0004610595,-0.0005572047,-0.0004173491
4.24198e-05,1.08291e-05,0.0001111993
-0.0006740465,-0.0002017255,0.0008124719
-0.000312762,-0.0001785155,-0.0001304926
0.0005404067,-0.0003415961,-0.0001420889
-0.000995663,-0.0002133305,0.0009760412
-0.0002016914,9.6075e-06,-0.0002403525
0.000743019,-0.000515671,0.000128899
-0.001392954,-0.0003788543,0.0002717169
0.0001681371,0.0004457109,-0.0002330285
0.000180953,-0.0001980607,0.0004999814
-0.0013185001,-0.0004136692,0.000127068
0.0005117236,1.57154e-05,-0.0006334069
-0.0004396998,-1.60456e-05,0.0010852908
-0.0007210379,-3.98664e-05,6.54243e-05
0.0002822591,-0.0003183862,-0.000538195
-0.0004354278,-0.0002909007,0.0012006437
-0.0003866056,3.03744e-05,-0.0004362694
-0.0002791967,7.1644e-06,0.000101434
0.0001931585,-0.0006512662,0.0011133661
-0.0004952351,-0.0002951762,-0.0007768352
-0.0004982865,0.0002276592,1.96494e-05
0.0003780727,-0.0002023362,0.0012537427
-0.0005013379,-0.0003141106,-0.0007109192
-0.0003438861,0.0001091661,-0.0004338281
6.07282e-05,-0.0002963978,0.0015839328
-0.0005446676,-3.00938e-05,-0.0010142547
-0.0001254066,3.4996e-06,-0.0001610092
-0.0003817234,-0.0002792957,0.0014929932
-3.81369e-05,-0.0008094605,-0.0004496967
-0.0003255778,8.71777e-05,-0.0010472127
-0.0003548711,0.0001714666,0.001941588
-9.18413e-05,0.0002887381,-0.000538195
5.5846e-05,-0.0005755283,-0.000551012
-0.0007741321,-0.000805185,0.0011396104
0.0002120771,4.50333e-05,-0.0002995548
0.0001071093,0.0001794069,1.41564e-05
-0.0009358558,-0.000182791,0.0010059475
0.000470835,-0.0003018949,-0.0005845803
-0.0004903528,-0.0003758003,7.70207e-05
-0.0004152887,-9.9377e-06,0.0009839755
0.000290803,-0.0003770219,-0.0006932196
-0.0007661985,0.000193455,-0.0001158446
0.000400653,9.45072e-05,0.0010505018
-0.000716766,-0.0002182168,-0.0004985234
9.9786e-05,-0.0006702006,-0.0002391318
0.0002346574,-0.0003110567,0.0008735052
-0.0009804061,-0.0001937852,0.0005976347
0.0006105887,-0.0004429871,-0.0009373528
-0.000514764,-6.24656e-05,0.0009565105
-0.0002785864,0.0005025143,0.0001533123
3.87582e-05,-0.0005993491,8.8617e-05
-0.0004580081,-0.0007459385,-0.0003904944
0.000132741,-0.0001656889,0.0003412949
-0.0006740465,0.0007963038,0.0004670235
0.0006185223,-0.0002298218,4.77247e-05
-0.000565417,-0.0004148908,-0.0002330285
3.32657e-05,-0.0003006733,0.0004249105
0.0003365738,-0.0002121089,-0.0001292719
-0.0004262737,-0.0001809586,0.0003925628
0.0004690042,-6.06332e-05,-6.76283e-05
-0.0001089291,-0.0001998931,0.0005317187
2.7518e-06,-0.0002573073,-0.0001542955
0.0001992613,-0.000428939,0.0003083369
-0.0001687363,-0.0001809586,0.0002650032
0.0002761563,0.0001048906,-0.0002531695
-0.0002193894,6.94649e-05,0.0006287617
0.0004824303,-0.000257918,0.0001240163
0.0002151285,-3.8034e-05,-0.0001799295
-0.0004091859,0.000315002,0.0004481031
0.000912066,-0.0001235445,0.000706274
0.000246863,-0.0007948016,-1.45293e-05
-8.32974e-05,-0.0006182836,0.0002393692
0.0004409314,5.05304e-05,0.0006635507
0.000400653,-2.52074e-05,0.0002399796
0.0001785118,-0.0001455329,0.0003065059
0.0001980407,-0.0004038966,0.0002369279
0.0004769378,-0.0001632458,-0.0002623245
0.000213908,0.0003333257,0.0006977293
0.0004549678,0.0002325455,0.0004035488
0.0006124195,-0.0006146188,-0.0001378166
0.0002486938,-0.0002542533,0.0003138299
0.0008083187,1.32723e-05,0.0008576366
0.0006246251,-0.0004472626,0.0002338762
0.0007198284,-0.0001980607,7.88517e-05
0.0006691754,-0.0001785155,0.000741063
0.0004836508,-3.8298e-06,0.0004688545
0.0013563484,-8.62863e-05,0.0004078212
0.0001803427,0.000103669,0.0002375382
0.000606927,-0.0003434285,0.0008735052
0.0008553101,-1.36024e-05,-0.0002134978
0.0003152141,-0.000304338,0.0012805973
0.0007009098,-0.0001974499,9.0448e-05
0.0008272374,0.0001665803,0.0002277729
0.0007137256,0.000115274,0.0011182488
0.000552002,-0.0002078334,0.0002686652
0.001147023,-0.00048391,0.0002216696
0.0007369162,-0.0005798039,0.0009681068
0.0001315204,1.38831e-05,0.0001002133
0.0012526011,-3.219e-06,0.0001679603
0.0004391005,3.28175e-05,0.0010315815
0.0006087578,-2.88722e-05,-0.0002421835
0.0009456313,-0.0004216095,0.0003913422
0.0006716165,-0.0007673161,0.0011127558
0.0009199996,-0.000229211,-0.0002702588
0.0007094537,0.0001378732,0.0006598887
0.0009761452,0.0003992909,0.0005085261
0.0008333401,2.18233e-05,0.0003736425
0.0008687363,-0.000428939,4.4673e-05
0.0011427511,-0.0010195719,0.0010022855
0.0006429334,0.0006234505,-0.000538195
0.0016578257,0.0006203965,0.0013221
0.0009651602,-0.0002536425,0.0011249624
0.0013294961,-0.0008699286,-0.0003178648
0.0011757061,-0.0007019617,0.0010151025
0.0006429334,-0.0001559163,0.0015875948
0.001959303,0.0005092329,-0.0003337334
0.0005092825,-0.0001705752,0.0013343066
0.0009053529,0.0001091661,0.0003486188
0.0018110055,-0.0001211013,8.6634e-06
0.0003530513,-0.0003733572,0.0013813023
0.001386252,-0.0001724076,-1.102e-06
0.0012489394,0.000459759,3.97904e-05
0.0009639396,0.000318056,0.0018305074
0.001331327,-0.0003281588,0.0003779148
0.0013276653,-0.0012473962,0.0001331713
0.0010292394,-0.0008503834,0.0013574993
0.0009761452,0.0004609806,0.000764866
0.0018885108,0.0003748594,0.0005243948
0.0007875693,-0.0004649755,0.0012403154
0.001103083,4.50333e-05,-0.0001842019
0.001757301,-5.6622e-06,0.0008478712
0.0006984687,9.26748e-05,0.0011927094
0.0015052562,-5.26929e-05,-5.9846e-06
0.0016016801,0.0002276592,0.0006409684
0.0012025583,0.0001745206,0.0016724311
0.0013764876,-5.14714e-05,0.0002454726
0.0021454378,-0.0008797013,0.001312945
0.0009267127,-0.0004796345,0.0009241629
0.0015022048,0.0001238251,0.0008466506
0.0021741209,0.0003748594,0.0011890474
0.0009236613,-0.0002670799,0.0011310658
0.0015852026,-2.52074e-05,-0.0001182859
0.0018396886,-0.0002005039,0.0017212578
0.0010634149,0.0002740792,0.0006690437
0.0017383824,-4.41419e-05,0.0002094629
0.0014283612,0.0002197189,0.0012055264
0.0015339393,-0.0002878467,0.0010859011
0.0014686395,-0.0005321623,8.3124e-05
0.0017859841,-0.0001094963,0.001283649
0.0015784896,-0.0001058316,0.0010840701
0.0018537249,-0.0003684709,0.0002796512
0.0018464016,-6.61303e-05,0.0010248678
0.0014881684,-0.0001449221,0.0011090938
0.0020960053,-5.45253e-05,0.0005012021
0.001750588,-0.0001669105,0.0012867007
0.0016303632,-0.0002310433,0.0011029904
0.0021301809,0.0001158848,0.0004206381
0.0018702025,0.0003314933,0.001861024
0.0018775258,7.1908e-05,0.0013123347
0.0023474399,-0.0005113955,0.000708105
0.0019605236,-9.72805e-05,0.0016675485
0.0017975794,0.0003632544,0.0017511641
0.0026184033,-3.37585e-05,0.0008954772
0.0020618297,-0.0004020643,0.0015033689
0.0019715086,9.69504e-05,0.0016095668
0.0024237246,0.0003076726,0.0008625192
0.001963575,-0.0001852342,0.001972715
0.002154592,-0.0004979581,0.0014246359
0.0024609516,-6.67411e-05,0.0005158501
0.0021448276,0.000118328,0.0023151118
0.0021112623,0.0004591482,0.0010224265
0.0027892811,-7.59029e-05,0.0009650552
0.0017011554,-0.0001693536,0.0016535108
0.0026061977,8.83993e-05,0.001371537
0.0026763797,-1.84888e-05,0.0009052425
0.0019104808,-0.0002047794,0.0019757666
0.0027313047,-2.33751e-05,0.0010266988
0.0026196238,2.73204e-05,0.0015552472
0.0023022793,0.0004505972,0.0015167962
0.0026696666,-0.0001113287,0.0016388628
0.0027361869,3.7093e-05,0.0011536481
0.0025750735,-5.57469e-05,0.0017291921
0.0024292171,0.0004774719,0.0014618662
0.0034154264,0.0003773025,0.0017426194
0.0023547632,-0.0001834018,0.0016925721
0.002518928,-1.97103e-05,0.0012354327
0.0031926749,6.94649e-05,0.0017963287
0.0023840565,1.08291e-05,0.001877503
0.002824067,0.0001213819,0.0011884371
0.0025891099,-5.14714e-05,0.0018366107
0.0026452555,4.99196e-05,0.001862855
0.0027477822,4.19794e-05,0.0010407365
0.0023114334,6.21354e-05,0.001824404
0.0027136067,0.0001091661,0.0017798497
0.0028454267,-0.0001039992,0.0012970763
0.0023999238,0.0003467631,0.0013672646
0.0025659194,0.0001513106,0.0023810277
0.0029577179,-8.20108e-05,0.0009961822
0.0025787352,-0.000124766,0.0016693795
0.0026208444,0.0005672579,0.0017932771
0.0035179531,-0.0001687429,0.0018006011
0.0023443885,-5.45253e-05,0.0011817234
0.0032799446,0.0004371598,0.0018762823
0.0035625033,0.0002618634,0.0020020109
0.0030083709,-6.00224e-05,0.0016712105
0.0034056619,0.0002068924,0.0014099879
0.0033946769,0.0002618634,0.0023193841
0.0036937131,0.0006796431,0.0015912568
0.0036332956,0.0003076726,0.0018091457
0.0034496019,-5.26929e-05,0.0024792914
0.0035905761,0.0001781853,0.0011097041
0.0036387881,0.000529389,0.0024103237
0.0034209189,0.0005861923,0.002496991
0.0033440238,-0.0005162818,0.0014246359
0.00344533,4.8698e-05,0.0017096614
0.0032976427,0.0006869725,0.0030639904
0.0033251052,0.0001623048,0.0015582989
0.003309238,-0.0002597504,0.0015570782
0.0030431568,0.000184904,0.0026385883
0.0032677391,0.0003504278,0.0020465653
0.003135919,1.75478e-05,0.0017133234
0.0030547521,-0.000194396,0.0021411669
0.0031475143,2.5488e-05,0.0021637492
0.0034349552,0.0004786935,0.0017560467
0.003320223,9.81719e-05,0.002502484
0.0034691308,-0.0003696924,0.0020831852
0.0036003406,-0.0002829604,0.0017316334
0.0031572788,0.0004176146,0.0023761451
0.0037974604,0.0005202271,0.0026477433
0.0039225674,-0.0001033884,0.0016767035
0.0033385313,-0.0002249354,0.0022681161
0.003506968,0.0004249441,0.0023193841
0.0040751369,0.0004249441,0.0022559095
0.0037956295,0.0001879579,0.0022327168
0.0039060899,-7.65137e-05,0.0023358631
0.0039701691,0.0001195496,0.0021021056
0.0038938843,0.0002850734,0.0024573194
0.0036003406,1.26615e-05,0.0023175531
0.0037852548,-0.0001021669,0.0022339375
0.0039286701,-0.0001119395,0.0022406511
0.0033098483,0.0002643065,0.0021613079
0.0037803726,0.0002087247,0.0023334218
0.003761454,-0.0003122783,0.0017780187
0.0032964221,-7.759e-07,0.0018988647
0.0036815076,0.0004890769,0.0024353474
0.0039909185,6.88541e-05,0.0024664744
0.0035978995,-0.000559037,0.0016754828
0.0033043558,0.0001403164,0.001923278
0.0042081775,0.0003553141,0.003057887
0.0037602334,-0.0004582568,0.0020874576
0.0035740986,-0.0001345387,0.0015631815
0.0043119247,0.0004823582,0.0028564771
0.0037400942,6.64109e-05,0.0029541304
0.0039146338,-6.9795e-05,0.0014441666
0.0043149761,-6.91842e-05,0.0025348317
0.0036754048,0.0004976279,0.0027673685
0.0041959719,0.0005672579,0.0022736091
0.0042216036,-0.0002347081,0.0025659586
0.0037529101,-0.000217606,0.0021417772
0.0044010253,0.0007413328,0.0022284445
0.0045444406,0.0007480514,0.0031451647
0.0039164646,-0.0003092243,0.0023047361
0.0047897724,-0.0004319929,0.001353227
0.0043149761,0.0008250108,0.0030920657
0.0038407901,0.0007822556,0.0029962434
0.0046243871,-0.0002683015,0.001232381
0.0040409613,-0.000339153,0.0028784491
0.0037010365,0.0007914175,0.0023614971
0.0046054685,0.0006399418,0.0022217308
0.0042148905,-4.9639e-05,0.0027679789
0.0041532525,-0.000171186,0.0020691476
0.004180715,0.0005794737,0.0021033262
0.0043692909,0.000729117,0.0033923495
0.0041947514,-5.75793e-05,0.0022400408
0.0044297084,-0.0002231031,0.0021277395
0.0041862075,0.0003351581,0.0030267601
0.0039750513,0.0003944046,0.0027161006
0.0046652757,0.0003272178,0.0022668955
0.0041379955,0.0001390948,0.0028375568
0.0042240447,0.0003858536,0.0026007476
0.0050442583,0.0001824608,0.0027344105
0.0044882951,-0.0001284308,0.0028845525
0.0040568285,0.0003956262,0.0018506484
0.0049264747,0.0007901959,0.0027753029
0.0047568174,0.0003718054,0.0034637585
0.0043424386,-0.0002395944,0.0018384417
0.0048691085,-0.0001156042,0.0020306966
0.0047025027,0.0006148994,0.0034161525
0.0046433057,0.0009068566,0.0021820592
0.0048904683,0.0001134417,0.0024243614
0.0044474064,-0.0002945654,0.0032513626
0.0047263035,-0.0001241553,0.0023303701
0.0046738196,1.99909e-05,0.0028265708
0.0042954472,2.48773e-05,0.0032873722
0.0046542907,0.0003327149,0.0019733253
0.0046182843,0.0005886355,0.0028802801
0.0043741731,0.0004298304,0.0034771858
0.0048691085,-0.0004454303,0.0022296652
0.0043637984,-0.0002737986,0.0025378833
0.0043979739,0.000373027,0.0035730081
0.0047140979,0.0004731964,0.0026501846
0.0046970102,-5.57469e-05,0.0028735665
0.0042746978,-0.0005016229,0.0032977479
0.0046603935,-0.0002768525,0.0027777442
0.0049637016,7.31296e-05,0.0028564771
0.0042454044,0.0003999017,0.0032031463
0.0051004039,0.0007743154,0.0026953492
0.0050900292,-7.40706e-05,0.00317324
0.0042264858,-0.0005284976,0.0028461015
0.0055520096,-0.0001986715,0.0026160059
0.0044547298,0.0005385508,0.0031775123
0.0049722455,0.0006472712,0.0029638958
0.0053933373,0.0004212793,0.0027936128
0.0045596976,-0.0006060678,0.0037683146
0.0048819244,-0.0005883549,0.0023437974
0.0049374597,8.9967e-06,0.003121972
0.0044760895,0.0008140166,0.00377808
0.0048190658,0.0002056708,0.0030475114
0.0046243871,-1.97103e-05,0.0022418718
0.004356475,-0.0001895097,0.0039880345
0.0052511426,-1.36024e-05,0.0029803747
0.0047018924,-0.0003116675,0.002498822
0.0044492373,0.0003870751,0.0033990632
0.0054854893,-2.45967e-05,0.0034277488
0.0046561215,-0.0004118369,0.0024524367
0.0045926526,-0.0002829604,0.00320986
0.0048916888,0.0001122201,0.0030255394
0.0048825347,4.74765e-05,0.0026660532
0.0046848046,3.58715e-05,0.0027655375
0.0045523743,0.0002563663,0.0030218774
0.0052310034,4.457e-07,0.0030151637
0.0046787018,-0.000347704,0.0033453539
0.0052950826,-0.0003299912,0.0034692515
0.0057479089,-0.0001320955,0.0027624859
0.0047458324,0.0002649173,0.0032916446
0.005429954,0.0006100131,0.0030493424
0.005331089,4.0147e-05,0.0032055876
0.0046097404,1.14399e-05,0.0029437548
0.0050485303,0.000283241,0.0030176051
0.0044760895,0.0003437091,0.0032556349
0.005014965,-1.11593e-05,0.0031048827
0.0050436481,-1.66564e-05,0.0027637065
0.0045621387,0.0002276592,0.0033990632
0.0052993545,0.0001598616,0.0034863408
0.0050338836,-0.0004356576,0.0032409869
0.0050027594,-0.0003385422,0.003067042
0.0051608214,-0.0002334865,0.0035125851
0.0048013677,0.0006955236,0.0026666636
0.0050222883,0.0008763171,0.0031231927
0.0047659716,0.0003583681,0.0028088712
0.0055971702,0.0002753007,0.002573893
0.0050491406,0.0008231785,0.003114648
0.0055556713,0.0004524296,0.0034204248
0.0053847935,-0.0006549309,0.003132958
0.0053512282,-0.0014397948,0.0035003785
0.0053365815,9.75611e-05,0.0031262443
0.0050222883,0.0009221263,0.0042217921
0.0049899436,0.0002184974,0.0032892032
0.0051748578,-0.0008198439,0.0023328114
0.0042631025,0.0004328843,0.0022632335
0.0044602223,0.0018340343,0.0034521622
0.0052108642,0.0014663393,0.0027246452
0.0044492373,-0.000472305,0.0026550673
0.0043912609,-0.0001638565,0.0022827641
0.0054922024,0.0002111679,0.0036084074
0.0044614428,0.0008818142,0.0027527205
0.0050930806,-0.0002988409,0.003198874
0.0050485303,-0.000382519,0.0024011687
0.0049258644,0.0002539231,0.0034088285
0.0047043335,0.0011872087,0.0025622966
0.0047903827,0.0001335977,0.0030371357
0.0044547298,0.0001079446,0.0020227623
0.004808691,0.0008225677,0.0030426287
0.0043668498,0.0019916178,0.0028601391
0.0048660572,0.0007675967,0.003648079
0.0048147938,-0.0007141774,0.0028912661
0.0042673744,-0.0006842488,0.0029181208
0.0041990233,0.0010919256,0.0029352101
0.0050363247,0.0012885997,0.0040899601
0.0044876848,0.0004560943,0.0028851628
0.00427958,-0.0002371512,0.00242192
0.0045542051,0.0003143912,0.0032794379
0.0041056508,0.0009941994,0.0031042723
0.0039427065,0.0005825276,0.002555583
0.0040067857,-9.3005e-05,0.003078028
0.0041532525,0.0002661389,0.0028857731
0.0039951904,0.000792639,0.0028668528
0.0037425354,9.75611e-05,0.003129296
0.0037657259,-0.0002847928,0.0020374103
0.0040470641,0.0002447613,0.002423751
0.0033672144,0.001516424,0.0027222039
0.003500255,0.0011059738,0.0026605603
0.0038706937,-0.0005382702,0.0024835637
0.0030071504,-0.0009627686,0.0023657694
0.0027642597,0.000427998,0.0022351582
0.0035387025,0.0008268432,0.0032513626
0.0033037455,0.0004994603,0.0022137965
0.003537482,-0.0002872359,0.002583048
0.0037730493,-9.66698e-05,0.003037746
0.0030864865,0.0002991215,0.0025110287
0.0029815187,0.0009880915,0.0022083035
0.0035930172,0.0005391616,0.0034686411
0.003151176,0.0006124563,0.0018726204
0.0033141202,0.0007602672,0.0023041258
0.0033415827,0.0009092997,0.0029699991
0.0033122894,0.0003156128,0.0020599926
0.0031084565,0.0003852428,0.0015161859
0.0030986921,0.0007682075,0.003035915
0.0033190024,0.0008213461,0.0022583508
0.0037632848,0.0004115067,0.0021045469
0.0033592808,-3.31477e-05,0.0027624859
0.0032237991,6.09138e-05,0.0021454392
0.003801122,0.0009080782,0.0019428086
0.0031658226,0.0010558891,0.0026471329
0.003500255,0.0008085195,0.0017951081
0.0043082631,0.0003369904,0.0018616344
0.003080994,0.0008207353,0.0025183527
0.003537482,0.0011133033,0.0018744513
0.003860319,0.0011865979,0.001864686
0.0033061866,0.000882425,0.0034674205
0.0038694732,0.0001714666,0.0024103237
0.0034538739,-0.0003299912,0.0023761451
0.0031090668,0.000662541,0.0028003265
0.0036967645,0.001073602,0.0028039885
0.0038523854,0.0006759783,0.0021668009
0.0034416683,0.0003785241,0.0023389148
0.0040476744,0.0004725856,0.0028747871
0.0038523854,0.0003186668,0.0020764716
0.0032524821,0.0002154434,0.0023877414
0.0037150728,0.0005422155,0.0023932344
0.0037028673,0.0006332231,0.002577555
0.0033592808,0.0011206327,0.0015894258
0.0041087022,0.0009679355,0.0025561933
0.0031975571,0.0007602672,0.0021191949
0.0037608437,0.0001904011,0.0020947816
0.0032054907,0.0003589788,0.0021210259
0.0033702658,0.0001806285,0.0028705148
0.0038963254,0.0002691929,0.0019293813
0.0034904905,0.0006979667,0.0026709359
0.0035637239,0.0007584348,0.0026349263
0.003838349,0.0007804233,0.0020160486
0.0037034776,0.0006326123,0.0026642223
0.0032738419,0.0003333257,0.003092676
0.0039518607,4.19794e-05,0.0023267081
0.0041837664,0.0008616582,0.0017792394
0.0033812508,0.0013985417,0.0032769966
0.0036674712,0.0017705122,0.0015808812
0.0042270961,-0.0001815694,0.0029480271
0.0029674823,-0.0001168258,0.0022394305
0.0036747945,-0.000382519,0.0027032836
0.003151176,0.0007315601,0.0016229942
0.0034795055,0.0003162236,0.003083521
0.0035496875,0.0007211767,0.0010517225
0.0037529101,0.0001213819,0.0023700417
0.0027032319,0.00058436,0.0014490492
0.0040049549,-0.0004338253,0.0024029997
0.0031682638,0.0001055014,0.0012622874
0.0030028784,-0.0002792957,0.0025397143
0.0030529212,0.0009899239,0.0010102198
0.0032457691,0.0006112347,0.0026337056
0.0021234678,0.00060757,0.0015058102
0.0028185745,0.0002068924,0.0017835117
0.002650748,0.0003602004,0.0022131862
0.002099667,0.00027469,0.0025055357
0.0029192703,0.0001671911,0.0016742621
0.0018665408,-0.0007086803,0.0029004211
0.0019178041,-0.0005523183,0.0021704629
0.0024475254,-0.0001882881,0.0016901308
0.0019013266,0.0005220595,0.0020514479
0.0023193671,0.0008341727,0.0022186792
0.0024017546,0.0003101157,0.001882996
0.0020612195,-0.0007141774,0.0018537
0.0011116269,-0.0001192689,0.001254353
0.0017774402,0.0009899239,0.0019666116
0.0007820768,0.0011096385,0.0023804174
0.000602655,-0.0001003345,0.0015277822
0.0016279221,-0.0002487562,0.0010419571
0.0006887042,-0.0002072226,0.003032253
0.0008113701,9.5118e-05,0.0015546369
0.0013038645,-0.0004277174,0.0018909303
0.0009364771,-0.0002945654,0.0023798071
0.0013929651,0.0002227729,0.00130379
0.0012312414,0.0006955236,0.0018378314
0.0012916589,0.0001506998,0.0019098507
0.0009804171,-4.47527e-05,0.0007904999
0.000688094,0.0005751981,0.0009906892
0.0005983831,0.0006936912,0.0020032316
0.0006575801,0.0005452695,0.0006849123
0.0013990678,-0.0004014535,0.0017267508
0.0007796357,-0.0003696924,0.00181708
0.0011818089,-0.0001785155,0.0011243521
0.0010267983,-0.0002573073,0.0017664224
0.0007131154,-0.0002243247,0.0019592876
0.001636466,-0.0001369818,0.0005994657
0.0010463272,9.6075e-06,0.0015906465
0.0005178264,0.0004249441,0.0014582042
0.0013264448,-0.0001369818,0.0004181968
0.0004433725,-0.0002310433,0.0010541638
-2.65416e-05,0.0003779133,0.0012097987
0.001408222,0.0009209047,0.0008466506
0.0008687363,0.000369973,0.0018311177
0.0006404923,-0.0001620242,0.0013965606
0.0017969691,-0.0013298527,0.0018305074
0.0002010921,-0.0004179448,0.0015064206
0.00125016,-3.25369e-05,0.0021899935
0.0016773546,0.000682697,0.0006672127
0.0010695177,0.0003052294,0.0023145014
0.000863854,0.0005141192,0.000755711
0.0014240892,0.0001061122,0.0012628977
0.0005648178,0.0005440479,0.0012586254
0.0014442284,0.0004835798,0.0017291921
0.0016883396,0.0009679355,0.0009034115
0.0009651602,0.0004799151,0.0022638438
0.0015357701,0.0002307132,0.0011554791
0.0016413482,-0.0007581542,0.0015888155
0.0005397964,0.0002026169,0.0016254355
0.002099667,0.0013594512,0.0013379686
0.001375267,0.0007700398,0.0021924348
0.0010408347,0.0001867363,0.0008197959
0.0014588751,3.83146e-05,0.0005579631
0.0004543575,0.0006179534,0.0023572248
0.0009395285,0.0005684795,0.0017133234
0.0012843356,-0.0002628044,0.0006818607
0.0006533081,-0.0001113287,0.0017035581
0.0009285435,0.0011310161,0.0014795659
0.0013502456,0.0004750288,0.0011664651
0.0002462527,-0.0001143826,0.0011267934
0.0007558348,-0.0002279894,0.0014765142
0.0010951494,0.0007889743,0.0003583842
0.0006130298,0.0004218901,0.0017413988
-0.0001449355,0.0002905705,2.8194e-05
0.0009004707,-0.0003770219,0.0007856173
-0.000955995,0.000772483,0.0002613412
-0.0003591431,0.000294846,0.0018366107
0.0005282011,-0.0003018949,0.0005915314
-0.0006929651,-0.0013011457,0.0010120508
-0.001125042,-0.0002066118,7.2138e-05
-0.000172398,0.0003314933,0.0016297078
-0.000617901,0.001116968,0.0009650552
-0.0013465729,-0.0002878467,0.0008295613
-0.0017377611,-0.0009542175,0.000121575
-0.0005355134,-0.0006976861,0.0006836917
-0.0017102986,0.0008720416,0.0002845339
-0.0015382002,0.0012244669,0.0007953826
-0.0010182433,0.0004139499,0.000592752
-0.0019501378,-0.0013646677,0.0010157128
-0.0022790777,-0.0014288006,5.26073e-05
-0.0014509304,-0.0003849622,0.0008313923
-0.0017865833,0.0012244669,0.0001697913
-0.0018268617,0.0006210073,0.0005085261
-0.0012574723,-0.0006146188,-0.0002690381
-0.0017231144,-0.0016401336,0.0004035488
-0.0023797735,-0.000249367,-0.0004167387
-0.0017365405,0.001003972,0.0002009183
-0.0018793456,0.0010845962,0.0002454726
-0.0015473543,0.0001452027,-0.000560167
-0.0019385425,-8.62863e-05,-2.42946e-05
-0.0021320007,-0.0003867945,0.0010425675
-0.001926337,-0.0002670799,-0.0004057527
-0.0012318406,2.60988e-05,8.6786e-05
-0.001649881,0.0008311187,0.0010706428
-0.0011811875,0.0004823582,0.000633034
-0.0014362838,-0.0006671467,0.0001984769
-0.0020398487,-0.0016450199,0.0008594676
-0.0022076751,0.0001171064,-0.0008616715
-0.0010890356,0.0013881583,0.0007532696
-0.0021185746,0.0013606728,0.0007032223
-0.0010389928,-0.0006598172,-0.0002501178
-0.0015266049,-0.0011460053,-0.0006822336
-0.001860427,-6.9795e-05,0.0012354327
-0.0014063801,0.0014388538,-0.0002128875
-0.0006117982,0.0004341059,0.0009974028
-0.001849442,-0.0007141774,0.0007032223
-0.0009248708,-0.0010989745,0.0004316241
-0.0013801382,-7.89569e-05,0.0007660866
-0.0017725469,0.0005886355,0.0014521009
-0.0011055131,0.0002801871,0.0003663185
-0.0007881685,0.000173299,0.0001765049
-0.0012837142,0.0007901959,0.0010559948
-0.0006423121,0.0011969813,0.0008564159
-0.0006166804,0.0003107265,0.001261677
-0.0013899026,-0.0006457691,0.0010566051
-0.0010322797,-0.0003788543,0.0008521436
-0.000771691,0.0001671911,0.0016333698
-0.0015107377,9.26748e-05,0.0013574993
-0.0010402133,-0.0001553055,0.0005604044
-0.0008913055,0.0004793043,0.0006794193
-0.0010774403,0.0016422465,0.0010328021
-0.0006221729,0.0009850376,0.0007984343
-0.0007155454,-0.0003220509,0.0010132715
-0.0009852883,-0.0008742041,0.0006159447
-0.0012971404,0.0002472045,0.000640358
-0.0012336715,0.0004774719,0.0021112606
-0.0020941634,-0.0003348775,0.0006672127
-0.0017456947,-0.0009529959,-0.0001054689
-0.0026165614,0.0006179534,0.0002302142
-0.0026128997,0.0008579935,0.001831728
-0.0023889277,-0.0001064424,-0.0004655654
-0.0029949338,-0.0010971421,0.0004377275
-0.0036558648,4.19794e-05,0.0005182914
-0.0029693021,-0.0003110567,0.0009253835
-0.0039359824,-0.0002963978,-0.0006401206
-0.0034178564,-0.000918181,0.0008832706
-0.0038938733,-3.55909e-05,-0.0004045321
-0.0033391306,1.08291e-05,1.47667e-05
-0.003959173,-0.0003690816,-0.0001506335
-0.0032512505,-0.0002554749,-0.0006651443
-0.0036021604,8.77885e-05,-0.0001317132
-0.0039005863,0.0002392642,0.0004023282
-0.0035283167,-0.0012742709,-0.0001170652
-0.0041099117,-0.0013371822,-0.0008659438
-0.0039512394,-0.0005517076,0.0001826083
-0.0042350187,0.0005898571,-0.0010002171
-0.0036735629,-0.0001259876,-9.63139e-05
-0.0042960465,-0.000660428,-0.0010850534
-0.0040836697,-0.0005034552,-0.0011808756
-0.0036949226,0.0006100131,-0.0005229367
-0.003708959,0.000326607,-0.0001048586
-0.0040256933,-0.0004607,-0.0014494222
-0.0039018069,-0.0003898485,-0.0007804972
-0.0036570854,5.9428e-06,0.0001661293
-0.0036027706,-6.06332e-05,-0.0010649124
-0.0038865499,-0.0006958538,-0.0003190855
-0.0039768711,-0.0004185556,-0.0006443929
-0.0033098372,-0.0006280562,-0.0003642501
-0.0039774813,-0.0002487562,-0.001205289
-0.0032573533,-0.000107664,-0.0003636398
-0.0037236057,0.0006344447,-0.001141204
-0.0034611862,-5.6622e-06,-0.0001121826
-0.0036485415,-0.0008479402,-0.0008824228
-0.0031743555,-0.0012437315,-0.0008335962
-0.0034636273,0.0002905705,-0.0008842538
-0.0027026106,0.0008714308,0.0004127038
-0.002940619,-3.07045e-05,-0.0001903052
-0.0021130821,-0.0013597814,-0.000516223
-0.0028905762,-0.0004881855,-0.0002861275
-0.0024285958,0.0010009181,0.0010468398
-0.001882397,0.0001494782,0.0009131769
-0.0024792489,-0.0015906596,0.000143547
-0.0024652125,-0.0014294114,0.0004963194
-0.0021783818,3.64822e-05,0.0007953826
-0.0024591097,0.0006759783,0.0006446304
-0.0022461227,-4.47527e-05,0.0001441573
-0.0018915511,-0.0012486178,0.0004218588
-0.0028564007,-0.0002792957,0.0002637826
-0.0018653092,0.0001244359,0.0007953826
-0.0018952128,-0.0008119037,0.0012061367
-0.002885694,-0.0010226259,0.0001533123
-0.0018567653,-0.0008760365,0.0010132715
-0.0025555336,-0.0006854703,0.0012714423
-0.00245972,-0.0014733882,0.0011640237
-0.0018775147,-0.0014605616,-0.0003312921
-0.0025677392,-0.0008754257,0.0016284872
-0.0027618076,0.0003974585,0.0006342547
-0.0018457803,-0.0009633793,0.0009339282
-0.0033757472,-0.0019620194,0.0008625192
-0.0034202975,-0.0018783413,0.0009339282
-0.0029638096,-0.0012388452,0.0012146814
-0.0034111434,-0.0017769503,0.0017829014
-0.0044095582,-0.0019516359,0.0002540172
-0.0033855117,-0.0015717252,0.0005292774
-0.0039487983,-0.0010256798,0.0014276876
-0.0040903828,-0.0010855371,0.0002717169
-0.003239045,-0.0019772891,0.0008350543
-0.004330222,-0.001983397,0.000671485
-0.0041971814,-0.0019101023,0.000636696
-0.0036033809,-0.0018404723,0.0003022335
-0.0047348363,-0.0017390814,0.0004291828
-0.0051821701,-0.0016682298,-0.0001378166
-0.0041013678,-0.0016743377,1.1715e-05
-0.0049252431,-0.0019388094,-7.8156e-06
-0.0049301253,-0.0012681631,-0.0013127076
-0.0044412926,-0.0008418323,-0.0002006809
-0.0048056286,-0.0008699286,-0.0002452352
-0.0047995258,-0.0018166516,-0.0009617661
-0.0046457358,-0.0018728442,-0.0010270717
-0.0049478234,-0.0012583904,1.78184e-05
-0.004029355,-0.0004240527,-0.0014530842
-0.004301539,-0.0012590012,-0.0003209165
-0.0045828771,-0.0011979223,-0.0008274928
-0.0034331134,-0.0013451225,-0.0009013431
-0.0036290126,-0.0005523183,-0.0006358483
-0.0036302332,-0.0005694204,0.0003547222
-0.0036332846,-0.0011069148,-0.0009214841
-0.0038456613,-0.0020096609,-6.21353e-05
-0.00423807,-0.0008925278,-0.0008781505
-0.0032652869,-0.0005688096,-0.0001848122
-0.0037754793,-0.0002310433,-0.0007512012
-0.0041276097,-0.0004674187,-0.0006346276
-0.00346973,-0.0012290726,-0.0009983861
-0.0033311969,-0.0010525545,-0.0011436453
-0.0033726958,9.38964e-05,-0.0008647232
-0.0028777604,0.0005544313,-0.0002183805
-0.0030736596,-0.0014068122,0.0002503552
-0.0032109722,-0.0024640879,-0.0012846323
-0.0029033921,-0.0019644625,-0.0004387107
-0.0036345051,0.0005690903,-0.0001115722
-0.0023047093,0.0002386534,0.0007184806
-0.0023828249,-0.0011679937,-0.0010905464
-0.0030584027,-0.001902162,-0.0002293665
-0.0028368718,0.0003797457,-0.0005095093
-0.0022241526,0.0005214487,0.0009290455
-0.0024292061,-0.0002139412,-0.0003282404
-0.002095384,-0.0017097635,0.0007734106
-0.0023870969,-0.0009450557,0.0001185233
-0.0025305122,-0.0008082389,0.0009217215
-0.0021594632,-0.0001101071,-5.35906e-05
-0.0015790888,-0.0001589702,0.0005439254
-0.0017951272,0.0004719748,0.0003040645
-0.0017536283,-0.0002206599,0.001353227
-0.0012263481,-0.001604097,0.0007361803
-0.0018610372,-0.0024903518,0.0005909211
-0.0017963478,-0.0005517076,0.0008844912
-0.0021997415,0.0007682075,0.001886658
-0.0023883174,-0.0005303299,0.0005781041
-0.0027654692,-0.0028201779,0.0004902161
-0.0035039056,-0.0019827862,0.0001984769
-0.0031981563,-0.0005645341,0.0010266988
-0.0035014645,0.0002246053,0.0005994657
-0.0036467107,-0.0018087113,0.0007691383
-0.0044821812,-0.0020139364,-0.0004564104
-0.0038664107,-0.0022240478,0.0013556683
-0.0048495686,-0.0011197413,0.0005860384
-0.0035899548,-0.0023003965,0.0011164178
-0.0045505324,-0.0014233035,-0.0008018589
-0.0039982308,-0.0016926614,0.0020837956
-0.0042228131,-0.0011539455,-0.000488758
-0.0037480168,-0.0029911988,0.0006946777
-0.0053353499,-0.0018832276,-0.0002470662
-0.0037010254,-0.0016535709,0.001325762
-0.0046933374,-0.0011087471,-0.0002452352
-0.0045120849,-0.002304672,0.0008143029
-0.0050186156,-0.0016859427,-0.0016599871
-0.0043283912,-0.0016266962,0.0002064113
-0.0048544508,-0.0003812974,-0.0006865059
-0.0041129631,-0.0013249664,-0.0007786662
-0.004095265,-0.0011356218,-0.0015586718
-0.0039555113,-0.000781975,-0.0001304926
-0.0037785307,-0.0010757645,-0.0008763195
-0.0037077385,-0.0016780025,-0.0010813914
-0.0042392906,-0.0012357912,-0.0007280086
-0.00322806,-0.0005205573,-0.0005919043
-0.0034764431,-0.0012217431,-0.0004863167
-0.0040964856,-0.0017219793,-0.0011167907
-0.0033611006,-0.0016700622,-0.000598618
-0.0040830594,-0.000515671,-0.0014597978
-0.0036613573,-0.0002786849,-0.000525378
-0.003899976,-0.0001186582,-0.0016648697
-0.0041178453,-0.0014184171,-0.0008293238
-0.0041068603,-0.001302978,-0.0015641648
-0.0031060044,-0.0002542533,-0.001117401
-0.0034221284,0.0005654255,-0.0009574938
-0.0028643343,-0.0001052208,-0.0005888526
-0.0028332101,-0.0015821086,-0.000576646
-0.002260159,-0.0027963571,-0.0001817605
-0.002793542,-0.0013945964,-0.0009404044
-0.0020093348,0.0004817474,0.0004188071
-0.0025176964,0.0003321041,0.0011292348
-0.0025439383,-0.0015711144,-0.0007457082
-0.0020605981,-0.0021092195,-0.0009135498
-0.0026116792,0.000106723,0.0001771153
-0.0022284246,0.0018010517,5.9321e-05
-0.001403939,0.000283241,0.0001948149
-0.0025463794,-0.0013860453,-0.0003160338
-0.0021069793,-0.0013542843,-0.0005613877
-0.001996519,-0.0003116675,0.0005738317
-0.0024060155,-0.0001217121,0.0006958983
-0.0014283501,-0.0005004013,-0.0001744365
-0.0014484893,-0.0010983637,0.0008143029
-0.0023224074,-0.0007862505,0.0002759892
-0.0011634895,-0.0005761391,0.0004566478
-0.0013209412,-0.0012272402,0.0011957611
-0.0029870001,-0.0015308023,0.0006287617
-0.0019415939,-0.0009902541,-0.0004301661
-0.0023767221,-0.000683638,0.0013416306
-0.0037266571,-0.000417334,0.0007221426
-0.0022839599,-0.0016633435,-1.81913e-05
-0.0033867322,-0.0016786133,0.0009296559
-0.0041050294,-0.0007752563,0.0005933624
-0.0030913577,-0.0013451225,0.0004969298
-0.0035148906,-0.0020713506,0.0011347278
-0.0034801048,-0.0021452561,0.0006196067
-0.0031957152,-0.0015320239,0.0008258993
-0.0033952761,-0.0018832276,0.0021161432
-0.0042154898,-0.0024995137,0.0004511548
-0.0035850726,-0.0030412835,0.0005341601
-0.0040543764,-0.0016523493,0.0006269307
-0.0044284768,-0.0011985331,0.0010321918
-0.004080008,-0.0012987025,-0.0003312921
-0.0040244727,-0.0026900798,0.0008081996
-0.0046579413,-0.0018679579,-0.0004387107
-0.0041154042,-0.00145934,0.0005262258
-0.0045963032,-0.0015124787,0.0001411056
-0.0043991834,-0.0025001245,-7.2053e-06
-0.0043308323,-0.0021324295,-0.0007823282
-0.0044742476,-0.0018368076,0.0005414841
-0.0038249118,-0.0011887605,-0.0006126556
-0.0033403511,-0.0016266962,-0.0008537372
-0.0042740764,-0.0012052518,-0.0002250942
-0.0033281455,-0.0011808202,0.0001002133
-0.0026629425,-0.0013041996,-0.0002232632
-0.0033745267,-0.001502706,7.45793e-05
-0.0034752225,-0.0017177038,0.0002759892
-0.002973574,-0.0021183813,0.0002064113
-0.0038719032,-0.0017311411,-0.000541857
-0.0032732205,-0.0005523183,-0.0007518116
-0.0026281567,0.0003785241,-0.0006028903
-0.0031194305,-7.4946e-06,-0.0001799295
-0.0028490773,-0.001659068,-0.0003087098
-0.0021381034,-0.0022008379,-0.001077119
-0.0028228354,-0.0004362684,-0.0007670699
-0.0020569365,0.0012782163,0.0005634561
-0.0016376755,-0.0008112929,0.0010688118
-0.0020233712,-0.0030541101,-0.0009971654
-0.001893382,-0.0024066738,-0.000551012
-0.0017585105,0.0004475432,0.0007178703
-0.0015937355,0.001082153,0.0011707374
-0.001114057,-0.0008864199,-0.0001408682
-0.0011921726,-0.00176901,9.83823e-05
-0.001893382,-0.0005565939,0.0003681495
-0.0017688853,0.0005367184,0.000675147
-0.0011915623,-0.0002780741,0.0010138818
-0.001436894,-0.0013561167,5.87107e-05
-0.0012208556,-0.0009328399,0.0003235952
-0.0016254699,0.0004426569,0.0006287617
-0.0008034255,-0.0003031164,0.0010810184
-0.0005526012,-0.0008742041,-0.0004088044
-0.0008369908,-0.0002951762,0.0011316761
-0.0005379545,0.0002288808,0.001311114
-0.0006551279,-0.0013316851,0.0012116297
-0.0008607916,-0.00221794,0.0004859438
-0.0007985432,-0.0012125813,0.0008844912
-0.0010640142,8.22914e-05,0.0015918672
-0.0008125796,0.0001537537,0.0008851016
-0.0013538962,-0.0013921532,0.0013282033
-0.0019086389,-0.0016492954,0.0002759892
-0.001893382,-0.0011234061,0.0014911622
-0.0024517863,0.0004493756,0.0010486708
-0.0016602558,-0.0013738296,0.0021173639
-0.0032817644,-0.0014758313,-0.0002153288
-0.002062429,-0.0019449173,0.001829897
-0.0032158544,-0.0006011815,0.000638527
-0.0025231889,-0.0017091527,0.0017761877
-0.0030046982,-0.0015527907,-0.0007365532
-0.0027239703,-0.0024109493,0.0021454392
-0.0032463683,-0.0014959874,6.90863e-05
-0.002536615,-0.002235042,0.0006141137
-0.0042161,-0.0016486846,0.0002833132
-0.0034532525,-0.0018997189,0.0008466506
-0.003267728,-0.0016102049,-0.0005076783
-0.0037248263,-0.0016810564,0.0003089472
-0.0034538628,-0.0015454613,-0.0003959874
-0.0034526423,-0.0014434595,-0.0008952398
-0.0034599656,-0.0013787159,0.0002466932
-0.0032420964,-0.0017745071,-0.0004149077
-0.0031371285,-0.0013536735,-0.0008158965
-0.0029381779,-0.0009041328,-5.84733e-05
-0.0029839488,-0.0014233035,-0.0001774882
-0.0030901371,-0.0019858401,-0.0007359429
-0.0027679103,-0.0017250332,-0.000600449
-0.0028185634,-0.0008864199,-0.000594956
-0.0027642487,-0.0007984663,1.96494e-05
-0.0023578035,-0.0018429155,-0.0004033114
-0.0029217004,-0.0028611008,-0.001077119
-0.0032549122,-0.0015747791,-0.001062471
-0.0019562406,-7.22382e-05,-0.0003953771
-0.0025884886,-0.0002224923,-0.0007127502
-0.0025219683,-0.0014550645,-0.0009831278
-0.0018762942,-0.0023223849,-0.0007505909
-0.0022296452,-0.0012461747,-0.0010813914
-0.001605941,-0.0001791263,-0.0009520008
-0.0012684573,-0.0001424789,-8.10556e-05
-0.0012837142,-0.0014678911,9.28893e-05
-0.0015028041,-0.0025434905,-0.0007219052
-0.0014002773,-0.0023498704,-6.57973e-05
-0.0013239926,-0.0007282256,-0.0001225582
-0.0014167549,-0.0007373874,0.0003504498
-0.0009138858,-0.0004185556,-0.0004710584
-0.0007070015,-0.0009633793,9.34997e-05
-0.0009004597,-0.000359309,-0.0007652389
-0.0002566164,-0.000938337,0.0007972136
-0.0009486716,-0.0011405082,0.0001704016
-0.0002767556,-0.001772064,0.0005720007
-0.0006447532,-0.0014019258,0.0004011075
-0.0007161557,-0.0011857065,0.001245198
-0.0004580081,-0.0013524519,0.0005475874
-0.0007906096,-0.0013402362,0.0005243948
-0.0001888755,-0.0006164512,0.0006891847
-0.0004635006,-0.0003464825,0.000673316
-0.000297505,-0.00112646,0.0010321918
-0.0003817234,-0.0016828888,0.0007972136
-0.0006624512,-0.0018539097,0.0014600352
-0.0010542497,-0.0015656173,0.0005616251
-0.0013758662,-0.0018942218,0.0011908784
-0.0015876327,-0.0018160408,0.0004371171
-0.0015211124,-0.002238096,0.0010358538
-0.0020776859,-0.0008564913,-0.0003056581
-0.0015357591,-0.0008338921,0.0010779668
-0.0022613796,-0.0018691794,0.0009674965
-0.0019660051,-0.0031793218,0.0004700751
-0.0021289493,-0.0025398258,0.0003254262
-0.0028490773,-0.00148255,0.0014307393
-0.0022149985,-0.0019693488,0.0010260885
-0.0026367006,-0.0034376856,0.0005243948
-0.0030522999,-0.0031591658,0.0002503552
-0.0029961543,-0.0010623272,-0.0002714795
-0.0027972037,-0.0007764779,0.0012531324
-0.0036125351,-0.0017757287,-7.25109e-05
-0.0028808118,-0.0030492238,0.0001575846
-0.0030858652,-0.0018142084,-0.0001549059
-0.0034215181,-0.0014404056,0.0009919098
-0.0034294517,-0.0015680605,-0.0008152862
-0.0030498588,-0.0028513281,2.2701e-05
-0.0037126207,-0.0020017206,-0.0011418143
-0.0030150729,-0.0008998573,-0.0005961766
-0.0028283279,-0.0004185556,-0.000567491
-0.0026995592,-0.0017818366,-0.00051073
-0.0029442807,-0.0015161434,-0.0018516316
-0.0029046126,-0.0011588318,-0.0001970189
-0.0026165614,-0.0007612082,-0.0005168333
-0.0024011333,-0.0013182478,-0.0009794658
-0.0029699124,-0.0012180784,-0.0005339227
-0.0027770645,-0.0014300221,-0.0003087098
-0.0024145594,-0.0014312437,-0.0015586718
-0.0027349553,-0.0006359964,-0.0011497487
-0.0021313904,0.0005086221,-0.0008152862
-0.0017084677,-0.0002444807,-0.0007182432
-0.0025024394,-0.0014049798,-0.0006968816
-0.0019214548,-0.0015106463,-0.0011717207
-0.0014954807,-0.0006201159,-0.0007884315
-0.0017829217,0.0002765223,-4.87079e-05
-0.0012904273,-0.0001528623,-3.77219e-05
-0.0011482325,-0.0022643599,-0.0002684278
-0.0016382858,-0.0021385374,-0.0010777294
-0.0013221618,-0.000229211,-3.95529e-05
-0.0015406413,0.0006442173,0.000704443
-0.0012770012,-0.0008381676,-0.0002434042
-0.0011775259,-0.0012687738,-0.0009288081
-0.0013325365,-0.0011460053,0.0011286244
-0.0010951383,-0.0002597504,-0.0001994602
-0.0008809308,-0.000761819,0.0002106836
-0.00096698,-0.0003183862,0.0004261311
-0.0004390895,-0.0008961926,0.0010645395
-0.0010505881,-0.0005370486,-0.000466786
-0.0007436182,-0.001517365,0.0021405565
-0.0007039501,-0.0009334507,-0.0002000705
-0.0004354278,-0.0010336201,0.0007923309
-0.000808918,0.0007150688,0.0008814396
-0.0001955886,-0.0004814668,0.0015381579
-0.0004195606,-0.001470945,-0.0002348595
-0.0005159845,-0.0022735217,0.0015564679
-0.0011561661,-0.0006866919,0.000629372
-0.0007570443,-0.0010201827,0.0016767035
-0.0012165837,-0.0011667721,0.0007624246
-0.0017914655,-0.0020872311,0.001283649
-0.0019068081,-0.001491101,0.0010224265
-0.0021350521,-0.001381159,0.0016016325
-0.0024389705,-0.0015149218,0.0014203636
-0.0023077607,-0.0018826168,0.000719091
-0.0027709617,-0.001349398,0.0012659493
-0.0030968502,-0.0011185197,0.0013745886
-0.0017865833,-0.0017775611,0.0017194268
-0.0034666787,-0.0025386042,0.0009937408
-0.0034837664,-0.0026002939,0.0013703163
-0.0028930173,-0.0023370438,0.0010791874
-0.004220372,-0.0017164822,0.0011811131
-0.0034984131,-0.0018557421,0.0006305927
-0.0031676424,-0.0018991081,0.0007361803
-0.0034508114,-0.0021580826,0.0011762304
-0.0035124495,-0.001369554,-0.0001054689
-0.002951604,-0.0017006017,0.0007868379
-0.0037766999,-0.0012889299,-4.19943e-05
-0.0031639808,-0.0017537403,0.0001777256
-0.0031505547,-0.0012852651,-0.0003056581
-0.0031694733,-0.0015619526,0.0002765996
-0.0027984242,-0.0007795319,-0.0008201688
-0.0026861331,-0.0012425099,0.0002216696
-0.0033037344,-0.0010580516,-0.0005241573
-0.0021417651,-0.0010043022,-0.0003343438
-0.0020392384,-0.0007129559,9.28893e-05
-0.0030144627,-0.0015717252,0.0007526593
-0.0025579747,-0.001858796,-0.0010099824
-0.0026263258,-0.0023327683,0.0004743474
-0.0033934453,-0.0008735934,-0.0009855691
-0.0022223218,7.31296e-05,-0.0008915778
-0.0020453412,-1.651e-07,-0.0002220425
-0.0026580603,-0.0008778689,-0.0008464132
-0.0019574612,-0.0012449531,-0.0009684798
-0.0016144849,-0.0008754257,-0.0003276301
-0.0020313048,-0.0006384396,-0.0001317132
-0.0016999238,-0.0002463131,-0.0003471608
-0.0013648812,-0.0018545205,0.0010047268
-0.0025329533,-0.0025783055,-0.0009550524
-0.0017206733,-0.0015124787,-0.0007145812
-0.0017078575,0.0004487648,0.0004291828
-0.0017176219,0.0001378732,0.0002180076
-0.0009315838,-0.0004155016,-0.001121063
-0.0005641965,-0.0013066428,0.0009955718
-0.0014600846,-0.0004643647,-0.0004826547
-0.0009718622,-0.0001516408,9.411e-05
-0.0007161557,-9.3005e-05,0.0010907838
-0.0006032543,-0.001595546,0.0005073054
-0.0009712519,-0.0007886937,-0.0010038791
-0.0004897426,2.24341e-05,0.0015711158
-0.0006319373,3.64822e-05,0.0002296039
-0.0003701281,-0.000182791,-0.0008183378
-5.52246e-05,-0.0002554749,0.0014191429
-0.0009785752,-0.000440544,0.0007984343
-6.43788e-05,-0.0010446143,0.0001099786
-0.0012202453,-0.0015039276,0.0015589092
-0.0012763909,-0.0009951404,0.0008344439
-0.0008473655,-0.0011289032,0.000145378
-0.0018842278,8.47346e-05,0.0009168389
-0.0018079431,0.0002197189,0.0011377794
-0.0020282534,-0.0019174318,0.0009998442
-0.0025610261,-0.0022332097,0.0003022335
-0.0024188313,-0.0004985689,0.0007563213
-0.0026202231,-0.0004863531,0.0024591504
-0.0028539595,-0.001957133,0.0011426621
-0.0030370429,-0.0029093531,0.0003937835
-0.0032250086,-0.0021153274,0.0014752936
-0.003713231,-0.0012693846,0.001375199
-0.0031639808,-0.00114967,0.0004340655
-0.0033397408,-0.0020536377,0.0006910157
-0.0040940444,-0.0017390814,0.0004358965
-0.0031743555,-0.0012950378,0.0007441146
-0.0037541196,-0.0015595094,0.0011036008
-0.0039848047,-0.0021232677,0.0002173973
-0.0033617108,-0.0011020284,-0.0003154235
-0.0037187235,-0.0013591706,0.0017334644
-0.0039048583,-0.0018978865,-0.0005394157
-0.0032201263,-0.0026271686,-0.0007322809
-0.0035978884,-0.0007612082,0.0002125146
-0.0035624923,-0.0001333171,0.0001758946
-0.0027422787,-0.0003886269,-0.001172331
-0.0031456724,-0.0018581852,0.0002692756
-0.0038950938,-0.0013860453,-0.0011509693
-0.0028411437,-0.0014019258,-2.55153e-05
-0.0033311969,-0.0002719662,-0.0002421835
-0.0032872569,-0.001216246,-7.80039e-05
-0.0032835953,-0.0013151938,-0.0013420036
-0.0031114969,-0.0019015512,0.0005079158
-0.0036186379,-0.0013872669,-0.0014378258
-0.0026391417,-0.0012632767,-0.0007786662
-0.0030492485,0.0002239945,-0.0010923774
-0.0030266682,0.0002075032,-0.0002116668
-0.002554313,-0.0015314131,-0.000589463
-0.0024700947,-0.0026711454,-0.0009721418
-0.0027032209,-0.0011997547,-0.0008091829
-0.0018701914,0.0004139499,0.0001661293
-0.0019299987,-0.0005572047,0.0004993711
-0.0020014012,-0.0017629021,-0.0007902625
-0.0014509304,-0.0022600844,-0.0001903052
-0.0026159511,-0.0002273786,-0.0003593674
-0.0017011444,0.0002142218,0.0010791874
-0.0013111768,-0.0007447169,-0.0002745311
-0.001430181,-0.0018013819,0.000143547
-0.0015583394,-0.0007025724,-0.0001311029
-0.0007875582,4.7212e-06,0.0011267934
-0.0007777938,-0.0004203879,-0.0001567369
-0.0008498066,-0.0012742709,0.0008411576
-0.0009901705,-0.0011429513,0.0004401688
-0.0006813699,-0.0007715916,0.0001276783
-0.0010359414,-0.000440544,0.000675147
-0.0011146672,-0.000214552,0.0003663185
6.6831e-05,-0.0009725412,0.0005616251
-0.0012763909,-0.0007569327,0.0001801669
-0.0009877294,-0.000993308,0.0015253409
-0.0002584472,-0.0013903209,9.9603e-05
-0.0014265193,-0.00152897,0.0010663705
-0.0016462194,-0.0012107489,0.0009198905
-0.0011366373,-0.0012327373,0.0008655709
-0.0021179643,-0.001361003,0.0008918152
-0.0025311225,-0.0013652785,0.0011426621
-0.0021558015,-0.0015546231,0.0011280141
-0.0026580603,-0.0008155684,0.0007947723
-0.0024041847,-0.0016205883,0.0018195214
-0.0031713041,-0.0009291752,-0.0001426992
-0.0020209301,-0.0017225901,0.0020789129
-0.0031590985,-0.0011618858,0.0007904999
-0.0026745378,-0.0028079621,0.0016644968
-0.0036296229,-0.0015014845,-0.0005339227
-0.003021786,-0.0022106105,0.0027887302
-0.0037205543,-0.0009682657,-0.0006877266
-0.0027294628,-0.0027120683,0.0018006011
-0.0043009287,-0.0012192999,-0.000503406
-0.0025933708,-0.0018636823,0.0014569836
-0.0032945803,-0.0003965672,-0.000605942
-0.0030388738,-0.001604097,0.0020508376
-0.0034935309,-0.0014202495,-0.0008110139
-0.0032115825,-0.0023694156,0.000709936
-0.0038535949,-0.0010336201,-0.0004094147
-0.0032463683,-0.0011783771,0.0003260365
-0.0031603191,-0.0002707446,-0.001073457
-0.0030358224,-0.0007190637,0.0004004972
-0.0031896124,-0.0006775301,-0.0011497487
-0.0028393129,-0.0016951046,-9.32622e-05
-0.002984559,-0.0012590012,-0.0003068788
-0.0026342595,-0.0012321265,7.9462e-05
-0.0031957152,-0.0011679937,-0.0004234524
-0.002815512,-0.0025630357,0.0004615305
-0.0031603191,-0.0025050108,-0.0013450552
-0.0031761863,-0.0010360632,-0.0010527057
-0.0023840455,0.0006851402,-0.0005174437
-0.0023376644,0.0003357689,-0.0008128448
-0.0022046238,-0.0011484484,-0.0010478231
-0.0020520543,-0.0020652427,-0.0007170226
-0.0021796024,-0.0010495006,-0.0006926092
-0.0016511016,-9.85021e-05,-0.0001042482
-0.0016523222,-0.0006158404,0.0002473036
-0.0016663586,-0.0021434237,-0.0003434988
-0.001419196,-0.0018911678,-0.0004381004
-0.0017499666,-0.0009346723,8.00723e-05
-0.0015162302,-4.41419e-05,-0.0001579575
-0.0006069159,-0.0004869639,0.0002277729
-0.0008894747,-0.000718453,0.0001044856
-0.0009309736,-0.0010458359,0.0003705908
-0.0008675047,-0.0005743068,-4.80976e-05
-0.0006526868,-0.0009804814,0.0008954772
-0.000870556,-0.0006176728,4.16214e-05
-0.0004592287,-0.0007453277,0.0007715796
-0.0006337682,-0.0005510968,0.0005665077
-0.0004232223,-0.0011967007,0.0002936889
-0.0008900849,-0.0002127197,-0.0003483814
-0.0002004708,0.0001800177,0.0014691902
-0.0005135434,3.95362e-05,0.0007325183
-0.0006856418,-0.0015130894,0.0008057583
-8.2332e-06,-0.0021458668,0.0012079677
-0.0011525045,-0.0016615112,0.0015113032
-0.0006374298,-0.0005761391,0.0010273091
-0.0007680293,-0.0008393892,0.0015582989
-0.0013361982,-0.0012754925,0.0010254781
-0.0015266049,-0.0011374542,0.0005189018
-0.0016010588,-0.0007105127,0.0019769873
-0.0020215404,-0.0007746455,0.0013562786
-0.0013978362,-0.0017006017,0.0009156182
-0.0026769789,-0.0012321265,0.0008320026
-0.0018402878,-0.0011386758,0.0021533735
-0.0018970436,-0.0015643957,0.0008802189
-0.0024066258,-0.0025337179,0.0012549634
-0.0028686062,-0.0021257108,0.0004120935
-0.0026586706,-0.0014055906,0.0012238364
-0.0026342595,-0.0013035888,0.0009021909
-0.0027392273,-0.0016566249,0.0005445357
-0.0031938844,-0.0017396922,0.0004926574
-0.003179848,-0.0014959874,0.0011469344
-0.0030284991,-0.0014807176,0.0004120935
-0.0030034777,-0.001615702,0.0001301196
-0.0031999872,-0.000915127,0.0001874909
-0.0027563151,-0.0003611414,0.0003986662
-0.0030077496,-0.0015912704,0.0002308246
-0.0031060044,-0.0019290368,-0.0003740154
-0.0028277176,-0.0011551671,-0.0001701642
-0.0026818611,0.0004872445,5.0014e-06
-0.0024646022,-0.000327548,0.0004175865
-0.0029894413,-0.0012907622,-0.001146697
-0.0023492596,-0.0018661255,-0.0002818551
-0.0024847414,-0.0007056264,-0.0006816233
-0.0025512617,-0.000570642,3.67387e-05
-0.0025006086,-0.0009511636,-0.0012516743
-0.0024157799,-0.0019510252,-0.0006285243
-0.0026580603,-0.0006995185,-0.0017179687
-0.0017524078,-0.0001131611,-0.0003984287
-0.0018592064,0.0002404858,-0.0014091402
-0.0017774292,-0.0005046768,-0.0006755199
-0.0012165837,-0.0010458359,-0.000534533
-0.0013630504,-0.0012315157,-0.0011070254
-0.0014899882,-0.0004979581,-0.000591294
-0.0008314983,5.23628e-05,8.053e-06
-0.0013484037,-0.0009346723,-1.26983e-05
-0.001425909,-0.0018496342,-0.0002806345
-0.0010829328,-0.0014739989,-0.0003660811
-0.0015467441,0.0001207711,-0.0003941564
-0.0013233823,0.0005709226,0.0003919525
-0.0001516486,1.44938e-05,-0.0003514331
-0.0003548711,-0.0009224565,2.087e-05
-0.0008675047,-0.0002799065,-0.0005607773
0.0001260279,-0.0005889657,0.0008674019
-0.0001180833,-0.0007325011,1.3394e-06
-0.0004140681,-0.0017561835,0.0003681495
-6.55994e-05,-0.0009175702,-5.54216e-05
-0.0001754494,-0.0007306687,0.000766697
-0.0001620233,-0.0001143826,-0.0004088044
0.0001742399,-0.0005559831,0.0002314349
-5.40041e-05,0.0003999017,3.49077e-05
0.0002895824,7.12972e-05,0.0006556163
0.0001760707,-0.0009969727,0.0008979185
-0.0001662952,-0.0019724028,0.0005768834
-0.0001705672,-0.0014807176,0.0007770726
-0.0007521621,-0.000946888,0.0013483443
-0.0007021193,-0.000651877,0.0005909211
-0.0005904384,-0.0017036556,0.0006562267
-0.0016254699,-0.0009926972,0.0005408737
-0.0009480614,-0.0008247302,0.0017371264
-0.000955995,-0.0009413909,0.0008350543
-0.0014905985,-0.0024561477,0.0013068417
-0.001856155,-0.0018056574,0.0007184806
-0.0014655771,-0.0018129868,0.0020715889
-0.0025042702,-0.0017610698,0.0009705482
-0.0018482214,-0.003311863,0.0014557629
-0.0029467218,-0.0016712838,-0.0003923254
-0.0023333924,-0.0015827194,0.0023297598
-0.0025042702,-0.0003568659,-0.000558336
-0.0019196239,-0.0022252694,0.0013282033
-0.0033678136,-0.0013561167,-0.0004490864
-0.0017469153,-0.0024646987,0.0016101772
-0.0030083599,-0.0013066428,-0.0002049532
-0.0024145594,-0.0024518721,0.0016858585
-0.0023864866,-0.0015216405,-0.0014305018
-0.0026305978,-0.0023895717,0.0015277822
-0.0033244839,-1.97103e-05,-0.0010856637
-0.0014655771,-0.0015472936,0.0005146294
-0.0030071393,-0.0004264958,-0.0019883462
-0.0021411548,-0.0007141774,0.0003016232
-0.001849442,0.0002441505,-0.001216275
-0.0020685318,-0.0017238116,0.0006263204
-0.002411508,-0.0015338563,-0.0016593767
-0.0017945169,-0.0019858401,6.8476e-05
-0.0030352121,-0.0006585956,-0.0006718579
-0.0017823114,-0.0012425099,-0.0002910101
-0.0015516263,-0.0012492286,-0.0018345423
-0.0022418507,-0.0012663307,-0.0008232205
-0.0011055131,0.0005220595,-0.0012773083
-0.0008699458,-0.0001669105,0.0002247213
-0.002036187,-0.0017958848,-0.0002098358
-0.0008351599,-0.0027059604,-0.0011936926
-0.0012001062,-0.001361003,2.14804e-05
-0.0015778682,0.0001140525,0.0003217642
-0.0007051707,-0.0005779715,-0.0006053316
-0.00112077,-0.0017525187,-0.0002250942
-0.0011464017,-0.0011948684,-0.0006675856
-0.0007204277,-0.0002884575,-0.0006462239
-0.0007765732,8.53454e-05,0.0004877748
-0.0005288004,-0.0008790905,-0.0002208218
8.08674e-05,-0.0018575744,-7.67833e-05
-0.0004036934,-0.0015540123,0.0005378221
-0.0001461561,-0.0009688764,-4.50459e-05
0.0003774625,-0.000880312,-0.0001109619
-0.0001217449,-0.0004191663,0.0004694648
0.0007399676,-0.0006854703,4.4673e-05
0.00037197,-0.0009365046,-0.0002806345
-0.00024258,-0.0009872001,0.0006757573
0.0004513061,1.51046e-05,-0.0006053316
0.0004134689,-2.70398e-05,0.0008637399
-0.00017667,0.0004902985,0.0002399796
0.0008321196,-0.0008222871,0.0004175865
0.0002303855,-0.0011765447,0.0001075373
-5.7921e-06,-0.0012840436,0.0010730841
0.0003664775,-0.0003519796,-2.91773e-05
-0.000124186,-0.0007056264,0.001223226
-0.0006294962,-0.0010720998,0.0005744421
-0.0003908775,-0.0019650733,0.000737401
-0.0013282645,-0.0019662949,0.0011017698
-0.001452151,-0.0014917118,0.0010132715
-0.0007967124,-0.0013500088,0.0011029904
-0.0018738531,-0.001059884,0.0010010648
-0.0014375043,-0.0014312437,0.001245198
-0.0016132644,-0.0016969369,0.000702612
-0.0022918935,-0.0020866203,0.0013794713
-0.0025390561,-0.0015857733,-3.95529e-05
-0.002374281,-0.0015191973,0.0014154809
-0.0024584994,-0.0012461747,0.000614724
-0.0024847414,-0.0019375878,0.0005073054
-0.0029271929,-0.0016651759,0.0004377275
-0.0024090669,-0.0018001603,0.0005994657
-0.0022821291,-0.0013701648,-0.0001127929
-0.0023071505,-0.0012284618,0.0007850069
-0.0019135211,-0.0013408469,-0.0001665022
-0.0021271184,-0.001647463,-0.0005284297
-0.0025750625,-0.0015069816,-1.3919e-05
-0.0021185746,-0.0011069148,-0.0006773509
-0.0020227609,-0.0007434953,-0.0007499806
-0.0022064546,0.0004731964,-0.0009141601
-0.0014222474,-0.0004600892,-1.0257e-05
-0.0021863154,-0.0011838742,-0.0013102662
-0.0016974827,-0.0012852651,-0.0004246731
-0.0015339282,-7.34598e-05,-0.0004789927
-0.002073414,-0.0002750201,2.2701e-05
-0.0017054163,-0.0011423405,-0.0009605454
-0.0018915511,-0.002246647,-0.0001384269
-0.0024670433,-0.0011869281,-0.0013548206
-0.0013783073,-0.0003183862,-0.000627914
-0.0011903417,0.0001219927,-0.0004252834
-0.0017780394,-0.0010262906,-0.0001652815
-0.0011500634,-0.0018630715,-0.0010765087
-0.001006648,-0.0015802762,-0.0004057527
-0.00184517,-0.0005694204,-0.0001164549
-0.0008729972,-0.000593852,-0.0001256099
-0.0013398598,-0.0016859427,-0.0003795084
-0.0015320974,-0.0014636155,-0.0003093201
-0.0007423977,-0.0012009763,-0.0004039217
-0.0010756095,-0.0003489256,-0.0006761303
-0.0006331579,-1.60456e-05,0.0003962248
0.0005904495,2.73204e-05,0.0001057063
0.0004714453,-0.0015411857,0.0007239736
-0.0003054386,-0.0008338921,-0.0010209684
0.0009035221,-0.0006164512,0.0014252463
9.79551e-05,0.0002215513,0.0002875855
0.0007747534,-0.0014104769,0.0009906892
0.0003542719,-0.0009322291,-0.0007530322
0.0003512205,-0.0007874721,0.0011316761
0.0003255888,0.0008549395,-0.0007310602
0.0010280188,0.0001549753,0.0011408311
0.0004256744,-1.60456e-05,0.0001673499
0.0004604603,-0.0012186891,0.0003358019
0.0003628158,-0.0008693178,0.000708105
0.0002157388,-0.001572336,0.0017829014
-0.0004531259,-0.0013451225,-0.0001072999
-0.0005098817,-0.0009395586,0.0008796086
-0.0007912199,-0.0003800758,0.0010151025
-0.00094501,-0.0012608336,0.0005915314
-0.0013624401,-0.0018282566,0.0009559002
-0.0013508448,-0.001780615,0.0011078731
-0.0013526757,-0.0006476014,0.000678809
-0.0016633072,-0.0008528265,0.0019354846
-0.0019061978,-0.0015387426,0.0011737891
-0.0017664441,-0.002516005,0.0005793247
-0.0026251053,-0.0014471242,0.0010523328
-0.0022046238,-0.0013500088,0.0012134607
-0.0024749769,-0.0008827552,-0.0001451405
-0.0020178787,-0.0016773917,0.0012805973
-0.0024694844,-0.0004442087,-0.0003831704
-0.0019080286,-0.0015784439,0.0017230888
-0.0030559616,-0.0009261212,-0.0004136871
-0.001610213,-0.0021928976,0.0013666543
-0.0026208333,-0.0004778021,-0.0004783824
-0.0017414228,-0.0014147524,0.0018762823
-0.0028466362,-0.000284182,-0.0018406456
-0.001860427,-0.0018795628,0.0015216789
-0.0029607582,-0.0002041686,-0.0015379205
-0.0017151808,-0.000848551,0.0004481031
-0.0027294628,0.0011236867,-0.0015629441
-0.0018427289,-0.0005663665,0.0014545422
-0.0024804694,-0.0003715248,-0.001755199
-0.0022571077,-0.0021104411,0.0006592783
-0.0028344306,-0.0001272092,-0.0012657119
-0.0020056731,-0.0006482122,0.0006781987
-0.002977846,-7.83461e-05,-0.0014543048
-0.001992247,-0.0022619168,0.0001966459
-0.0026226642,-0.000946888,-0.0020463278
-0.0019690564,-0.0007129559,0.000161857
-0.0020612084,0.0004298304,-0.0009568834
-0.0015485749,-0.0009755951,0.0003095575
-0.0018445597,-0.0017561835,-0.0005113403
-0.0013911232,-0.0022826836,1.47667e-05
-0.001702365,-0.000758765,-0.0004307764
-0.0010933075,-0.0003220509,0.0004987608
-0.0012477078,-0.0004607,-0.0004381004
-0.0011280934,-0.001424525,8.6634e-06
-0.0008729972,-0.0011026392,-0.0005259883
-0.0009279222,-0.0001296524,-0.0004728894
-0.0008687252,0.0002105571,0.0010114405
0.0002187902,-0.0002994517,0.0001520916
-3.38649e-05,-0.0013127507,0.0001893219
-0.0002517342,-0.0008009095,0.0007959929
0.0006923659,-0.000903522,0.0008356646
-9.48927e-05,-0.0004283282,-0.0002763621
7.3544e-05,-0.0004637539,0.001347734
0.0005556636,-0.0005333839,0.0001685706
-0.0001077085,-0.0006079001,-0.0001414785
-6.9261e-05,-0.0003348775,0.0008710639
0.0002303855,-0.0002298218,0.0004169761
0.0001241971,1.26615e-05,0.0004334551
-0.0002688219,0.0003553141,0.0010328021
0.0005513917,-0.0007722024,0.0014618662
-0.0001736186,-0.0012834328,4.77247e-05
-0.0005165948,-0.000773424,0.0013898469
-0.0004366484,-0.0001400358,0.0011719581
-0.0006410915,-0.000559037,0.0006891847
-0.0011421298,-0.0008265626,0.0004706854
-0.0011348064,-0.0011044716,0.0016126185
-0.0012593031,-0.0008381676,0.0009986235
-0.0009395175,-0.0010207935,0.001329424
-0.0012574723,-0.0016364688,0.0014966552
-0.0017164014,-0.0014843824,0.0008069789
-0.0014167549,-0.0012956486,0.0016913514
-0.0021204054,-0.0012809896,0.0013745886
-0.0021496987,-0.0018600176,0.000633034
-0.0024432424,-0.0011038608,0.0003827975
-0.0025262403,-0.0010311769,0.0018561414
-0.0022235424,-0.0007227285,-0.0001475819
-0.0020959943,-0.001248007,0.0006232687
-0.0029210901,-0.00050712,0.0007056637
-0.0020654804,-0.0008613776,0.0005262258
-0.0023755016,-0.0005651449,-6.51869e-05
-0.0022436815,-0.0012736602,0.0014643076
-0.0025347842,-0.0014581184,-0.0005442983
-0.0027020003,-0.0019821754,0.0002302142
-0.0032152441,-0.0007318903,-0.0003483814
-0.0024786386,-0.0005034552,-0.0001793192
-0.0027044414,0.0001904011,-0.0007432669
-0.0020752448,-0.0005907981,0.0001697913
-0.0027129853,-0.0010647703,-0.0012046786
-0.0024456836,-0.000868707,-0.0003819498
-0.0023175252,-0.0004148908,-0.0001329339
-0.0023352232,-0.0002047794,-0.0004216214
-0.0028051373,-0.0008961926,-0.0001866432
-0.0024639919,-0.0018667363,-0.0002965031
-0.0023163046,-0.0019760675,-0.0010758984
-0.0027489917,-0.0002664691,-0.0011241147
-0.0012690676,0.0007938606,-4.19943e-05
-0.0014063801,0.0004066204,-0.001124725
-0.0018006197,-0.0016841104,0.0004041592
-0.0011787464,-0.0023413193,-0.0008714368
-0.0015833607,-0.0023321575,-0.0003178648
-0.0019196239,0.0001458135,-0.0006395103
-0.0008894747,7.92375e-05,0.0004395585
-0.0015040246,-0.0010073562,-0.0009599351
-0.0011793567,-0.00179222,-0.0011003117
-0.0009657594,-0.0002114981,-0.001117401
-0.0009498922,0.000705907,0.0004932678
-0.0003872159,0.0003192776,-0.0004307764
0.0003652569,-0.0011124119,3.30767e-05
-0.000492794,-0.0013096967,0.0007221426
-0.0002114558,-0.0014581184,0.0007752416
-1.18949e-05,-0.0010110209,5.0166e-05
-0.0006008132,-0.0006017923,0.0007673073
0.0002255032,0.0001061122,9.9603e-05
0.0005294217,-0.0003532011,0.0002949095
-0.0004091859,-0.0002982301,0.0002460829
0.0003176552,-0.000417334,3.0025e-05
9.209e-07,0.0003663083,0.0004175865
0.0001119915,-5.0514e-06,0.0017767981
-6.49891e-05,-0.0011056932,0.0003162712
0.0003554925,-0.0023761343,0.0010096095
-0.0007222585,-0.0010995853,0.0003022335
-0.0001455458,-0.0006793625,0.0016510695
-0.0004281045,3.83146e-05,0.0001191336
-0.0003402245,-0.0014990413,0.0012555737
-0.0012562517,-0.0006903567,-7.92246e-05
-0.0005928796,-0.0013591706,0.0023169428
-0.0015626113,-0.0012083057,0.0006250997
-0.0009248708,-0.0022283234,0.0015344959
-0.0019415939,-0.000738609,0.0004664131
-0.0010756095,-0.0010079669,0.0023865207
-0.0019428145,-0.0008125145,-0.0002025118
-0.0015034143,-0.0025441013,0.0020917299
-0.0023095916,-0.0013469548,-0.000490589
-0.0018555447,-0.0013768835,0.0016706001
-0.0023419363,-3.13153e-05,0.0006537853
-0.0016791744,-0.0016083725,0.0016290975
-0.0028252765,-0.0018917786,-1.81913e-05
-0.0023175252,-0.0019614086,0.0013935089
-0.0023559727,-0.0009884217,0.0005121881
-0.0021747201,-0.0009810922,0.0010291401
-0.0020862298,-0.000973152,0.000136223
-0.0023767221,-0.0010995853,0.0003626565
-0.0026495164,-0.0008589344,-2.97876e-05
-0.0024749769,-0.0012284618,0.0001679603
-0.002521358,-0.0005370486,-0.0003965977
-0.0022626002,0.0001696343,-4.07736e-05
-0.0023425466,-0.0003299912,0.0004114831
-0.0022998271,-0.0013616138,-0.0002507282
-0.002227204,-0.0017451893,-0.0008342065
-0.0023370541,-0.0004051182,-0.0001945775
-0.0021997415,0.0001525322,0.0003498395
-0.0019824826,-0.000860156,-0.0004307764
-0.0021368829,-0.0020744045,-0.0002727001
-0.0024426322,-0.0013041996,-0.0006804026
-0.0013801382,-3.219e-06,-5.72526e-05
-0.0013953951,3.7093e-05,0.000600076
-0.0015754271,-0.0009444449,0.0001679603
-0.0005355134,-0.0018300889,-0.0002049532
-0.0014106521,-0.0011368434,-7.8156e-06
-0.0009901705,-0.0003147214,0.0005738317
-0.0006191215,-0.000472305,-0.0002733105
-0.0015302666,-0.0008974141,-0.0002586625
-0.0010182433,-0.0009853677,0.0001917633
-0.0007094427,-0.001213192,0.0001716223
-0.0011335859,-0.0010244582,0.000106927
-0.0006209523,-0.0006982969,8.73963e-05
0.0001699679,-0.0004588676,0.0007532696
-5.46144e-05,-0.000680584,0.0003931732
4.66918e-05,-0.0011515024,0.0004090418
0.0001779016,-0.0009957512,0.0005524701
0.0001553213,-0.000668979,0.0009589518
9.91757e-05,-0.0008131252,0.0009174492
8.8801e-05,-0.0008363352,0.000160026
0.0001461671,-0.0005223897,0.0004731268
0.0003878372,0.0003956262,0.000623879
0.0005141647,0.0006002405,0.0004963194
0.0008370018,0.0001531429,0.0008204063
0.0002785974,-0.0001540839,0.0006818607
0.0009224407,-0.0002475346,0.0008081996
0.0003738008,-0.0005834686,0.0010608775
0.0002840899,-0.0011912036,0.0014752936
-3.38649e-05,-0.0008027418,6.05417e-05
-0.0002352566,-0.0007984663,0.001217733
-0.0005019481,-0.0002133305,0.0008625192
-6.62096e-05,-0.0009676549,0.0014496596
-0.000896798,-0.0008436647,0.0004468825
-0.0006368196,-0.0007227285,0.0014557629
-0.0010042069,-0.0008418323,0.0014459976
-0.0012306201,-0.0016944938,0.0017755774
-0.0017743778,-0.0017598482,0.0002405899
-0.0017365405,-0.0011111903,0.0016547315
-0.00186714,-0.000993308,0.0014521009
-0.0023993024,-0.0011997547,-9.50932e-05
-0.0022003518,-0.0011881497,0.0009595622
-0.002014217,1.38831e-05,0.0004755681
-0.0018024506,-0.0007300579,0.0009980132
-0.0024267649,-0.0010385064,0.000594583
-0.001452151,-0.0020951714,0.0010218161
-0.002176551,-0.0008998573,-0.0003032168
-0.0019904162,-0.0008699286,0.0017438401
-0.0018543242,-0.0009670441,-0.0002965031
-0.0019898059,-0.0021739631,-0.0002696485
-0.0027764542,-7.71245e-05,-0.0010600297
-0.0014710696,0.0002502584,0.0008735052
-0.0015601702,0.0005226703,-0.0013413932
-0.0017725469,-0.0004472626,-0.0004142974
-0.001915352,1.99909e-05,-0.0002043428
-0.0013905129,-0.0011056932,0.000665992
-0.0021850949,-0.0013445117,-0.0011875893
-0.0020886709,-0.0006744761,-0.0001011966
-0.0019843134,5.78599e-05,8.37343e-05
-0.0019403734,-0.0012351804,-0.0002440145
-0.0016852772,-0.0016792241,-0.0016532734
-0.002352311,-0.0008265626,-0.0009654281
-0.0011341961,0.0005923002,-0.0006315759
-0.0011378578,0.000126879,-0.0003160338
-0.0016462194,-0.002104944,0.0003754735
-0.001223907,-0.0034517337,-0.001238247
-0.0013374187,-0.0021232677,-0.000521716
-0.0014448276,0.0005629824,0.0001264576
-0.0006020337,-0.0002273786,0.0005445357
-0.0007045604,-0.0019467496,-0.001179655
-0.0010951383,-0.0018813952,-0.0008787608
-0.0005275798,0.0004499864,-0.0001848122
0.0002377088,0.0004731964,0.0010724738
7.23235e-05,-0.0008082389,-0.0003196958
0.0005019592,-0.0012186891,-0.0001311029
0.00039394,-0.0007508248,0.000770359
0.0006282867,-0.0005297192,0.0004316241
0.0009444107,-0.000550486,-0.0003453298
0.0005239292,-0.0005339947,0.0005262258
0.0009242716,-0.0002963978,-0.0001585679
0.0009694321,-0.0005700312,-0.0005186643
0.0004909742,-0.0006482122,0.0006647713
0.000999946,-0.0005932412,-0.0002708691
0.0010890466,-0.0004747481,0.0003998868
0.0004366594,-0.0004484842,0.0009552899
0.0010615841,-0.0011618858,0.0003022335
0.0007924515,-0.0018563529,0.0003913422
3.69273e-05,-0.0007715916,0.0009064632
0.0006301176,-0.0009242888,0.0010865114
-0.0001968091,-0.0013170262,4.71143e-05
-0.0004366484,-0.0012919838,0.0008051479
-0.0007973227,1.57154e-05,0.0005579631
-0.0002639397,-0.0012296833,0.0021393359
-0.0009498922,-0.0015796654,-4.80976e-05
-0.0005941001,-0.0019210965,0.001228719
-0.0015906841,-0.000518725,0.0010791874
-0.0003499889,-0.0017134282,0.0020221519
-0.0013404701,-0.0015020952,-0.000561998
-0.0013612196,-0.0025239452,0.0020660959
-0.0017993992,-0.000785029,-0.0009495594
-0.0008644533,-0.0013041996,0.0019055783
-0.0018787353,-0.0003281588,-0.0006779613
-0.0007192071,-0.0020328709,0.0007496076
-0.0021649557,-0.000240816,-0.0012168853
-0.000786948,-0.0008858091,0.0018842167
-0.0014710696,-0.0009456665,-0.0009910621
-0.0008015946,-0.0020878419,0.0005604044
-0.0017993992,-0.0004735266,-0.0009227048
-0.0015217227,-0.0007990771,0.0006354754
-0.0018476111,-0.0005089523,-0.0012571673
-0.0015143993,-0.0013298527,8.3124e-05
-0.0021161334,0.0001109985,-0.0012297023
-0.0015497955,8.9967e-06,-0.0001463612
-0.0015626113,-0.0001797371,-0.0005095093
-0.0018109944,-0.001525916,-0.0003032168
-0.0019959087,-0.0011631073,-0.001067964
-0.0016944313,-0.0005089523,0.0003144402
-0.0022815188,-0.0008650423,9.65513e-05
-0.0021631248,-0.0021177706,-0.0009166015
-0.002007504,-0.0023309359,-0.000558336
-0.0024200519,-0.0005547615,-0.0010264614
-0.0010585217,0.0006759783,-0.000552843
-0.001289817,0.0003272178,-0.0006163176
-0.0013075151,-0.0012816004,4.71143e-05
-0.0008253955,-0.0019381986,-0.0010685744
-0.0012416051,-0.0017702316,0.0003235952
-0.0008784897,-0.0005993491,-0.0001091309
-0.0005007276,-0.0002799065,-0.0006791819
-0.0009358558,-0.0004552029,0.0001935943
-0.0001705672,-0.0013555059,0.0003028439
0.0002090257,-0.0016468522,-0.0014384362
-0.0004091859,6.27462e-05,-0.0003068788
0.0007302032,0.0011450643,0.000774021
0.0016065624,-0.0001901205,0.0003516705
0.0006557492,-0.0020970037,0.0002875855
0.0003133833,-0.0014049798,-0.0003453298
0.0008229654,-0.0003745787,0.0008478712
0.0003744111,9.02317e-05,0.0008442092
0.0008565307,-0.0011692152,0.000136223
0.0004793789,-0.000585301,-0.0006761303
0.0005544431,-9.3269e-06,0.001210409
0.000775974,0.0002032276,7.82413e-05
0.0007259312,-0.0009639901,0.0005860384
0.000334743,-0.0003165538,0.0004108728
0.000486092,-0.0005633125,0.0013141657
0.0002920235,-0.0007086803,0.0004493238
0.0003396252,-0.0024115601,0.0016132288
-0.0002413594,-0.0016431875,5.68797e-05
-0.0001217449,-0.0002231031,0.0007978239
-0.000470824,0.0005483234,0.0011994231
3.20451e-05,-0.0013823806,0.0009382005
-0.000341445,-0.0022423715,-2.24636e-05
-0.0008681149,-0.001004913,0.0015460922
-0.0001620233,-0.0001491976,0.0019476913
-0.0007094427,-0.0013860453,0.0011792821
-0.0008809308,-0.001902162,0.0010297505
-0.0007570443,-0.0013121399,0.0010950561
-0.0009773547,-0.0010788185,0.0017389574
-0.0011616586,-0.0015931028,0.0005146294
-0.0012519798,-0.0014654479,0.0001691809
-0.0010817122,-0.0001180474,0.0008197959
-0.0010670656,0.0005391616,0.001245198
-0.0013233823,-0.0011777663,0.0009461349
-0.0019031464,-0.0022625275,-6.57973e-05
-0.0015125685,-0.0016095941,0.000755711
-0.0018830072,0.0003876859,0.0008783879
-0.0012379434,-0.0008375568,0.0013617716
-0.0019605126,-0.0013805482,-0.0013212522
-0.0019824826,-0.001262666,0.0001356126
-0.0023639063,0.000459759,-0.0004954717
-0.0016041102,-0.0004790237,0.0007148186
-0.0019550201,-0.0003703032,-0.0013169799
-0.0017755983,-0.0010354524,7.70207e-05
-0.0024011333,-0.0003568659,-0.0001945775
-0.0015235535,-0.0015973783,0.0009729895
-0.0018732428,-0.0018233703,-0.001236416
-0.0022290349,-0.0008711502,-0.0004088044
-0.0017237247,0.0005281674,0.0004273518
-0.0013813587,-0.0012339589,0.0004566478
-0.0019519687,-0.0022551981,-0.0016074984
-0.0013874615,-0.0009004681,-0.0005516223
-0.0007338538,0.000992367,0.0006171654
-0.0011018514,-0.0002121089,0.0001868806
-0.0009413483,-0.0026943554,-0.0001451405
-0.0007906096,-0.0024543153,-0.0007481496
-0.000999935,-0.0002090549,-0.0002983341
-0.0007033399,0.001183544,3.67387e-05
-9.91647e-05,-0.0005535399,-1.2088e-05
-0.0006227832,-0.0020603564,-0.0012913459
-0.0005892179,-0.0010067454,-0.0010618607
-4.91219e-05,5.11412e-05,0.000594583
-0.0002456314,-0.0001217121,-0.0002897895
0.0004079764,-0.0008613776,-0.0002488972
0.000422623,-0.001059884,0.0006196067
0.0002389294,-0.0006750869,-7.06799e-05
0.000433608,-0.0005901873,-0.0001524645
0.0003164347,-0.0003183862,0.0006379167
0.0004738864,-0.0001180474,3.918e-05
0.0007820768,-4.53635e-05,0.0002167869
0.0001211457,-0.0004918502,0.000731908
0.0003121627,-0.0004161124,-0.0003080995
0.0007247106,-0.0001137718,0.0007514386
0.0004555781,0.0003455415,0.0013556683
0.0004555781,-0.0005321623,0.0003870698
0.0005660384,-0.0007434953,1.187e-07
0.0005062311,-0.0010556085,0.0014710212
0.0001486082,-0.000535827,0.0002863649
0.0002126874,-0.0007880829,0.0003040645
-0.0003469375,-0.0007105127,0.0008191856
-0.0002566164,-0.000906576,0.0002741582
-0.0005165948,-0.0007636513,0.0006159447
-0.000429325,-0.0013090859,0.0016620555
-0.0003206956,-0.0011392866,-0.0001005862
-0.0005934898,-0.0012064734,0.0007624246
-0.0010493675,-5.26929e-05,0.0012262777
-0.0003182545,-0.0011515024,0.0011487654
-0.0017408125,-0.0006976861,-3.71116e-05
-0.0010896458,-0.0010152964,0.0016608348
-0.0018305233,0.0001842932,-0.0007231259
-0.0014936499,-0.0005846902,0.0017365161
-0.0017109089,2.97636e-05,-0.0003459401
-0.001316059,-0.0014196387,0.0009790928
-0.0026421931,2.60988e-05,-0.0005687116
-0.0011110056,-0.0010238475,0.0020673166
-0.0022009621,-0.0009792599,-0.0007377739
-0.002007504,-0.0014165848,0.0005250051
-0.0020941634,-6.42979e-05,-0.0007237362
-0.0020062834,-0.0008760365,0.0008680122
-0.0023340027,-0.0005694204,-0.0014390465
-0.0014332324,-0.0008754257,9.28893e-05
-0.0018177075,0.0006069592,-0.0007835489
-0.0007149352,0.0002001737,-0.0001280512
-0.0014167549,-0.0002279894,-0.0007310602
-0.0014161446,-0.0005242221,-0.0005284297
-0.0011451811,0.0002288808,-0.0009574938
-0.0013966157,0.0005257242,0.0005182914
-0.0016492708,-0.0004277174,-0.0003843911
-0.001392954,-0.00210189,-0.0004588517
-0.0018415083,-0.0018612392,0.0002027493
-0.0016572044,-0.0005639233,-0.0007603562
-0.0008076974,0.0003046186,-0.0005351433
-0.0011787464,0.0006484928,4.77247e-05
-0.0009633183,-0.0016071509,0.0010248678
-0.0012098706,-0.0026705346,-0.0011369317
-0.0016120438,-0.0024952382,7.33587e-05
-0.0011335859,-0.0002102765,-7.61729e-05
-0.0006002029,-0.000339153,0.0004603098
-0.0012824937,-0.0012651091,-0.0003203061
-0.0004262737,-0.0021226569,-0.0009953344
-0.0010817122,-0.0003629738,-0.0015568408
-0.0007192071,0.0009184616,0.0009546795
0.0003908886,0.0001757421,0.0003657082
0.0003164347,-0.0021385374,0.0003071162
-0.0006301065,-0.0017977171,-7.73936e-05
0.0004232333,-0.0015045384,0.0014209739
-9.79441e-05,-0.000495515,0.0003541118
0.0003762419,-0.0007056264,0.0010065578
0.0007698712,-0.0001198797,-2.30739e-05
0.0003493897,-0.0001589702,0.0004456618
0.0005166059,-0.0001577487,0.0005610147
0.0009151174,-0.0007245608,0.0004816714
0.0003323019,0.0002465937,0.0002711066
0.000541017,0.0004957956,0.0014588146
0.0003695289,-0.0004942934,0.0006012967
0.0003316916,-0.0017818366,0.0002942992
-0.0002614986,-0.0010024698,0.0004352861
-6.9261e-05,6.58001e-05,0.0007996549
-0.0002010811,0.000569701,-2.49049e-05
-0.0001125908,-0.0006647035,0.0009735998
-0.0009743033,-0.0012125813,0.0005256154
-0.0004940145,-0.0018160408,0.0010321918
-0.0012318406,-0.001251061,0.0007636453
-0.0007820657,-0.0012284618,0.0016950134
-0.001289817,-0.0007135666,0.0002320452
-0.0010847636,-0.0013005349,0.0017578777
-0.001643168,-0.0006482122,-0.0001390372
-0.0011134467,-0.0017091527,0.0011310658
-0.0023364438,-0.0005468212,-0.0002537798
-0.0013673223,-0.0007361658,0.0014130396
-0.0015467441,-0.0004038966,0.0001874909
-0.0015015835,-0.0011857065,0.0012830387
-0.0019275575,-0.0009145162,0.00013073
-0.001239164,-0.0012003655,0.0011695167
-0.0013606093,-0.0004246634,7.4427e-06
-0.0010322797,-0.0002322649,0.000629372
-0.0009981041,-0.0003550335,0.000106927
-0.0014857163,-0.0008009095,-0.0001689435
-0.0015320974,-0.0005315515,-0.0002293665
-0.0013801382,-0.0002212707,2.94147e-05
-0.0014527613,-0.0002640259,-0.0003355644
-0.0016334035,0.0007382788,-0.0006889473
-0.0011933931,-0.0001058316,0.0008570262
-0.001937322,-0.0010146856,-0.0010874947
-0.0014118726,-0.0011777663,-0.0004051424
-0.0018677503,0.0002612526,7.2138e-05
-0.0018091636,-0.000136371,0.0005237844
-0.0018573756,-0.0013481764,-0.000616928
-0.0020355767,-0.0025178373,0.0004322345
-0.002448735,-0.0012761033,-0.000538195
-0.0014252987,-0.0002652475,0.0003296985
-0.0010402133,-0.0001870665,0.0008295613
-0.0016932108,-0.0017830582,0.0002942992
-0.0011488428,-0.0025306639,-0.0003917151
-0.0012806629,-0.0013878777,0.0001276783
-0.0011433503,0.0002753007,0.0003571635
-0.000727751,0.0001751314,-0.0002116668
-0.0008681149,-0.0012199107,0.0002961302
-0.0008925261,-0.0017030448,-0.0004381004
-0.0005288004,-0.0012718278,-0.0002903998
-0.0006478046,-7.77353e-05,0.0002424209
2.7518e-06,5.332e-06,0.0004493238
0.0006862631,-0.0004112261,0.0001642983
0.0001571521,-0.001369554,0.0010395158
0.0001724091,-0.0010708782,-0.0002196012
0.0004189614,-0.0009413909,0.000693457
-0.0001431047,1.6673e-06,0.0007917206
0.000879111,-0.0006592064,0.0012152917
0.0001223663,-0.0003812974,-0.000545519
0.0001687474,-0.0008790905,0.0016071255
0.0003530513,-0.0001467545,-0.0003489918
0.000492805,-3.07045e-05,0.0010968871
1.73984e-05,0.0011462859,0.0006611093
0.0004500855,-3.19261e-05,0.0014612559
0.0003066702,-0.0008192331,-6.64076e-05
2.10601e-05,-0.0019559115,0.0015149652
-0.0004586184,-0.0005596478,-0.0001286616
-6.68199e-05,0.0002655281,0.0009363695
-0.000150428,-7.59029e-05,0.0010651498
-0.0001247963,-0.0017818366,0.0004773991
-0.0007070015,-0.0017366382,-1.102e-06
-0.0005385648,-0.000938337,0.0017157648
-0.0001858241,-0.000284182,0.0008118616
-0.0005678582,-0.0008259518,0.0005970244
-0.0009773547,-0.0007679269,0.0009180595
-0.0005117126,-0.0010201827,0.0007776829
-0.0011244317,-0.0009212349,0.0005890901
-0.0011244317,-0.0007086803,0.0002949095
-0.00105486,0.000263085,0.0002607309
-0.0006893035,0.0003705838,0.0009540692
-0.0010249564,0.0005092329,8.053e-06
-0.000815631,-0.001213192,0.0009925202
-0.0016663586,-0.0008235087,-0.0003428884
-0.0004696034,-0.0009413909,0.0010974974
-0.0014912088,0.0005122869,-6.88489e-05
-0.0005440573,-0.0009578822,0.0014118189
-0.0015211124,-0.0008204547,-0.0016435081
-0.0013966157,-0.0011307355,0.0005701697
-0.0019379323,0.0003040078,-0.0010551471
-0.0005428368,-0.0004063398,0.0005543011
-0.0016297419,0.0005312213,-0.0016917244
-0.0011018514,-0.00043749,0.0007697486
-0.0016340138,-0.0002249354,-0.0009080568
-0.0017054163,-0.00119609,0.0001783359
-0.002117354,-6.30764e-05,-0.0010832224
-0.0015406413,-8.7161e-06,0.0004346758
-0.0020813476,-0.0001015561,-0.0004167387
-0.001632183,-0.0013640569,5.1997e-05
-0.0018177075,-0.0014520105,-0.000496082
-0.001425909,-0.0003849622,-0.0004954717
-0.000639871,0.0004536511,0.0005530804
-0.0013343673,-0.0006317209,0.000695288
-0.0009858986,-0.0022710786,-7.86143e-05
-0.0009614875,-0.0020957821,-0.0004838754
-0.0009633183,-0.0002206599,0.0006873537
-0.0003969803,0.0007566025,-0.0002623245
-0.0001278477,-1.90995e-05,-7.92246e-05
-0.0006606204,-0.0007227285,8.6786e-05
0.0001119915,-0.0010385064,-0.0006413413
-0.0004201709,-0.0002566965,-0.0005687116
-0.0003920981,0.0004902985,0.0010358538
0.0009145071,-0.0001650781,0.0002442519
4.18096e-05,-0.0014691126,0.000138054
-0.0005172051,-0.0011655505,9.89927e-05
0.000721049,-0.0010073562,0.0004719061
-9.4538e-06,-0.0003049488,-3.83323e-05
0.0003048394,-0.0003049488,0.0006818607
0.000738747,-0.0001039992,-0.0002482868
-7.17021e-05,-0.0008045742,0.00069895
0.0001309102,-0.0008424431,-0.0001329339
0.0003951605,-0.0005694204,0.0003126092
-0.0002175586,0.0007278954,0.0004798404
0.0003866166,0.0002154434,0.0009137872
0.0003927194,-0.0006017923,-6.27456e-05
0.000367698,-0.0012803788,0.0006489027
0.0001357924,-0.000452149,0.0002588999
0.0003756316,0.0002661389,0.000675147
0.0001888866,0.0001775745,0.0007404526
0.0001040579,-0.0012370128,0.0008374956
-0.0004879117,-0.0015118679,-0.0001658919
-0.0002688219,-0.0008668747,0.0007526593
-0.0003945392,0.0002581987,0.0006965087
0.0001949893,-0.0003874053,0.0006452407
-0.0004299353,-0.0010226259,-0.0001115722
-0.0004689931,-0.0009334507,0.0003205435
-0.0007674191,-3.98664e-05,-9.20416e-05
-0.0004952351,-0.0008467186,0.0008442092
-0.0012715087,-0.0005969059,-0.0006376793
-0.0007674191,-0.0007392198,0.0007764623
-0.0012623545,2.18233e-05,-8.71589e-05
-0.0006770979,-0.000828395,0.0006983397
-0.0013111768,-0.0003415961,-0.0003483814
-0.0005361237,-0.0003727464,0.00071726
-0.0009523333,0.0004530403,-0.000569322
-0.0005330723,-0.000495515,0.0011615824
-0.0011421298,-0.0008992465,-0.000622421
-0.0013801382,-0.0016376904,-0.0002507282
-0.0018555447,-0.0003263264,-0.0002440145
-0.0010469264,-0.000307392,0.000757542
-0.0011775259,-0.0009572715,-0.0006761303
-0.0014887677,-0.0012706062,-0.0001536852
-0.0012971404,-0.0004570353,-0.0002055635
-0.0015864121,-0.0003629738,-0.0002897895
-0.0013081254,-0.0004362684,-0.0004991337
-0.0009492819,-0.0004008427,-5.60319e-05
-0.0016547633,-0.0009371154,0.0002796512
-0.0017218939,-0.0016871643,0.0001832186
-0.0010792711,-0.0021617474,-0.0003184751
-0.0017963478,-0.0008680963,-0.000450307
-0.000613629,0.0005471019,0.0004975401
-0.0003017769,0.0003345473,9.2737e-06
-0.0012232967,-0.0019381986,0.0004419998
-0.0005672479,-0.0020939498,-0.0014640702
-0.0003817234,-0.0009450557,-4.19943e-05
-0.001153725,0.0011743822,0.0004743474
0.0003731905,-0.0002249354,0.0001960356
-5.1563e-05,-0.0024866871,-0.0004985234
-0.0011933931,-0.0023431517,2.56e-06
0.0001321307,-0.0005431565,-0.0004045321
8.4529e-05,0.000184904,0.0010797978
-3.69163e-05,0.0003608112,-0.0002244838
0.0010292394,-0.000214552,8.43447e-05
7.41543e-05,-0.00143613,0.0016480178
-0.0001266272,-0.0013237449,-0.0003380058
0.000923051,-0.0006433259,-3.65013e-05
-0.0004415306,0.0008983055,0.001305621
0.0008650746,2.12125e-05,0.0010828494
0.0008150318,-0.0010751537,-0.0006193693
-0.000378672,-0.0018801736,0.0010730841
0.000486092,-5.88008e-05,-0.0009111085
0.0011342072,0.0009538873,0.0010743048
5.82871e-05,0.0013887691,0.0008448196
0.0010267983,-0.0010183504,0.0003364122
0.0011885219,-0.0021000577,-8.10556e-05
-0.0001345608,-0.0018245918,0.0013214897
0.0005605459,0.0001629156,-0.0001201169
0.0012294106,0.0007474406,0.0011859957
0.0005538328,-0.000527276,0.0010010648
0.0002889722,-0.0016444091,-0.0007420462
7.65954e-05,-0.0011539455,0.000706274
-0.0003621945,0.000103669,0.0009955718
0.0008016057,0.0005672579,-0.0001280512
-8.14666e-05,0.0003082834,0.0007068843
-0.00041834,-0.0007508248,0.0011060421
-0.0001333402,-0.001404369,-0.0008378685
-0.0008339394,-0.0013329067,0.0011383898
-0.0008351599,-0.0005065092,0.0003846285
-0.0006148496,-0.0001669105,-0.0002275355
-0.0008699458,-0.0002273786,0.0010932251
-0.0009279222,-0.0009139054,7.70207e-05
-0.0007686396,-0.0015735576,-0.0002586625
-0.0015687141,-0.0007801426,0.0008002653
-0.000429325,-0.0001198797,0.0005402634
-0.0007851171,0.000294846,-0.0003160338
-0.0007710807,-0.0005297192,0.0009412522
-0.000999935,-0.0008595452,-0.0006559893
-0.0010786608,-0.001013464,4.8335e-05
-0.001496091,0.0004206685,-0.0003630294
-0.0001437149,0.0001916227,0.0002564586
-0.0010389928,0.0004475432,-0.0007017642
-0.0008742177,-0.0007325011,0.0007032223
-0.0011183289,-0.0009554391,-0.0009251461
-0.0008913055,-0.0009945296,0.0004066005
-0.0009267016,0.0004756395,-0.0002629348
-0.0005098817,-6.30764e-05,0.0010987181
-0.0012953095,-0.0008222871,-0.0001732159
-0.0005941001,-0.0019742351,0.0001807773
-0.0014436071,-0.0007379982,-0.0007682905
-0.0009962733,0.0005904679,0.0002058009
0.0001205354,0.0011322377,-0.0001890845
-0.0008406524,-0.0005578154,0.0002979612
-0.0009401277,-0.0015534015,-0.0007396049
-0.0002730939,-0.0014263574,-0.0003178648
-0.0008229544,-0.0002133305,0.0004023282
-6.49891e-05,-0.0001461437,0.0004255208
-7.59741e-05,-0.001059884,-0.0001201169
-0.0009267016,-0.0018276458,0.0001569743
-0.0002041325,-0.0017830582,-0.000494251
-0.0002688219,-0.0006097325,-7.12903e-05
-0.0001809419,0.0001177172,0.0010151025
0.0004549678,-6.273e-06,-0.0003178648
0.0003713597,-0.0009218457,0.0007654763
-0.0001717877,-0.000970098,6.17623e-05
0.0010676869,-0.0011215737,0.0005213431
0.0002108566,6.51893e-05,0.0001978666
0.0008095393,0.0004518188,0.00126717
0.0011213913,-7.40706e-05,0.0001728429
0.0003121627,-0.0014281898,0.0003980558
0.000672837,-0.0007874721,-7.92246e-05
0.0009608882,-3.8298e-06,0.0009754308
0.0008174729,0.0006680381,0.0003724218
0.0011342072,-4.41419e-05,-1.2088e-05
0.0011988967,-0.0004387116,0.0007679176
0.0010225263,-0.0011258492,0.0005909211
0.000971263,-0.0005578154,-0.0002183805
0.0006569698,0.0002001737,0.000620217
0.0004671733,0.0010027504,-9.20416e-05
0.0007332545,-0.0003000625,0.0005597941
-0.000569689,-0.0002921222,-0.0002824655
0.0005056208,-0.0011203521,0.0006849123
-0.000455567,1.08291e-05,-0.0007328912
-0.0001949783,-0.0002334865,0.0013727576
-0.0004342073,-0.0004698618,0.0002051906
-0.0003048283,-0.0015008737,0.0002466932
-0.0013978362,-0.0007612082,5.68797e-05
-0.0005068304,-0.0014019258,0.0016748725
-0.0011793567,-0.0010763753,-0.0005851906
-0.0007301921,-0.0010727106,0.000728246
-0.0006783185,0.0003980693,8.73963e-05
-0.0003664664,-0.0002163844,0.000675147
-0.0010273975,2.8542e-05,-0.0003453298
0.0001168738,-0.0007477708,0.0010498915
-0.0009334147,0.000404788,-0.0007927039
-0.0001278477,0.0004976279,0.0008820499
-0.0005794534,0.0005532097,-0.0002452352
-0.0005013379,-0.0009371154,0.0004835024
-0.0009382969,-0.0004790237,-0.0009819071
-0.0007143249,-0.0004790237,0.0004633615
-0.0009541641,0.0007095717,-0.0009745831
-0.000183383,0.0001348193,1.04944e-05
-0.000973693,1.26615e-05,-0.0006346276
-0.0011256522,-0.0006970753,-0.0003856117
-0.0007192071,-0.0006237807,-0.0003624191
-0.0010926972,-0.0003660277,0.0001173026
-0.0015229432,-8.14e-05,-0.0001085206
-0.000716766,-0.0008076281,0.0003181022
-0.0013191104,-0.0009426125,-0.000593125
-0.0013081254,-0.0003134998,-0.0005150023
-0.0005770123,0.0007272846,-2.79566e-05
-0.0006746568,0.0004848014,0.0003571635
-0.0010579114,-0.0010666027,0.0004615305
-0.000668554,-0.0017006017,-0.0001127929
-0.0008839822,-0.0011722692,0.000110589
-0.0006740465,-8.4454e-05,0.0006720953
3.99787e-05,-0.0004429871,0.0007746313
-0.0004189503,-0.0014807176,0.0001758946
-0.000591659,-0.001384213,-0.0004417624
-4.30191e-05,-5.45253e-05,-0.0001701642
-2.65416e-05,0.0002068924,0.0012549634
0.0003152141,-0.0004313821,-0.0001732159
0.0004232333,-0.0010323985,3.30767e-05
-0.0003029975,-0.0003122783,0.0006666023
0.0005788542,-0.000206001,0.0003602152
0.0008431046,-6.00224e-05,2.33114e-05
0.0002364882,0.0005342753,0.0006324237
0.0010396141,0.0005483234,5.0166e-05
0.0006276764,-0.0003012841,0.0002454726
0.0002169594,-0.0006732546,0.0001765049
0.0008168626,-7.46813e-05,-0.0001060792
0.0004140791,0.0006063484,0.0011145868
0.0003323019,0.0003003431,0.00062571
0.0007796357,-0.00110325,0.0003705908
0.0005733617,-0.0012822112,0.0005701697
0.0005989934,-0.000394124,0.000647682
0.0006295073,0.0006759783,0.0002015286
0.0001840043,0.0004261656,0.0008545849
0.0003139936,-0.0006610388,0.0001935943
-0.0004836398,-0.0008174008,0.0002399796
-0.0004329867,-0.0006958538,0.0011573101
-0.0001669055,-0.0005217789,0.0004505445
-0.0002572267,-0.0007190637,0.0008643502
-0.0007619266,-0.0001516408,0.0005689491
5.27946e-05,-0.0008937494,0.0011969817
-0.0008498066,-0.0004936826,9.2737e-06
-8.87899e-05,-0.0011331787,0.0013996123
-0.000929753,-0.0003470932,-0.0006523273
-0.0007308024,-0.0001754615,0.0011640237
-0.0005928796,0.0002068924,0.0002125146
-0.0003628047,-0.0012528933,0.000741063
-0.0013606093,-0.0004344361,-0.0007414359
3.63171e-05,-0.0001644673,0.0015601299
-0.0002956742,0.0003766917,-1.45293e-05
-0.0003499889,8.71777e-05,-4.07736e-05
-8.75694e-05,0.0006723136,-0.0003276301
-0.0005294106,0.0002673605,0.0006775883
-0.0008699458,-0.0003104459,-0.000475941
-0.0007008988,-0.0007489924,-9.93656e-05
-0.0012214659,0.0001061122,-0.0003788981
-0.0009065624,0.0006546007,-4.13839e-05
-0.0006459737,-0.0003257156,0.0003272572
-0.0015522366,-0.0012473962,-0.0006370689
-0.0010121405,-0.0007306687,-0.0007981969
-0.001043875,0.0006704812,0.0002161766
-0.0011616586,0.0004066204,0.0007013913
-0.0011592175,-0.0011392866,-0.0003673018
-0.0013148384,-0.0019314799,1.9039e-05
-0.0020923326,-0.0005730852,-0.0002916205
-0.0007741321,9.45072e-05,0.0004627511
-0.0008760485,-0.0001149934,0.0004194175
-0.0013471832,-0.0011001961,0.0003791355
-0.0006899138,-0.0014385732,1.84287e-05
-0.0009364661,-0.0008870307,1.11047e-05
-0.0006850315,0.0002142218,0.0003144402
4.54712e-05,0.000604516,0.0006830813
-0.0004311559,-0.0006891351,0.0007343493
-0.0008876438,-0.0019974451,-7.98349e-05
-0.00024258,-0.0019241504,-9.20416e-05
-0.0009096138,-6.42979e-05,6.54243e-05
-9.24516e-05,0.0010583322,0.000598245
0.0004567986,0.0007462191,-0.0002275355
7.04926e-05,-0.0012620552,0.0002363176
-0.0004421409,-0.0009823138,-0.0011399833
0.0007601068,-0.0002310433,0.0007782933
3.81479e-05,0.0006717028,0.0007496076
0.0005275909,-0.0001272092,0.0002955199
0.0002663919,-0.0007532679,-0.0001152342
-0.0003737898,-0.0013536735,0.0010004545
8.57496e-05,-0.0007520463,-0.0006913886
2.65526e-05,0.0003284394,0.0004658028
-0.0003005564,0.0015903295,0.0005390427
9.49038e-05,0.0006148994,9.47203e-05
8.81907e-05,-0.0011246276,0.000731908
-0.0004305456,-0.0021977839,0.0007203116
-0.0001058777,-0.0013744403,0.000158195
-0.0004769267,4.62549e-05,0.0010846804
-0.0003225264,0.0002942352,0.0011689064
-0.0001705672,-0.0010183504,-5.96939e-05
-0.0011750848,-0.0011240169,-5.9846e-06
-0.0005623657,-0.000373968,0.0005366014
-0.000312762,0.0003156128,-0.0001939672
-0.0004683828,-0.0001974499,0.0004883851
-0.0007546032,7.00756e-05,-6.03043e-05
-0.0001193038,-0.0002328757,0.0004456618
-0.0009944425,-0.0001382034,-0.0001256099
-0.0001748391,-0.0007770887,0.0003217642
-0.000896798,0.0002227729,-0.0007933142
-0.0006960165,0.0003327149,0.0006702643
-0.0005825048,0.0008775387,-0.001155852
-0.0004458026,-0.0002279894,0.0002918579
-0.0015632216,3.03744e-05,-0.0005211057
-0.0001907064,-0.0008204547,0.0001679603
-0.0012318406,0.0003827996,-0.001089936
-0.0008833719,0.0004841906,0.0007435043
-0.0007863377,0.0005806952,-0.0007725629
-0.0008217338,-0.0004637539,0.0001868806
-0.0015314871,5.96922e-05,-0.0008293238
-0.0008681149,-0.0001736292,-1.88016e-05
-0.0011134467,0.0006240613,-0.0009422354
-0.0009663697,0.0005342753,-0.0002049532
-0.0011573867,0.0003217207,-0.0006462239
-0.0015607805,-0.0008900847,-0.0001347649
-0.0013978362,-0.0010403388,-0.0007780559
-0.0015534571,-0.0002823496,-0.0005589463
-0.0016358447,0.0005519882,0.0003980558
-0.0011390784,-0.0006708114,0.0003974455
-0.0013099562,-0.0021122735,-0.0003709638
-0.0019409837,-0.0019626301,-0.000446645
-0.0012324509,-0.000147976,-3.22289e-05
-0.000786948,0.0006374986,0.0002778202
-0.0014515407,-0.0001608026,0.0002607309
-0.0009871191,-0.0016651759,-0.0001750469
-0.0011543353,-0.0014251358,-0.0007450979
-0.0012257378,-0.0002395944,0.0003937835
-0.0007094427,0.0006778107,-0.0001408682
-0.0005403956,-0.0003214401,0.0002930785
-0.0013471832,-0.0009658225,-0.0003349541
-0.0006063057,-0.0014617832,-0.0001774882
-0.0013258234,-0.0006610388,-0.0003312921
-0.0011329756,0.0002496476,0.0001881013
-0.0004580081,0.0004835798,-0.0002177702
-0.0010341105,-9.3005e-05,6.17623e-05
-0.0011164981,-0.0005126171,-0.000468617
-0.0003091003,-0.0007593758,8.6786e-05
-0.0005068304,-0.0002365404,0.0002527966
-0.0006331579,0.0003449307,9.83823e-05
-0.0003548711,0.0004225009,-5.17596e-05
-0.0007143249,-0.0004020643,0.0003394639
-0.0006587896,-0.0007764779,-0.000512561
-0.0009114447,-0.0003470932,-7.00696e-05
-0.0008296674,0.0008268432,-0.0002220425
-0.0007094427,0.0005397724,9.2279e-05
-0.0005098817,-0.0003641953,0.0002460829
-0.0003048283,-0.0011368434,-0.0003276301
-0.000859571,-0.0003189969,-0.0001268306
-0.0004262737,0.0006185642,0.0006867433
-0.0002486828,-4.84174e-05,-8.77692e-05
-0.0011561661,-0.0004930718,-0.0007084779
-0.0013825793,-3.74232e-05,4.71143e-05
-0.0008424833,9.08425e-05,8.6786e-05
-0.0013734251,-0.000281128,-0.0003514331
-0.0007417874,-0.0004649755,-0.0001652815
-0.0013776971,-0.0003037272,-2.49049e-05
-0.001594956,0.0001678019,-0.0006791819
-0.000984678,-0.0005907981,-0.0001237789
-0.0012654059,-0.0010586624,-0.0001042482
-0.0019794312,-0.0006824164,-0.001093598
-0.0020441206,0.0002307132,-0.000466786
-0.0019184034,-0.0001357602,-9.81449e-05
-0.0017908553,-0.0004912394,-0.0016532734
-0.0020477823,-0.0004191663,-0.000505237
-0.0027331245,0.0003559249,8.98377e-05
-0.0011677614,-0.0004350469,-0.0008915778
-0.0019611228,-0.0006549309,-0.0008055209
-0.0022387993,2.2781e-06,5.32177e-05
-0.0019568509,0.0005330537,-0.0011515797
-0.0019342706,-0.0003196077,-0.0002092255
-0.0026556192,-0.0011710476,-0.000607773
-0.0021673968,-0.000860156,-0.0013542102
-0.0027837776,0.0005373292,-0.0006309656
-0.0022516152,0.0010448949,-0.0003813394
-0.0019898059,-0.0003727464,-0.0010179167
-0.0032854261,-0.0009450557,-0.0013188109
-0.0031352977,-0.0003538119,-0.0007505909
-0.0022912832,0.0005971866,-0.0009117188
-0.0024261547,-8.32324e-05,-0.0003135925
-0.003054741,-0.0006366072,-0.0010380577
-0.0029772357,-0.0008534373,-0.0010746777
-0.0031566574,-0.0007697592,-0.0005937353
-0.0029949338,-0.0005901873,-0.0014292812
-0.0021619043,0.0001311545,-0.0013712995
-0.0023834352,0.0010748235,-0.0005687116
-0.0026232745,0.0004096743,-0.0006370689
-0.0024054052,-0.0014306329,-0.0013664169
-0.0025829961,-0.0017225901,-0.0009501698
-0.0023724502,0.0001042798,-0.000627914
-0.0022833496,0.001429692,-0.0006529376
-0.002095384,-3.49801e-05,0.0002119043
-0.0022699235,-0.0015527907,-0.0015086245
-0.0026049661,-0.0013622246,-0.0015617234
-0.0027788954,0.0009783189,-0.0003441091
-0.001392954,0.0008616582,5.3828e-05
-0.0018164869,-0.000472305,-0.0014732252
-0.0022723646,-0.0014831608,-0.0006919989
-0.0020129965,-0.0003806866,-0.0013523792
-0.0018842278,0.0002233837,-0.0006413413
-0.0017054163,0.0004377706,-0.0007139709
-0.0007210379,-0.0005718636,-0.0011705
-0.0024987777,-0.0002102765,-0.0014378258
-0.0015534571,-0.0004460411,-0.0003727948
-0.0014783929,-0.0002621936,-0.0015989538
-0.0014271296,4.44225e-05,-0.000615097
-0.0015681038,0.0011884303,-0.0009123291
-0.0009572155,8.29022e-05,-0.0002281458
-0.0020349665,-0.0004112261,-0.001729565
-0.0012782217,-0.0009994159,-0.0003080995
-0.0017688853,0.0004805259,-0.0012004063
-0.0013477934,0.0007755369,-0.0004545794
-0.0012763909,0.0003773025,-0.0009678694
-0.0015577291,-0.0011643289,-0.0007621872
-0.0023071505,-0.0005785823,-0.002314264
-0.0024584994,0.0003113373,-0.0005192747
-0.0023883174,0.0006051268,-0.0008049105
-0.0020935532,-0.0009682657,-0.0009251461
-0.002797814,-0.0015943244,-0.0010435507
-0.002907664,-0.0010562193,-0.0006010593
-0.0030370429,-0.0002829604,-0.0009257565
-0.0031017324,-0.0001382034,-0.000463124
-0.0027819467,-0.0002548641,-0.0010020481
-0.0031999872,-0.0003452609,-0.0013212522
-0.0032317216,-0.0002548641,-0.0005687116
-0.002837482,-0.0001430897,-0.0013780132
-0.0030248374,0.000141538,-0.0012461813
-0.0033287558,0.0008469993,-0.0012229886
-0.0024945058,0.0001244359,-0.0007475392
-0.0034312825,-0.0003819082,-0.0018546833
-0.0035679848,-0.0008351137,-0.001141204
-0.0033952761,4.38117e-05,-0.0021134645
-0.0037114001,0.0006216181,-0.0015934608
-0.0033562183,0.0006381094,-0.001833932
-0.0033244839,-0.000182791,-0.0020042149
-0.0038523744,-0.000315943,-0.0019486746
-0.0033574389,-0.0005773607,-0.001214444
-0.0035954473,-5.45253e-05,-0.0022153901
-0.0039433058,0.0004670885,-0.0015312068
-0.0032543019,0.0005183948,-0.0014848215
-0.003583852,-0.0003018949,-0.0017545887
-0.0045706716,-2.45967e-05,-0.0026908395
-0.0040269139,0.0002472045,-0.00113388
-0.0042276953,0.0001781853,-0.0016032261
-0.0037321496,-0.0006225591,-0.0021390985
-0.0038542052,-0.0004686403,-0.001843087
-0.0036619676,-0.0007227285,-0.0004155181
-0.0037400832,-0.0013469548,-0.0017411613
-0.0039011966,-0.0017659561,-0.0015098451
-0.0041331022,-0.0008119037,-0.0011289973
-0.0029064435,3.34283e-05,-0.0014793285
-0.0032219572,0.0001085554,-0.0014201262
-0.002716647,-0.0005816362,-0.0012681533
-0.0028893557,-0.0006445475,-0.0022837474
-0.0040769567,0.0004310519,-0.0016343531
-0.002885694,0.0004243333,-0.0007945349
-0.0018183178,-0.000492461,-0.0018894723
-0.003087696,-0.0003562551,-0.0018528523
-0.0025799447,0.0004634238,-0.0011131287
-0.0020935532,-0.0001974499,-0.0013920509
-0.003190833,-0.000781975,-0.0015824748
-0.0025622467,-0.0006530985,-0.0014414878
-0.0023883174,2.36557e-05,-0.0014262295
-0.002554313,4.32009e-05,-0.0009520008
-0.0023297307,-0.0006317209,-0.0013279659
-0.0029046126,-0.000805185,-0.0013828959
-0.0034123639,0.0001317653,-0.0013108766
-0.0025921503,0.0007950822,-0.001088105
-0.0026006942,0.0003882967,-0.0008885261
-0.0026183922,-0.0001662997,-0.0014518635
-0.0022558871,-0.0002469238,-0.0013749615
-0.0030004263,0.0003626436,-0.0014482015
-0.0028228354,0.0001745206,-0.0009800761
-0.0025488205,-0.0002218815,-0.0013462759
-0.0031261435,-0.0008412215,-0.0006523273
-0.0030797624,-0.0008552697,-0.0013267452
-0.0025622467,-0.0008491618,-0.0012516743
-0.0033653725,-0.0004161124,-0.0011601243
-0.0028362615,0.0001378732,-0.0014359948
-0.0027361759,-0.0004442087,-0.0008415305
-0.0039103508,-0.0004875747,-0.0018278286
-0.0029125462,-0.0005022336,-0.0018516316
-0.0028582315,3.09851e-05,-0.0014897041
-0.0034825459,0.0002447613,-0.0012480123
-0.002870437,0.0002337671,-0.0021189575
-0.0034392161,-0.0008271734,-0.0011076357
-0.0043808751,-0.0008680963,-0.0018205046
-0.0035759184,-0.0007697592,-0.0016288601
-0.0044559393,-0.0005168926,-0.0009190428
-0.0043143548,-0.0006384396,-0.0016117707
-0.0036564751,-0.000894971,-0.0017613023
-0.0047415494,-0.0009328399,-0.00107895
-0.004242342,-0.0007746455,-0.0016154327
-0.003713231,-0.000249367,-0.0022819164
-0.0045773846,0.0003583681,-0.0014414878
-0.0037376421,4.1104e-06,-0.0021177368
-0.0040110466,-0.0002896791,-0.0023850627
-0.004624376,-0.0002218815,-0.0016319117
-0.0043436481,0.0001464243,-0.0026468955
-0.0047110355,0.000419447,-0.0024430443
-0.0050466884,0.0004402138,-0.0019657639
-0.0046628235,-0.000324494,-0.0024082553
-0.004771453,-0.0004533705,-0.0023185364
-0.0045487016,-0.0004985689,-0.0018351526
-0.0048935086,-0.0004576461,-0.0028019201
-0.0049380589,0.0002765223,-0.0024796643
-0.0043717209,0.0005122869,-0.002425955
-0.004635361,0.0004475432,-0.0030881663
-0.0042319673,-1.651e-07,-0.0022477377
-0.0039311002,-0.0001504192,-0.0025974585
-0.004558466,-0.0002518102,-0.002360039
-0.0048910675,0.0005764197,-0.0024595233
-0.0042875026,0.0001641372,-0.001833932
-0.0053408424,-6.91842e-05,-0.0027109805
-0.0047635194,-0.0001272092,-0.0024338893
-0.0045358857,-0.0001027776,-0.0018205046
-0.0049850503,0.0001342085,-0.0023038884
-0.0044193226,-2.39859e-05,-0.0026554402
-0.0042167103,-0.000362363,-0.001779002
-0.0044516673,-0.0002817388,-0.002403983
-0.0044565496,-0.0006066786,-0.0022489584
-0.0043033698,-0.0004533705,-0.0016630387
-0.0042240337,-0.0004246634,-0.0024991949
-0.0044303076,0.0001952874,-0.0026237029
-0.0041196761,0.0004884661,-0.0014842111
-0.0040745155,-0.0001064424,-0.0025883035
-0.0045096438,-0.0003806866,-0.0022947334
-0.0046439049,-3.00938e-05,-0.001736889
-0.0044321385,0.0004231117,-0.0020499898
-0.0044138301,0.0005532097,-0.0018333216
-0.0039365927,-0.0001443113,-0.0015659958
-0.004090993,-0.0003134998,-0.0027042668
-0.0041678881,0.0002343779,-0.0022190521
-0.0034495909,0.0005782521,-0.0016642594
-0.0032750514,0.0003406552,-0.0024503683
-0.0037150618,-0.000324494,-0.0020347315
-0.0039024171,-0.0007013509,-0.0015409721
-0.0042148795,-0.0006940214,-0.0026182099
-0.0040678025,-0.0001143826,-0.0018858103
-0.0040476633,0.0004225009,-0.0016734144
-0.0038950938,0.000726063,-0.0024833263
-0.0037669354,0.0003174452,-0.0020286282
-0.0037413038,-0.0002744094,-0.0017490957
-0.0038786163,-0.0002560857,-0.0024723403
-0.0041361536,0.0003168344,-0.0018992376
-0.0037950082,0.0001458135,-0.0013700789
-0.0036637984,-0.0001950068,-0.0026029515
-0.0039597833,-0.0006799732,-0.0018760449
-0.0041739909,-0.0001534731,-0.0021567981
-0.003757171,-0.0001113287,-0.0021415398
-0.0041190658,-0.0002628044,-0.0018253873
-0.0041898581,-0.0006384396,-0.0021146851
-0.0040195905,-0.0006060678,-0.0020554828
-0.0041935198,-0.0001901205,-0.0018131806
-0.0039317105,0.0002404858,-0.0023392877
-0.0039304899,0.0003321041,-0.0022166107
-0.0040287447,0.0001971198,-0.0014817698
-0.003838338,-0.0002255462,-0.0024393823
-0.0034087022,-0.0009438341,-0.0019736982
-0.0038584771,-0.0001962284,-0.0022684891
-0.0036418284,0.0005568745,-0.0018833689
-0.0038041624,0.0004719748,-0.0018766553
-0.0035539484,-0.0010079669,-0.0016068881
-0.0041776525,-0.0011111903,-0.0029514517
-0.0039390338,-0.0002652475,-0.0016905037
-0.003588124,0.0004451001,-0.0016490011
-0.003408092,5.1752e-05,-0.0022788647
-0.0041038089,-0.0005529291,-0.0019608812
-0.0040226419,-0.0012241862,-0.0016160431
-0.0040970958,-0.0005956844,-0.0026627642
-0.0039695477,0.0002013953,-0.0016148224
-0.003838338,0.0001940658,-0.0013578722
-0.0039561216,-0.000359309,-0.0026572712
-0.0044852326,-0.0003867945,-0.0022172211
-0.0039286591,-0.0009664333,-0.0012565569
-0.0039939588,-0.0009444449,-0.0026938912
-0.0039695477,-0.0003525903,-0.001821115
-0.0039988411,-0.0001620242,-0.0016007848
-0.0039176741,-0.0005193357,-0.0026877878
-0.0044522776,-0.00041428,-0.0024180206
-0.0041605647,-0.0005681989,-0.0013334589
-0.004400404,-0.0001088855,-0.0032102329
-0.0042917745,5.78599e-05,-0.001779002
-0.0042496653,-0.0002640259,-0.0016435081
-0.0043277809,-0.0009633793,-0.003006992
-0.004694558,-7.10166e-05,-0.0028647844
-0.0040104364,0.0005831384,-0.0012614396
-0.0042191514,0.0002667497,-0.0032199982
-0.0042990978,-0.0002963978,-0.0026945015
-0.0041593442,-0.0002078334,-0.0020292385
-0.0045755538,-0.0002951762,-0.0031412652
-0.0046420741,7.06864e-05,-0.0028061924
-0.0042026739,-0.0002414267,-0.0013255246
-0.0048318705,-0.0004112261,-0.0028922494
-0.004775725,-0.0002548641,-0.0027555348
-0.004591421,-0.0001797371,-0.0015269345
-0.0048337014,5.29736e-05,-0.003010654
-0.0045535838,0.0004353275,-0.0026682572
-0.0045541941,0.0005446587,-0.001689283
-0.0046664852,0.000216665,-0.0030368983
-0.0043363248,-0.0002395944,-0.0027097598
-0.0047171383,-0.0002383728,-0.0019389092
-0.0044498365,0.000173299,-0.0031046453
-0.0044510571,0.0003211099,-0.0027500418
-0.0045993546,-2.6429e-05,-0.0017484853
-0.0046341405,-0.0001156042,-0.0036295316
-0.004580436,-6.36871e-05,-0.0022806957
-0.0046036266,0.0001568077,-0.0020542622
-0.0042502756,-2.09319e-05,-0.0034256804
-0.0048513994,0.0001568077,-0.0028208404
-0.0045450399,0.000471364,-0.0019608812
-0.0043949115,3.46499e-05,-0.0033713608
-0.0048727592,8.53454e-05,-0.0026694778
-0.0043241192,0.0002685821,-0.0022721511
-0.0042197617,0.0005489342,-0.0034433801
-0.0045328343,0.0004292196,-0.0024961433
-0.0040616997,0.0001641372,-0.0024290066
-0.0042606503,-3.19261e-05,-0.0031845989
-0.0046555002,0.0002569771,-0.0026285855
-0.0040482736,0.0001390948,-0.0019444022
-0.0042154898,2.60988e-05,-0.0028721084
-0.0047256822,-0.0002469238,-0.0022898507
-0.0046054574,0.000193455,-0.0023081607
-0.0042276953,0.0001372624,-0.0023185364
-0.0046207144,0.0001012259,-0.002413138
-0.0042453934,0.0001201603,-0.002303278
-0.0041709395,0.0003559249,-0.0026627642
-0.0039286591,0.0004231117,-0.002394828
-0.0040440016,-8.01784e-05,-0.0023423393
-0.0039890766,-0.0003293804,-0.0026224822
-0.0041154042,-0.0002573073,-0.0022782544
-0.0042563784,-0.0004100045,-0.0022532307
-0.0040324064,-0.0002475346,-0.0025986792
-0.0038920424,-0.0003336559,-0.0020206939
-0.004051325,-5.6622e-06,-0.0023740767
-0.0039286591,-0.0001198797,-0.002460744
-0.0041123528,0.0001653587,-0.0025413079
-0.0039524599,-1.05485e-05,-0.0020811168
-0.0038218605,-0.0001864557,-0.002451589
-0.0036723423,-0.0005584262,-0.0020292385
-0.0038627491,-0.0006915782,-0.0023649217
-0.0040214214,-0.0004008427,-0.0024045933
-0.0037718177,-0.0001430897,-0.0019169372
-0.003599109,-0.0004167232,-0.0023771283
-0.0037779204,-0.0005553723,-0.0026700882
-0.0039268283,-0.0002279894,-0.0023331844
-0.0033916145,-0.0002188276,-0.001758861
-0.003741914,-0.0006732546,-0.0026224822
-0.0039982308,-0.0006311101,-0.0021580188
-0.003544184,-0.0001907313,-0.0019865152
-0.0036381668,-0.0006268346,-0.0020866098
-0.0039433058,-0.0006665359,-0.002358208
-0.0033360792,-0.0005407134,-0.0020249662
-0.0035258756,-0.000260972,-0.0022556721
-0.0037077385,2.06017e-05,-0.0026468955
-0.0031108866,-0.0001925636,-0.0019334162
-0.0032097516,-0.0005034552,-0.0023569873
-0.0033775781,-0.000695243,-0.0027115908
-0.0034343339,-0.0001259876,-0.0021226195
-0.0030718288,7.12972e-05,-0.0020048252
-0.002955876,-0.0005681989,-0.0024833263
-0.0034709506,-0.0005681989,-0.0021061405
-0.0029662507,-0.0001650781,-0.0019828532
-0.002944891,-0.0003544227,-0.0025126223
-0.0032854261,8.16806e-05,-0.002341729
-0.0026019147,0.0001238251,-0.0016020054
-0.0028020859,-0.0003525903,-0.0019840739
-0.0031664219,-0.000614008,-0.0024961433
-0.0024798591,-0.0003489256,-0.0019010686
-0.0027270217,-0.0002005039,-0.0016148224
-0.0025799447,-0.0005144494,-0.0019968909
-0.0025903194,-0.0002780741,-0.0024088656
-0.0029485526,-0.0001204905,-0.001205289
-0.0026336492,-0.0004478734,-0.0020548725
-0.0028002551,-0.0007080695,-0.002460744
-0.0032842055,0.0003076726,-0.0018858103
-0.002367568,0.0004090635,-0.0014158539
-0.0025750625,-0.0004191663,-0.002402152
-0.0027624178,-0.0004539813,-0.0020689102
-0.0021600735,6.94649e-05,-0.0015183898
-0.0022857907,-0.0001443113,-0.0015159485
-0.0023095916,-0.0003336559,-0.0021848734
-0.001878125,-0.0004045074,-0.0015550098
-0.0024035744,-0.0001229337,-0.0013114869
-0.0022510049,-9.36158e-05,-0.0017545887
-0.0020020115,-9.23942e-05,-0.0014591875
-0.0023132532,4.50333e-05,-0.0012065096
-0.0021490885,0.0002569771,-0.001837594
-0.0019129109,8.47346e-05,-0.0008647232
-0.0023120327,0.0004377706,-0.0018882516
-0.0016132644,0.0001806285,-0.0012504536
-0.0022229321,0.000503125,-0.0015342585
-0.002029474,0.0005458803,-0.0016319117
-0.0021252876,0.000263085,-0.001762523
-0.0020770756,-0.0001937852,-0.0010289027
-0.0022717543,6.5536e-06,-0.0024906503
-0.0024017435,0.0002649173,-0.001108246
-0.0023004374,0.0004634238,-0.0010362267
-0.0018744634,-0.0003849622,-0.0018144013
-0.0027740131,-0.0001968391,-0.0019541676
-0.0023687885,0.0003742486,-0.0009953344
-0.001796958,0.0003186668,-0.0012028476
-0.0022296452,0.0001360409,-0.001729565
-0.0021411548,0.0001293222,-0.0012577776
-0.0018018403,0.0006271152,-0.0013114869
-0.001882397,9.08425e-05,-0.0007341119
-0.0019586817,-0.0002951762,-0.0015775921
-0.001610213,3.77038e-05,-0.0014579668
-0.0018537139,0.0006649841,-0.0010282924
-0.0018750736,0.0005086221,-0.0008653335
-0.0016163158,-0.0001259876,-0.001833932
-0.0019238959,-0.0003293804,-0.0014939765
-0.0021350521,0.000271636,-0.0013676375
-0.0018433392,0.0002557555,-0.0014713942
-0.00186714,-0.0001088855,-0.001172331
-0.0020935532,-0.0002591396,-0.0019376886
-0.0017395919,0.0002490368,-0.001795481
-0.0020435104,0.0003424875,-0.0011332697
-0.0016248597,-0.0001498084,-0.0012913459
-0.0013319262,-0.000382519,-0.0020817272
-0.0020215404,0.0002215513,-0.0011534107
-0.0017456947,0.0004084528,-0.0011735517
-0.0012751704,-0.0001614134,-0.0012266506
-0.0017115191,-0.0008790905,-0.0008567888
-0.0017701058,-6.8838e-06,-0.0018815379
-0.0012550312,0.0002789655,-0.0008897468
-0.001680395,0.000263085,-0.0007524219
-0.000977965,-0.0002316541,-0.0014195159
-0.0013667121,0.0002056708,-0.0019297542
-0.0017853628,0.0003882967,-0.0007267879
-0.0009773547,0.000103669,-0.0015110658
-0.0009505025,-0.0007331119,-0.0014359948
-0.0018762942,-0.0001687429,-0.0017136964
-0.0010566908,0.0002771331,-0.0014121919
-0.0011921726,-0.0001406466,-0.00109726
-0.0015119582,-0.0009872001,-0.0015019108
-0.0010127508,-0.0006671467,-0.0020200835
-0.0014344529,-5.51361e-05,-0.0009574938
-0.0012812731,-0.0003904593,-0.0010331751
-0.0006227832,-0.0009395586,-0.0019181579
-0.0013355879,-0.0001070532,-0.0011424247
-0.0009840678,0.0003156128,-0.0006456136
-0.0005733507,-0.0003324343,-0.0013828959
-0.0010603525,-0.0007318903,-0.0014231778
-0.0006166804,-0.0002121089,-0.0008921881
-0.000723479,0.0006057376,-0.0013944922
-0.0008327188,0.0001128309,-0.0006968816
-0.0005794534,-0.0006634819,-0.0013529896
-0.0006679437,-0.0005168926,-0.0014982488
-0.0010048172,-0.0002689123,-0.0008366478
-0.00039637,-0.000495515,-0.0006968816
-0.0006343785,-0.0010549977,-0.0015605028
-0.000870556,-0.0004136692,-0.0012461813
-0.0005336826,6.82433e-05,-0.0006346276
-0.0004415306,-0.0005284976,-0.0011735517
-0.000617901,-0.0008980249,-0.0015373101
-0.0007143249,-9.6059e-05,-0.0015672164
-0.0004531259,0.0005733658,-0.0008140655
-0.0003182545,0.000141538,-0.0013017216
-0.0004152887,-0.0004448195,-0.0014652908
-0.0004610595,-0.0001895097,-0.0009501698
-0.0003152031,-0.0001791263,-0.0009220945
-0.0005873871,-0.0002994517,-0.0012870736
-0.0001638541,-0.0001901205,-0.0008726575
-0.0001467663,-8.62863e-05,-0.0008445822
-0.0006917446,-1.97103e-05,-0.0013426139
-6.62096e-05,-0.0004527597,-0.0007817179
-6.98713e-05,-0.000452149,-0.001185148
-0.000444582,0.0002575879,-0.0012510639
0.0002242827,0.0002673605,-0.0005961766
2.77732e-05,-0.0004002319,-0.0008366478
-0.0002852994,-0.0003238833,-0.0014958075
0.0002572377,6.15246e-05,-0.0005369743
-0.0001034366,8.10698e-05,-0.0006230313
0.0001455568,0.0001305438,-0.0013603136
0.0002450321,1.0565e-06,-0.0008097932
-0.0002114558,8.53454e-05,-0.0006578203
0.0003420663,-0.0001174366,-0.001099091
0.000323758,-0.0003556443,-0.0006138763
-0.0003267983,-4.47527e-05,-0.0009275875
0.00039394,0.0004499864,-0.0011405937
0.0002779872,-0.0001168258,-2.79566e-05
2.9604e-05,-0.0004857423,-0.0012132233
0.0004641219,-0.0004668079,-0.0010710157
-0.0002444108,0.000552599,-0.0002891791
0.00059167,8.90101e-05,-0.0003264094
0.0006093681,-0.0003672493,-0.0014408775
-7.04816e-05,-3.219e-06,-9.63139e-05
0.0005385759,0.0003095049,-0.000475941
0.0004775481,-0.0001131611,-0.0006779613
0.0001840043,-0.0001455329,-0.0004313867
0.0009267127,-8.1053e-06,-0.000558336
0.0002682227,0.0003632544,-0.0006443929
0.0005440684,1.08291e-05,-0.0001439199
0.001261145,-0.0004875747,-0.00054735
0.0003042291,-9.6059e-05,-0.0009355218
0.0007186079,0.0006405526,7.29e-07
0.0012349031,0.0002759115,-0.0001903052
0.0005019592,-0.0003189969,-0.0008030795
0.0007973337,3.46499e-05,-0.0008592302
0.0010225263,0.0004939632,8.80067e-05
0.0005013489,0.0003455415,-0.0004081941
0.0012806739,-0.0002829604,-0.0007866005
0.0008034365,3.83146e-05,-0.0006285243
0.0005935009,0.0006918588,-0.0003349541
0.0014033398,0.0004292196,-0.0002684278
0.0010054385,-0.0005572047,-0.0002696485
0.0007289826,-0.0001931744,-0.0009434561
0.0012904384,0.0004768611,-8.28866e-05
0.0008803315,0.0004029556,0.0002741582
0.0014259201,-0.0004356576,-0.0003294611
0.0014277509,-0.000162635,-0.0006199796
0.0006520876,0.0005245027,0.0002881959
0.0014338537,0.0005190056,-0.0003154235
0.0017182432,-0.0002921222,-0.0002250942
0.0008107598,0.0001940658,-0.0002269252
0.0014576545,0.0007651535,-0.0003990391
0.0015601812,0.0002753007,7.58e-05
0.0010951494,-6.30764e-05,-0.0002446248
0.0018433502,-0.0002017255,-0.0002757518
0.0012220872,0.0003333257,4.04007e-05
0.0012788431,0.0001543645,0.0001093683
0.0020197206,-0.0002573073,-0.0004051424
0.0013954062,-0.0004093937,0.0003950042
0.0014216481,0.000236821,-0.0002488972
0.00190865,0.0002569771,-4.93183e-05
0.0014594854,0.00022827,8.8617e-05
0.0019367228,0.0001305438,-0.0003215268
0.0019019369,0.0005690903,-1.102e-06
0.0014912198,0.0005196163,0.0001282886
0.0021338426,6.3357e-05,-0.0003032168
0.0019477078,5.72491e-05,-0.0002379112
0.0017481469,0.0004347167,0.0005829867
0.0021954806,0.0003040078,0.0002466932
0.001937333,-0.000116215,-9.44829e-05
0.0019788319,-1.54348e-05,-1.88016e-05
0.0020758661,0.0001647479,0.0004084315
0.001985545,0.0002905705,0.0002741582
0.0021289603,1.32723e-05,-0.0002073945
0.0019110911,0.0002380426,8.6786e-05
0.0021332323,0.0007004099,0.000150871
0.0022418618,0.0002258268,0.0003571635
0.002029485,0.000138484,-3.46703e-05
0.0023614762,0.0003076726,0.0001081476
0.0021252987,0.0004389922,0.0004102625
0.0020764764,0.0006845294,0.0002796512
0.0027483925,0.0001977305,0.0004902161
0.0021777826,-7.759e-07,0.0004127038
0.0021881573,0.0003901291,0.0001136406
0.002628778,0.0006026837,0.0004438308
0.0022101273,0.0004817474,0.0008948669
0.0024475254,0.0002704144,-2.3226e-06
0.0027020114,9.45072e-05,0.000671485
0.0018640997,0.000106723,0.0008643502
0.0026238958,0.000329661,0.0002149559
0.0027789064,0.0002814086,0.0007862276
0.0019287891,0.0007010207,0.0006940673
0.0027874503,0.000647882,0.0001673499
0.0024060265,0.0001958982,0.0007233633
0.0020185,0.0002875165,0.0003345812
0.0029131676,0.0007474406,2.39217e-05
0.0022162301,0.0006576547,0.0011451034
0.0021680181,0.0004683101,0.0002155663
0.0029357478,0.0002246053,-8.41072e-05
0.0020673222,0.0002527016,0.001223226
0.002117365,0.0005990189,4.77247e-05
0.0028832639,0.0003797457,0.0004169761
0.0018659305,0.0004957956,0.0007001707
0.0023633071,0.0003534817,-3.16186e-05
0.0024328788,0.0006014621,0.0002552379
0.0023138746,0.0003241639,0.0009742102
0.0027441206,0.0002472045,-0.0003074891
0.0025537138,0.0009099105,0.0003284779
0.002400534,0.000928845,0.0009461349
0.0028753303,3.52607e-05,0.0003254262
0.0023919901,-0.000249367,0.0001465986
0.0023639174,0.0003992909,0.0003406845
0.0025250307,0.0008311187,0.0006074
0.0026556302,0.0007950822,0.0006214377
0.0027459514,-0.0001180474,0.0005781041
0.0021552023,0.0004041772,0.0001264576
0.0027892811,0.0003400444,0.0011597514
0.0026776002,0.0003076726,0.0002875855
0.0025543241,0.0002325455,0.000596414
0.0027752447,0.00058436,0.0006818607
0.0025769044,0.0003284394,0.0006080104
0.0022131787,5.78599e-05,0.0002607309
0.0030065401,-0.0001320955,0.0008594676
0.0026251163,0.0002606418,0.0004572581
0.002360866,0.0005642039,0.0005121881
0.0031884029,0.000193455,0.0008478712
0.0025714119,-0.0003330451,0.000645851
0.0025347952,-1.9975e-06,0.0005951934
0.0032091524,0.0001458135,0.0012116297
0.0024664441,0.0002545339,0.0007966033
0.0030138634,0.000248426,0.0005396531
0.0034020002,0.0001720774,0.001206747
0.0025347952,0.0001781853,0.0009742102
0.0031084565,0.0004041772,0.0004322345
0.0034923214,-1.29917e-05,0.0013324756
0.0023749024,0.0003308825,0.0003901215
0.0035094092,0.0005000711,0.0008045376
0.0031365293,0.0002581987,0.0015790502
0.0026428144,-0.0005798039,0.0007020017
0.0034502122,-0.000226157,0.0003315295
0.0030278998,0.0002013953,0.0019751563
0.0028210156,0.0002985107,0.0006629403
0.0036125461,1.63262e-05,0.0003760838
0.0030242382,1.81586e-05,0.0017389574
0.0030846557,0.0001904011,8.3124e-05
0.0034611972,0.0001226035,0.0008448196
0.0030138634,0.0002704144,0.0016730415
0.0036528245,-3.43693e-05,0.0005469771
0.0030578034,0.0004261656,0.0004340655
0.0033305977,0.0003107265,0.0022998534
0.0034935419,-0.0003214401,0.0002851442
0.0031163901,-0.0002872359,0.000759373
0.0032219682,0.0002551447,0.0016687691
0.0032421074,0.0002978999,0.0003925628
0.0030999126,0.0002123895,0.0006794193
0.0033830816,-0.0002298218,0.0016565625
0.0031108976,-5.63577e-05,0.0003535015
0.0031127285,-0.0002096657,0.0008551952
0.0031646021,-9.66698e-05,0.0013990019
0.0034325141,0.0001134417,0.0006446304
0.0032836063,-4.90282e-05,0.0011249624
0.0030718398,3.46499e-05,0.0009656655
0.0031310368,0.0001091661,0.0001704016
0.0033568397,0.0004035664,0.0009858065
0.0033104585,0.0003467631,0.0010724738
0.003298253,0.0003803565,0.0002137353
0.0033305977,0.0004994603,0.0008472609
0.0033214435,1.32723e-05,0.0013117243
0.00344533,6.88541e-05,0.0005097468
0.0034825569,0.00051473,0.0008350543
0.0031432424,0.0004866337,0.001314776
0.0033177819,0.0003583681,0.0005683387
0.0036631992,0.0001488674,0.0007679176
0.0029717542,7.7752e-06,0.0011060421
0.0030242382,0.0006387202,0.0005634561
0.0040464538,0.000552599,0.0011798924
0.0028844845,6.09138e-05,0.0008320026
0.0032054907,0.0002728576,0.000592752
0.004022653,0.0005128977,0.0012201744
0.0028423753,0.0002130003,0.0010639291
0.0032976427,0.0006527684,5.5659e-05
0.0039628457,0.0008427237,0.0013416306
0.0025494419,0.0007572133,0.0008393266
0.0035863042,0.0002355995,0.000128899
0.0036369573,0.0001061122,0.0011048214
0.0025592063,0.0003956262,0.0008802189
0.0035832528,0.0006649841,0.0003113885
0.0034764542,0.0003327149,0.0017902254
0.0027941633,4.7212e-06,0.0006965087
0.0038310257,-0.000226157,0.0004261311
0.0027898914,0.0005098437,0.0014856692
0.003184131,0.0010161878,0.0007386216
0.0038798479,0.0002807978,0.0004273518
0.0027221505,0.0003278286,0.0011200798
0.003261026,0.0006466605,0.0004883851
0.0035087989,0.0003669191,0.0007526593
0.0029510048,0.0003791349,0.0009296559
0.0037016467,0.0005238919,0.0005414841
0.0032250196,0.0005935218,0.0011249624
0.0029699234,6.82433e-05,0.0009790928
0.0034947625,-1.42132e-05,0.0001002133
0.0032213579,0.0003779133,0.0010920044
0.0030474287,0.0005666471,0.000653175
0.0034605869,0.0005269458,0.0004798404
0.0030181354,2.60988e-05,0.0009693275
0.0031176107,-0.0003012841,0.0003632668
0.0032195271,0.0003168344,0.0004224691
0.0029436815,0.0005153408,0.0015296132
0.0032860474,0.0003052294,0.0003724218
0.0032585849,-3.43693e-05,0.0002625619
0.0027721933,0.0003418767,0.0012757147
0.003272011,0.0004157822,0.0004194175
0.0030455979,6.70217e-05,0.0001966459
0.0028368828,0.0003559249,0.0011090938
0.0033525677,0.0005196163,0.0002350969
0.0026238958,-7.46813e-05,0.0005744421
0.0027843989,-7.89569e-05,0.0010346331
0.0037822034,-0.0003367098,0.0006922363
0.002393821,-0.0001876773,0.0003748632
0.0028924181,0.0003101157,0.00121224
0.0036924926,0.000106723,0.0005835971
0.0024652235,-8.87295e-05,0.0003791355
0.0029265937,0.0001659695,0.0002674446
0.0034239702,0.0004200577,0.0007343493
0.0023504912,0.0004915201,0.0003571635
0.0033409724,-2.82614e-05,0.0003608255
0.0032518718,5.41951e-05,0.0004609201
0.0025659194,0.0002038384,0.0008246786
0.0032317327,-0.0002469238,0.0006025174
0.003206101,-0.0006292778,0.0006135034
0.0027258122,-0.0001516408,0.0003486188
0.0030779426,0.0003864643,0.0008063686
0.0028979106,0.0001580293,0.0009229422
0.0031334779,-0.0005266652,0.0002582896
0.0031090668,-0.0003238833,0.0005024228
0.0026873647,0.0002814086,0.0009809238
0.0029979962,0.0004909093,0.0004981504
0.003282996,5.48059e-05,0.0007782933
0.0028435959,-0.000124766,0.000684302
0.0028734995,0.0001519214,7.33587e-05
0.0029082853,-0.0001375926,0.0012000334
0.0028741098,-0.0001033884,0.0004432205
0.0030785529,-0.0001455329,-0.0001768779
0.0026245061,0.0003119481,0.0010999388
0.0029937243,-1.97103e-05,0.0009662758
0.0031920646,-0.0008656531,-7.12903e-05
0.0024170115,-0.0004008427,0.0007654763
0.0033171716,0.0006497144,0.0009388109
0.0032006085,0.0003748594,0.0003211539
0.0025164869,0.0002698036,0.000752049
0.0036278031,-0.0001931744,0.0006873537
0.0029424609,2.97636e-05,8.19033e-05
0.0022851915,0.0008140166,0.0005604044
0.0039036488,0.0006717028,0.0009888582
0.003113949,0.0001910119,0.0001942046
0.0024359302,0.0002130003,0.0003028439
0.0035033064,0.0002056708,0.0010675911
0.002846037,-0.0002890683,0.0006775883
0.0026672255,7.74051e-05,-8.34969e-05
0.003463028,0.0005721442,0.0010981078
0.0024963477,0.0005330537,0.0007325183
0.0030608548,-0.000214552,0.0001972563
0.0032555335,-0.0004967365,0.0004938781
0.0023132643,0.0005855816,0.0005958037
0.0031761974,0.0010601646,0.0004877748
0.0030346129,0.0001952874,0.0011176384
0.0024060265,-5.51361e-05,3.24664e-05
0.0031945057,0.0003479846,0.0001148613
0.0025543241,0.0008341727,0.0009784825
0.0026361013,0.0008182922,0.0003809665
0.0035393128,5.54167e-05,0.0003296985
0.0023443885,0.0001781853,0.0003229849
0.0022607804,0.0008280648,0.0001008237
0.0034660794,0.0006069592,0.0009876375
0.0026580714,-0.0003782435,0.00073557
0.0024975682,0.0001684127,-0.0006889473
0.0030248484,0.0009178508,0.0010089992
0.002569581,0.0008531071,0.0009565105
0.0028612939,-8.1053e-06,-0.0003587571
0.0029162189,0.0004432677,0.0004407791
0.0025158766,0.0008641013,0.0008435989
0.0024768188,0.0009233479,-0.0004637344
0.0030730604,0.0003864643,0.0011298451
0.0026391527,7.86267e-05,0.0003412949
0.0023022793,0.000662541,-0.0004423727
0.002694688,0.0007743154,0.0014447769
0.0027569364,1.6937e-05,0.000647682
0.0023535426,0.0001085554,-0.0006529376
0.002683703,0.0010674941,0.0011859957
0.0024182321,0.0009062458,0.0009449142
0.0024420329,9.93935e-05,-0.000616928
0.0027453411,-0.0001815694,0.0009656655
0.0020874614,0.0006662057,0.0006775883
0.0024463049,0.0010235173,-0.0001268306
0.0028442061,5.54167e-05,0.0014972656
0.0022870223,-0.0001430897,0.0003480085
0.0025726324,0.0002423181,-0.0002336388
0.002459731,0.000807298,0.0014447769
0.0022809195,0.0007474406,0.0004401688
0.0029626001,0.0005361077,-0.000626083
0.0022125684,0.0004041772,0.001307452
0.0021295706,0.0008860897,7.2138e-05
0.0029235423,0.0001073338,6.1152e-05
0.0020899025,-6.273e-06,0.0010163232
0.0022595598,0.0006136779,-0.0002019015
0.0026861441,0.0006014621,0.0003858492
0.0019623544,-0.0001156042,0.0014307393
0.0023687996,-0.0003782435,-0.0007225156
0.0024615618,0.0002710252,9.411e-05
0.0017664552,0.0007572133,0.0015094722
0.0024383713,0.0006387202,-0.000594956
0.0025042813,-0.0001962284,0.0004725164
0.0016242604,-0.000281128,0.0007642556
0.0023944313,9.45072e-05,-1.51396e-05
0.0022626112,0.0004432677,0.000728246
0.0018402988,6.94649e-05,0.0011274038
0.0024920757,7.1644e-06,-0.0002617142
0.0021637462,5.90814e-05,0.0009845858
0.0016572154,0.000129933,0.0006647713
0.0025067224,1.81586e-05,-4.38253e-05
0.0022772579,0.0002502584,0.0008832706
0.0017115302,0.0002038384,0.0005024228
0.0023846668,0.0002978999,-0.0001347649
0.0021973115,4.07578e-05,0.0009735998
0.0017737785,-0.0001614134,0.0003718115
0.002389549,4.44225e-05,-0.0001597885
0.0018964444,0.0004218901,0.0007416733
0.0019049883,0.0003107265,0.0004603098
0.0021716798,-0.0001950068,-0.0002958928
0.0021320117,-0.0002548641,0.0009497969
0.0017054274,0.0003345473,-0.0001750469
0.0021930395,0.0002490368,0.0003846285
0.0019904272,-1.9975e-06,0.0008063686
0.002029485,-0.0001217121,-0.0001408682
0.0019104808,0.0002771331,0.0002259419
0.0020099561,0.0002930136,0.001265339
0.0018579969,5.35843e-05,-0.0003087098
0.0019171939,-8.7161e-06,0.0002015286
0.0017878149,0.0002136111,0.0010175438
0.001783543,0.0004835798,-0.0001854225
0.0017426544,0.0002404858,0.0002064113
0.0018561661,-0.0003489256,0.0009912995
0.0016370763,9.26748e-05,-0.0003129821
0.0016816266,0.0001995629,0.0005024228
0.0015760485,-1.42132e-05,0.0006427994
0.0019281789,-0.0004350469,-0.0001567369
0.0015369907,0.0001952874,-1.26983e-05
0.0015534682,0.0002655281,0.0007728003
0.0017780505,0.0002319347,-0.0003673018
0.0018189391,-2.58182e-05,0.0001984769
0.001566284,0.0002331563,8.55653e-05
0.0018061233,0.0005464911,-5.48113e-05
0.0016309735,0.0008641013,0.0002094629
0.001970288,-0.0001467545,0.0006849123
0.0014765731,-5.94116e-05,-0.0008213895
0.0016218193,0.000807298,0.0005726111
0.0018250419,0.0007101825,0.0008069789
0.0016566052,-0.0003837406,-0.0002269252
0.0015418729,-1.4824e-05,-0.0003203061
0.0017048171,0.0007425543,0.0008759466
0.0012336825,0.0006539899,1.7208e-05
0.0018659305,-8.20108e-05,8.00723e-05
0.0016529435,-0.0001864557,8.55653e-05
0.0009303743,0.0007798125,-0.0003630294
0.001496102,0.001015577,0.0004035488
0.0018341961,0.0001134417,0.0003846285
0.0010267983,-0.0002359296,-0.0008482442
0.0010335113,0.0006631518,-0.0001988499
0.0015052562,0.0009966426,0.0007831759
0.001179978,1.63262e-05,-0.0007286189
0.0013941856,-0.000295787,-0.0005192747
0.0012818945,0.0006069592,0.0003925628
0.0008894857,0.0008616582,-0.0002794138
0.0014277509,-2.15427e-05,-0.0001030276
0.0016749135,-0.0002200491,5.6117e-06
0.0009517341,0.0005214487,-0.0003819498
0.0010798924,0.0011591124,-0.0001195066
0.0017383824,0.0003437091,0.0006763677
0.0012318517,-0.000324494,-0.0008970708
0.0011244427,0.0002643065,-0.0004496967
0.0011232222,0.0014675609,0.0004963194
0.0015784896,0.0005819168,0.0001850496
0.0013105775,-0.000292733,-0.0009336908
0.0012556525,0.0003821888,6.78657e-05
0.0009682116,0.001093758,2.087e-05
0.0012910486,0.0006863617,2.57527e-05
0.0012666375,-0.0001180474,-0.0002592728
0.0011409202,-0.0002206599,-0.0004747204
0.0006777192,0.0006802539,-0.0002482868
0.0011641108,0.0005825276,0.0006098414
0.0013673334,-0.0003641953,-0.0004472554
0.0008254065,-0.0003000625,-0.0006627029
0.0009126763,0.0010241281,0.0003467879
0.0011561772,0.0007095717,0.0003852388
0.0008980296,-0.0002163844,-0.0008299342
0.0011677725,9.45072e-05,-0.0002476765
0.0010670766,0.0010265712,-0.0001103516
0.000584957,0.0010106907,-5.60319e-05
0.0014552134,5.90814e-05,0.0001038753
0.0012538217,-0.0006659251,-0.0003050478
0.0003335225,0.000286295,-0.0005540637
0.0011177297,0.0009874807,0.0007197013
0.001401509,-1.29917e-05,0.0003718115
0.0006008242,-0.0005016229,-0.0009544421
0.001239175,-1.11593e-05,0.0002479139
0.0008693465,0.0007382788,0.0004053798
0.0007546143,0.0001006151,-0.0003764568
0.0015235646,-1.72672e-05,-0.0001842019
0.001037173,0.0002105571,0.0004877748
0.0005330834,0.0006582655,-0.0006370689
0.0013746567,-0.0002774633,0.0004743474
0.0010103208,-0.0002878467,1.04944e-05
0.0008925371,0.0003143912,-0.0005522327
0.0010524299,0.000972211,0.0001874909
0.0008412737,0.0004249441,0.0005549114
0.0012153742,-0.000428939,-0.0007316706
0.0009474621,-0.0004155016,1.5377e-05
0.0005318628,0.0004866337,0.0002350969
0.0009724835,0.0007816448,-0.0005156127
0.0010853849,-1.60456e-05,0.0005103571
0.0007521732,-0.0005883549,-0.0001146239
0.0009383079,-0.0002255462,-0.000485096
0.0005648178,0.0002911813,0.0004596995
0.000890096,0.0001164956,5.749e-05
0.00125016,0.0001091661,-0.0005265987
0.0007228798,0.0003229423,0.0005500287
0.0007662096,5.1752e-05,-7.73936e-05
0.0012385647,-0.0003128891,-2.42946e-05
0.0010200852,-0.0001675213,0.0004358965
0.0009126763,0.0005171732,-0.0001591782
0.0009541752,0.0009984749,8.6634e-06
0.0011921836,0.0001891795,0.0008258993
0.0011561772,-0.0007880829,-0.00047411
0.0009193893,2.48773e-05,-0.0005571153
0.0010908774,0.0008298972,0.0010535535
0.0012074405,0.000616121,-1.3919e-05
0.0014314126,-0.0004246634,-0.0003416678
0.0010939288,-0.0004985689,0.0003358019
0.0008382224,0.0004646453,7.15277e-05
0.0015052562,0.0003864643,0.0003473982
0.0011488539,-9.72805e-05,0.0001942046
0.0010585327,0.0005183948,-0.0004142974
0.0012702992,0.0007364464,0.0002894165
0.0010640252,0.000208114,0.0004243001
0.0012324619,-0.0002475346,-0.0005809183
0.0014088323,0.0003608112,0.0001185233
0.0008363915,0.0008561611,0.0004835024
0.0011043036,0.0008140166,-0.0004191801
0.0015900849,-0.000362363,0.0005829867
0.0008803315,-0.0004209987,-0.0001616195
0.0008839932,0.0004463217,-0.0005192747
0.0012965411,0.0008689877,0.0008692329
0.0013227831,-0.0001204905,0.0003486188
0.0010444963,2.06017e-05,-0.0012455709
0.0013179009,0.0004084528,0.0009821445
0.0010414449,0.0006863617,0.0002985715
0.0015235646,5.60275e-05,-0.0005333123
0.0015382112,5.1752e-05,0.000656837
0.0010573122,0.0006533791,3.97904e-05
0.0013801492,0.0010100799,-0.0004124664
0.0016358557,0.0001250467,0.0011078731
0.0013606203,0.0001097769,-0.0003514331
0.0015406523,0.0006313907,-0.0004435934
0.0012202564,0.0009850376,0.0010981078
0.0014497209,0.0005196163,-0.0003642501
0.0018348063,6.51893e-05,-0.0002965031
0.0012275797,0.0003779133,0.000709936
0.001179978,0.0007822556,-0.0002702588
0.0016889499,0.0005281674,6.96967e-05
0.001419207,-2.21535e-05,0.0006977293
0.0011744855,0.0001867363,-0.0006437826
0.001298372,0.0009966426,0.000116082
0.0014057809,0.0002704144,0.0011585307
0.0012336825,3.15959e-05,-0.001174162
0.0014954918,0.0005238919,0.0002289936
0.0009438005,0.0010229065,0.0009919098
0.0015852026,0.0005623716,-0.0005333123
0.0014515517,-1.84888e-05,5.0014e-06
0.0011628903,0.000306451,0.0010089992
0.0015388215,0.0007303386,-0.0007017642
0.0013026439,0.0005507666,0.0006775883
0.0014173762,0.0002478152,0.0008789982
0.0018659305,-0.0001259876,-0.0009910621
0.0010103208,0.0005043466,0.0006250997
0.0012812842,0.0011627772,0.0009101252
0.0024560693,0.0003785241,-0.0003801188
0.0008864343,7.43512e-05,0.000117913
0.0013929651,0.0008488316,0.000720922
0.002220502,0.0005916895,-0.0001732159
0.0008040468,-8.7161e-06,0.0004102625
0.0017774402,0.0005831384,0.0001459883
0.0020654914,0.0008250108,4.4673e-05
0.0006447642,0.000369973,0.000653175
0.0019879861,-1.36024e-05,-5.9846e-06
0.0020471831,-5.819e-05,0.0001227956
0.0005843467,0.0003766917,0.0007331286
0.0019074294,0.0009795405,-0.0001610092
0.0019782217,0.0005996297,0.0007947723
0.0009352566,-0.0001461437,0.0007178703
0.001805513,-7.65137e-05,-0.000481434
0.0014655881,0.0007395004,0.0008185753
0.0010341216,0.0007981361,0.0008820499
0.0022632215,0.0001610832,-0.0001829812
0.001401509,0.0001928442,0.0005988554
0.001054871,0.0003950154,0.0007587626
0.0019916478,0.0001244359,-0.0002220425
0.0015919157,5.11412e-05,0.0008503126
0.0013685539,0.0004524296,0.0002277729
0.0016608771,0.0008011901,-0.0001048586
0.0014326331,0.0004310519,0.0010584361
0.0018439605,-0.0003922916,0.0001850496
0.0017249563,-0.0001840126,-0.0001811502
0.0012428367,0.0006533791,0.001250691
0.0019178041,0.0008921976,0.0002338762
0.0018476222,0.0001592508,0.00014904
0.0014533826,1.81586e-05,0.0009253835
0.0020062944,-5.69685e-05,0.0002497449
0.0014387359,0.0004695317,1.04944e-05
0.0016389071,0.0005996297,0.0010169335
0.002180834,0.000326607,0.0003614358
0.0015290571,1.99909e-05,0.0002570689
0.001434464,0.0001122201,0.000706274
0.0021027184,-8.93403e-05,0.0004572581
0.00136001,8.47346e-05,0.0002637826
0.0015858129,0.0005318321,0.00064402
0.0019178041,0.0005721442,0.0004560375
0.0012513806,5.48059e-05,0.0002149559
0.001746316,-0.0002676907,0.0005121881
0.0018250419,-2.15427e-05,0.0003126092
0.0011769266,0.0005800845,0.0002045803
0.0017939177,0.0008836466,0.0005195121
0.00197456,0.000106723,0.0005256154
0.001370995,-0.0003415961,5.9321e-05
0.0017225152,-0.0001809586,0.0004212485
0.0016468407,0.0004170038,0.0004987608
0.0015382112,0.0004127283,0.0003412949
0.0021198062,0.0002246053,0.0003846285
0.0016205988,0.0001464243,0.0004322345
0.0014881684,0.0002972892,0.0004639718
0.0023980929,-0.0001143826,0.0006373064
0.0016523332,7.1644e-06,0.0004450515
0.0016437893,0.0011261298,0.0001118096
0.0023889388,0.0006576547,0.0012970763
0.0016169371,-4.41419e-05,0.0003290882
0.0020935642,-0.0003568659,7.7631e-05
0.0017719477,0.0004322735,0.0003742528
0.0014692498,0.0011096385,0.000752049
0.0022174506,0.0006100131,2.39217e-05
0.0019239069,-0.0003318235,0.0004346758
0.0011995069,-5.08606e-05,-8.04452e-05
0.0019641853,0.0005354969,0.0001667396
0.0016645388,0.0002203297,0.0009797032
0.0015479757,-6.67411e-05,-0.0001506335
0.001970288,0.0005556529,-2.24636e-05
0.0014338537,0.0004866337,0.0012146814
0.0017896458,-0.0002988409,0.0001984769
0.0021466584,-0.0002566965,-0.0003447194
0.0013331578,0.0009593844,0.0010572155
0.0018573866,0.001339906,0.0004218588
0.0022119581,0.0002221621,0.0001826083
0.0017316693,-0.0004338253,0.0009308765
0.0017749991,0.0001274898,-0.0002067842
0.0019117014,0.0010711588,0.0004969298
0.0017780505,0.0009251802,0.0012226157
0.0023187568,-4.4406e-06,-6.27456e-05
0.0018189391,-4.16987e-05,0.0001209646
0.0015430934,0.0005984081,0.0008722846
0.0023474399,0.0004872445,0.0002314349
0.0019507592,0.0002490368,0.0003309192
0.0019989711,0.0004658669,0.0007331286
0.0019165836,0.0007938606,4.89453e-05
0.001750588,0.0003009539,0.000684302
0.0020654914,-4.53635e-05,0.0003834078
0.0020459625,0.0004066204,-0.0001079102
0.001511359,0.0012311855,0.0005720007
0.0020960053,0.0008537179,0.0008118616
0.0020246028,5.96922e-05,-0.0001677229
0.0016187679,4.74765e-05,0.0003388535
0.0017786608,0.0006906373,0.0008851016
0.0020020225,0.0008048548,0.0003113885
0.0015260057,9.26748e-05,0.0006104517
0.0018879005,6.09138e-05,0.0004883851
0.0019812731,7.55727e-05,0.0006006864
0.0014204276,0.0005471019,0.0004841128
0.0021161445,0.0004609806,0.0010852908
0.0018702025,0.0003821888,-0.0001048586
0.0017621832,0.0004182254,0.0006977293
0.0017444852,0.0007266738,0.0003803562
0.0020899025,0.0006814754,0.0005720007
0.0018500633,0.0002148326,0.0003083369
0.0019544208,0.0006442173,0.0002869752
0.001948318,0.000972211,0.0005671181
0.0019574722,0.0004878553,0.000693457
0.0020239925,-1.23809e-05,0.0003376329
0.0018744744,0.000404788,-1.7123e-06
0.0019770011,0.0004811366,0.0012403154
0.0018952239,0.0005733658,0.0002839236
0.0021869367,0.0003650867,0.0003388535
0.0016779649,0.0002252161,0.0007160393
0.0020056842,0.0005135085,0.0004889954
0.0020459625,0.0005764197,0.000603738
0.0015894746,0.0005819168,0.0007148186
0.0021387248,0.0001439811,0.0005854281
0.001860438,0.0007627104,8.92273e-05
0.0016834574,0.0010161878,0.0012665597
0.0019055986,0.0004725856,0.0003846285
0.0018903416,8.83993e-05,0.0001478193
0.0016437893,0.0003779133,0.0006452407
0.0016523332,0.0004615914,0.0005768834
0.0018952239,0.0005232811,0.0004462721
0.0019464872,4.68657e-05,0.000693457
0.0015272262,0.0001433703,0.0004096521
0.00195259,0.0004676993,0.0005237844
0.0018555558,0.000349817,0.0009375902
0.0017139713,0.0003705838,0.0003321399
0.0021338426,0.0001329869,0.0006141137
0.001893393,0.0006686489,0.0003760838
0.0016505024,0.0007792017,0.0008051479
0.0022510159,0.0004866337,0.0005359911
0.0020038533,0.0001464243,0.0005030331
0.0017011554,0.0005971866,0.0004157555
0.0021503201,0.0009050242,0.0008088099
0.0020978361,0.0004304412,0.0006800297
0.0018201597,0.0001696343,0.0001441573
0.0021497098,0.0003809672,0.0008161339
0.0018561661,0.0004231117,0.0005897004
0.0017231255,0.0001879579,0.0003980558
0.0020874614,0.0004151714,0.0005390427
0.0020197206,0.0002814086,0.0009583415
0.001533329,0.0004811366,3.67387e-05
0.0019599133,0.0003968478,0.0008692329
0.0021069903,0.0002624742,0.0007178703
0.001496102,0.0001775745,7.09173e-05
0.0018915622,0.0008683769,0.0005860384
0.0021265192,0.0005361077,0.0011158074
0.0016303632,0.0003259962,-0.0001585679
0.0019867656,0.0003363796,0.0006653817
0.0022143992,0.0003821888,0.0012622874
0.0015589607,0.0002624742,5.62693e-05
0.0018042924,0.0005648147,5.99313e-05
0.0024963477,0.00018185,0.0017975494
0.0015961876,0.0002227729,-0.0003508228
0.0021527612,0.000286295,0.0005585734
0.0019611339,0.0006032944,0.0010724738
0.0021149239,0.0004420461,0.0003303089
0.0021112623,0.0007541593,-5.29803e-05
0.0020783073,0.0003742486,0.001281818
0.0018409091,0.0005367184,-0.0001378166
0.0022772579,0.0004347167,0.0004261311
0.0017737785,0.000486023,0.0009052425
0.0021381145,0.0005831384,8.6634e-06
0.0020661017,0.0006753675,0.000653175
0.0017847635,8.90101e-05,0.0011872164
0.0020892923,9.08425e-05,-0.0004753307
0.0020331467,0.0004359383,0.000706274
0.0016382968,0.0007883635,0.001342241
0.0022613907,0.0003021755,-0.0003422781
0.0016834574,0.000118328,0.0007215323
0.0016328043,0.0004298304,0.0012073574
0.0021729003,0.0004218901,-0.000466786
0.0014100528,0.0005593176,0.0009461349
0.0019068191,0.0007401112,0.0010236471
0.0022504056,0.0002013953,-0.0003026065
0.0011018625,0.0004896877,0.0006904053
0.0021912087,0.0005318321,0.0011420517
0.0023260801,3.7093e-05,1.96494e-05
0.0009926227,0.0004799151,0.0006208274
0.0022882429,0.0006246721,0.0008570262
0.0020813586,0.0002441505,0.0004639718
0.0011604491,0.0002032276,0.0004401688
0.0024432535,0.0003656975,0.0004743474
0.0017853738,0.0007645427,0.0004609201
0.0013746567,0.0006600978,0.0005567424
0.0024200629,0.0005501558,0.0001661293
0.0017060377,0.0005422155,0.0005817661
0.00133804,0.0007077394,0.0003809665
0.0024774291,0.0004237225,0.0005860384
0.0013856417,0.0002453721,0.0002735479
0.0013978473,0.0003681407,0.0004462721
0.0022394206,0.0004805259,0.0007880586
0.0014954918,0.0001794069,0.0005292774
0.0013728259,0.0002355995,0.0004395585
0.0021905984,0.0004432677,0.0007654763
0.001254432,0.0002838518,0.0005903107
0.0011415305,0.000526335,0.0003406845
0.0022107376,0.0005617608,0.0008417679
0.0012782328,0.0003821888,0.0003333605
0.0012812842,0.0006112347,0.0003589945
0.0021234678,0.0005477126,0.000739232
0.0010847747,0.0002203297,0.0003553325
0.0012159844,0.000639331,9.411e-05
0.0021619153,0.0003760809,0.0009235525
0.0010646355,0.0001891795,0.0003669288
0.0014222584,0.0002349887,-4.916e-07
0.002180834,0.0003168344,0.0009906892
0.0010322908,0.0002099463,0.0004224691
0.0014155453,0.0004102851,-3.46703e-05
0.0021210267,0.0003797457,0.0009394212
0.0011091858,0.0001372624,0.0004859438
0.0015266159,0.000549545,-0.0003257991
0.0020593886,0.0004170038,0.0013947296
0.0010121516,0.0007443867,-1.81913e-05
0.001761573,0.000650936,0.0001478193
0.0018006308,0.0003687515,0.0013031797
0.0010664663,0.0003174452,1.04944e-05
0.0015296673,0.0004011233,3.06354e-05
0.0016340249,0.0004976279,0.0015186272
0.0013185111,0.0001109985,0.0001978666
0.001386252,0.0001244359,-0.0001787089
0.0013728259,0.0003186668,0.0014508802
0.0011342072,0.0003864643,-0.0001872535
0.0015345496,0.0001977305,0.0003272572
0.001397237,3.52607e-05,0.0010358538
0.0010298496,0.0002972892,-0.0002311975
0.0013459737,0.0006423849,0.0001862703
0.001434464,0.0001354301,0.0013690956
0.0012641964,0.0003082834,-0.0006309656
0.0012159844,0.0005580961,0.0003290882
0.0013899137,0.0007193444,0.00123055
0.0012855561,0.0002130003,-0.000516223
0.0012617553,0.0002685821,0.0001716223
0.0012788431,0.0006448281,0.0008313923
0.0012794534,0.0006600978,-0.0002488972
0.0013288859,0.0001940658,0.0004169761
0.0014887787,-0.0003703032,0.0008478712
0.0011647211,5.1752e-05,-0.00049242
0.0012001172,0.0005367184,0.0008851016
0.0016743032,0.0001397056,0.0011774511
0.001217205,3.77038e-05,-0.0006401206
0.0012190358,0.000616121,0.0004822818
0.0014240892,0.0006649841,0.0012549634
0.0012056097,0.0002087247,-0.0007103089
0.0012641964,0.0001091661,0.0002320452
0.001217205,0.0007169012,0.0009467452
0.0011177297,0.0008793711,-0.0005119507
0.0013130186,0.0001604724,0.0005970244
0.0012123228,-0.0002640259,0.0006507337
0.0009346463,4.8698e-05,-0.0008281032
0.0009486827,0.0005672579,0.0005152398
0.0012025583,0.0003009539,0.0008381059
